1000 2000
625 626
62 63
233 234
63 64
845 846
442 443
163 164
275 276
1 2
42 43
199 200
470 471
950 951
701 702
402 403
140 141
15 16
674 675
130 131
624 625
832 833
247 248
864 865
979 980
375 376
872 873
653 654
540 541
145 146
141 142
344 345
289 290
201 202
228 229
762 763
707 708
737 738
582 583
699 700
442 443
159 160
989 990
961 962
601 602
230 231
457 458
356 357
411 412
704 705
451 452
455 456
758 759
306 307
468 469
470 471
991 992
684 685
476 477
871 872
742 743
293 294
372 373
203 204
307 308
96 97
962 963
130 131
291 292
14 15
655 656
478 479
428 429
720 721
852 853
293 294
954 955
953 954
677 678
490 491
685 686
99 100
313 314
328 329
865 866
615 616
207 208
372 373
525 526
770 771
135 136
670 671
92 93
523 524
321 322
981 982
52 53
906 907
69 70
160 161
48 49
864 865
304 305
29 30
136 137
816 817
190 191
773 774
206 207
562 563
146 147
943 944
831 832
71 72
757 758
317 318
273 274
210 211
311 312
473 474
887 888
32 33
429 430
34 35
710 711
555 556
22 23
599 600
182 183
187 188
176 177
942 943
597 598
859 860
316 317
119 120
717 718
367 368
422 423
981 982
140 141
321 322
925 926
197 198
324 325
929 930
176 177
804 805
24 25
165 166
867 868
861 862
768 769
231 232
861 862
303 304
461 462
732 733
863 864
587 588
472 473
562 563
998 999
788 789
601 602
350 351
988 989
401 402
457 458
985 986
736 737
307 308
556 557
64 65
787 788
964 965
296 297
385 386
638 639
789 790
354 355
50 51
701 702
615 616
10 11
680 681
968 969
71 72
424 425
12 13
596 597
705 706
577 578
459 460
154 155
951 952
826 827
840 841
798 799
717 718
158 159
32 33
776 777
614 615
637 638
15 16
205 206
717 718
444 445
446 447
635 636
238 239
739 740
684 685
839 840
599 600
588 589
684 685
728 729
97 98
357 358
655 656
966 967
666 667
57 58
516 517
581 582
748 749
533 534
204 205
702 703
559 560
116 117
200 201
350 351
894 895
403 404
184 185
251 252
618 619
744 745
876 877
593 594
779 780
843 844
598 599
460 461
404 405
872 873
649 650
406 407
773 774
557 558
619 620
15 16
941 942
778 779
125 126
163 164
713 714
982 983
9 10
205 206
755 756
168 169
594 595
696 697
965 966
267 268
643 644
257 258
662 663
282 283
581 582
88 89
624 625
181 182
245 246
560 561
495 496
536 537
167 168
650 651
115 116
172 173
416 417
765 766
162 163
723 724
795 796
869 870
741 742
955 956
998 999
310 311
654 655
544 545
583 584
329 330
672 673
62 63
159 160
176 177
567 568
678 679
700 701
823 824
811 812
191 192
12 13
873 874
920 921
250 251
78 79
620 621
981 982
413 414
367 368
379 380
491 492
994 995
154 155
895 896
897 898
734 735
14 15
198 199
56 57
483 484
142 143
84 85
660 661
494 495
562 563
385 386
366 367
698 699
167 168
857 858
163 164
315 316
595 596
964 965
44 45
334 335
175 176
560 561
431 432
522 523
721 722
340 341
675 676
694 695
970 971
501 502
72 73
133 134
276 277
157 158
69 70
245 246
250 251
678 679
210 211
668 669
863 864
682 683
443 444
705 706
890 891
600 601
773 774
345 346
502 503
990 991
836 837
40 41
23 24
581 582
60 61
401 402
909 910
962 963
626 627
424 425
477 478
593 594
50 51
10 11
334 335
487 488
575 576
870 871
841 842
499 500
414 415
300 301
235 236
869 870
213 214
640 641
729 730
165 166
742 743
61 62
248 249
600 601
757 758
698 699
583 584
246 247
827 828
203 204
804 805
879 880
713 714
847 848
19 20
298 299
173 174
802 803
510 511
577 578
117 118
812 813
520 521
48 49
57 58
721 722
392 393
929 930
18 19
150 151
445 446
812 813
869 870
9 10
887 888
392 393
906 907
532 533
939 940
847 848
221 222
203 204
275 276
857 858
593 594
276 277
682 683
161 162
987 988
167 168
464 465
133 134
420 421
564 565
131 132
931 932
821 822
123 124
806 807
926 927
765 766
609 610
720 721
872 873
97 98
27 28
550 551
65 66
259 260
517 518
946 947
185 186
948 949
902 903
204 205
378 379
921 922
628 629
436 437
929 930
92 93
692 693
337 338
38 39
116 117
158 159
535 536
53 54
65 66
710 711
333 334
65 66
28 29
279 280
548 549
291 292
830 831
997 998
119 120
959 960
48 49
814 815
344 345
426 427
766 767
162 163
96 97
6 7
28 29
625 626
589 590
879 880
823 824
784 785
447 448
77 78
469 470
457 458
929 930
913 914
647 648
524 525
963 964
196 197
676 677
971 972
300 301
513 514
357 358
242 243
775 776
47 48
284 285
673 674
358 359
584 585
486 487
933 934
782 783
527 528
36 37
548 549
335 336
189 190
411 412
759 760
595 596
748 749
969 970
942 943
535 536
918 919
26 27
738 739
445 446
270 271
387 388
20 21
785 786
268 269
900 901
752 753
996 997
893 894
66 67
803 804
621 622
946 947
587 588
932 933
442 443
918 919
770 771
361 362
830 831
605 606
699 700
68 69
621 622
518 519
716 717
153 154
501 502
642 643
497 498
299 300
590 591
674 675
107 108
965 966
385 386
633 634
392 393
84 85
4 5
223 224
506 507
212 213
932 933
755 756
55 56
30 31
98 99
978 979
784 785
398 399
241 242
464 465
834 835
109 110
178 179
993 994
876 877
943 944
188 189
418 419
90 91
745 746
915 916
492 493
34 35
108 109
501 502
483 484
804 805
590 591
314 315
224 225
623 624
473 474
134 135
814 815
90 91
861 862
447 448
790 791
216 217
267 268
823 824
991 992
864 865
653 654
977 978
544 545
709 710
380 381
953 954
490 491
677 678
864 865
367 368
679 680
907 908
69 70
387 388
195 196
284 285
574 575
682 683
829 830
755 756
802 803
32 33
655 656
494 495
10 11
65 66
83 84
307 308
738 739
500 501
133 134
117 118
572 573
345 346
717 718
109 110
513 514
754 755
598 599
26 27
705 706
148 149
501 502
174 175
973 974
4 5
466 467
433 434
576 577
659 660
676 677
435 436
473 474
792 793
867 868
166 167
476 477
686 687
199 200
752 753
150 151
477 478
977 978
485 486
234 235
217 218
329 330
911 912
583 584
247 248
563 564
951 952
380 381
791 792
588 589
152 153
592 593
821 822
448 449
209 210
337 338
610 611
978 979
570 571
760 761
576 577
390 391
41 42
998 999
998 999
881 882
199 200
973 974
432 433
694 695
259 260
858 859
47 48
763 764
415 416
719 720
679 680
665 666
736 737
503 504
132 133
555 556
996 997
781 782
161 162
597 598
408 409
478 479
824 825
465 466
634 635
983 984
259 260
141 142
875 876
288 289
693 694
173 174
690 691
960 961
917 918
653 654
528 529
503 504
285 286
541 542
710 711
13 14
630 631
312 313
308 309
980 981
680 681
238 239
457 458
538 539
797 798
773 774
564 565
964 965
669 670
275 276
191 192
739 740
476 477
585 586
432 433
525 526
440 441
879 880
524 525
932 933
290 291
866 867
462 463
475 476
391 392
677 678
820 821
451 452
431 432
626 627
668 669
990 991
17 18
694 695
755 756
779 780
194 195
945 946
127 128
61 62
782 783
633 634
398 399
465 466
756 757
332 333
961 962
936 937
488 489
848 849
84 85
469 470
138 139
299 300
837 838
366 367
908 909
763 764
52 53
554 555
809 810
738 739
194 195
622 623
54 55
241 242
882 883
440 441
457 458
768 769
108 109
920 921
195 196
596 597
413 414
369 370
139 140
658 659
161 162
355 356
699 700
120 121
990 991
687 688
223 224
957 958
806 807
264 265
625 626
433 434
533 534
572 573
279 280
194 195
201 202
856 857
409 410
251 252
668 669
82 83
266 267
72 73
590 591
537 538
908 909
444 445
829 830
731 732
563 564
460 461
433 434
332 333
439 440
905 906
437 438
300 301
689 690
462 463
514 515
281 282
993 994
943 944
125 126
108 109
171 172
747 748
783 784
218 219
208 209
47 48
82 83
322 323
748 749
342 343
675 676
856 857
768 769
728 729
948 949
806 807
452 453
761 762
532 533
661 662
930 931
706 707
559 560
29 30
854 855
292 293
952 953
682 683
220 221
765 766
852 853
342 343
389 390
707 708
361 362
874 875
779 780
733 734
825 826
245 246
177 178
785 786
566 567
399 400
863 864
37 38
370 371
300 301
906 907
852 853
120 121
971 972
173 174
319 320
376 377
376 377
653 654
490 491
153 154
879 880
941 942
999 1000
928 929
245 246
376 377
469 470
776 777
646 647
536 537
968 969
818 819
864 865
752 753
117 118
473 474
818 819
258 259
987 988
242 243
101 102
679 680
63 64
564 565
666 667
286 287
688 689
572 573
231 232
472 473
97 98
217 218
248 249
377 378
167 168
772 773
944 945
891 892
562 563
79 80
168 169
47 48
800 801
540 541
61 62
863 864
95 96
354 355
457 458
21 22
760 761
261 262
832 833
920 921
281 282
635 636
486 487
96 97
598 599
913 914
152 153
385 386
352 353
350 351
273 274
210 211
963 964
662 663
658 659
938 939
11 12
321 322
23 24
246 247
26 27
101 102
452 453
101 102
234 235
444 445
834 835
119 120
265 266
817 818
512 513
443 444
311 312
48 49
207 208
20 21
318 319
36 37
834 835
719 720
68 69
568 569
228 229
649 650
434 435
513 514
74 75
873 874
394 395
376 377
211 212
681 682
633 634
411 412
420 421
638 639
354 355
876 877
438 439
18 19
34 35
402 403
782 783
849 850
573 574
569 570
188 189
2 3
602 603
945 946
135 136
969 970
391 392
787 788
160 161
987 988
309 310
68 69
727 728
848 849
331 332
181 182
603 604
335 336
352 353
890 891
131 132
758 759
351 352
31 32
499 500
179 180
227 228
675 676
816 817
354 355
676 677
967 968
712 713
622 623
454 455
581 582
929 930
656 657
726 727
834 835
442 443
862 863
39 40
687 688
612 613
508 509
180 181
622 623
703 704
151 152
875 876
497 498
788 789
120 121
508 509
982 983
662 663
244 245
284 285
939 940
617 618
180 181
924 925
11 12
343 344
919 920
627 628
513 514
745 746
839 840
957 958
734 735
680 681
352 353
315 316
936 937
657 658
2 3
44 45
536 537
358 359
511 512
85 86
548 549
530 531
964 965
118 119
402 403
915 916
948 949
484 485
890 891
136 137
22 23
346 347
804 805
516 517
497 498
225 226
277 278
195 196
322 323
194 195
37 38
96 97
56 57
322 323
233 234
136 137
639 640
665 666
163 164
170 171
161 162
948 949
209 210
685 686
464 465
378 379
8 9
623 624
90 91
439 440
652 653
685 686
705 706
402 403
571 572
279 280
192 193
322 323
275 276
458 459
268 269
628 629
463 464
483 484
640 641
877 878
547 548
97 98
684 685
839 840
774 775
117 118
602 603
243 244
662 663
863 864
137 138
87 88
472 473
561 562
507 508
766 767
71 72
99 100
589 590
364 365
981 982
698 699
858 859
311 312
14 15
750 751
414 415
770 771
156 157
186 187
584 585
942 943
332 333
361 362
508 509
554 555
468 469
220 221
194 195
905 906
120 121
933 934
11 12
600 601
927 928
139 140
428 429
263 264
349 350
186 187
524 525
69 70
366 367
728 729
316 317
317 318
6 7
940 941
821 822
204 205
573 574
557 558
210 211
526 527
244 245
555 556
713 714
436 437
39 40
742 743
124 125
246 247
725 726
939 940
936 937
487 488
450 451
885 886
925 926
711 712
116 117
659 660
575 576
169 170
641 642
798 799
684 685
347 348
532 533
105 106
845 846
583 584
845 846
759 760
912 913
373 374
669 670
489 490
67 68
958 959
947 948
909 910
868 869
331 332
903 904
698 699
674 675
465 466
644 645
724 725
173 174
942 943
978 979
55 56
234 235
279 280
188 189
255 256
686 687
966 967
611 612
585 586
327 328
117 118
365 366
852 853
950 951
152 153
782 783
285 286
954 955
61 62
27 28
955 956
187 188
89 90
978 979
819 820
506 507
527 528
99 100
68 69
639 640
803 804
644 645
228 229
340 341
529 530
158 159
129 130
294 295
521 522
983 984
211 212
642 643
746 747
67 68
332 333
301 302
726 727
537 538
721 722
541 542
331 332
274 275
304 305
888 889
708 709
636 637
789 790
715 716
723 724
238 239
314 315
591 592
446 447
368 369
731 732
552 553
395 396
943 944
804 805
88 89
918 919
383 384
856 857
454 455
10 11
480 481
18 19
901 902
818 819
224 225
364 365
246 247
425 426
714 715
254 255
792 793
948 949
20 21
464 465
709 710
795 796
281 282
908 909
382 383
167 168
730 731
587 588
642 643
153 154
242 243
988 989
900 901
678 679
152 153
696 697
165 166
729 730
102 103
610 611
324 325
474 475
796 797
14 15
483 484
477 478
866 867
227 228
417 418
288 289
157 158
552 553
930 931
521 522
382 383
156 157
89 90
548 549
556 557
733 734
7 8
800 801
149 150
766 767
943 944
761 762
209 210
182 183
462 463
777 778
399 400
36 37
231 232
578 579
171 172
281 282
32 33
817 818
215 216
670 671
346 347
223 224
131 132
859 860
315 316
66 67
314 315
999 1000
65 66
675 676
355 356
391 392
546 547
883 884
648 649
267 268
1 2
459 460
864 865
534 535
889 890
556 557
443 444
411 412
803 804
482 483
101 102
11 12
898 899
858 859
364 365
239 240
745 746
262 263
433 434
176 177
545 546
700 701
198 199
92 93
357 358
496 497
608 609
948 949
751 752
957 958
531 532
845 846
668 669
479 480
207 208
714 715
161 162
64 65
474 475
17 18
102 103
320 321
990 991
9 10
82 83
172 173
550 551
477 478
299 300
833 834
868 869
236 237
572 573
708 709
964 965
863 864
759 760
878 879
614 615
696 697
430 431
673 674
857 858
311 312
46 47
844 845
798 799
501 502
329 330
860 861
458 459
838 839
545 546
442 443
239 240
410 411
718 719
208 209
915 916
54 55
233 234
512 513
543 544
932 933
769 770
461 462
933 934
183 184
44 45
128 129
881 882
338 339
33 34
360 361
650 651
822 823
333 334
523 524
741 742
761 762
154 155
747 748
122 123
566 567
77 78
524 525
723 724
998 999
131 132
853 854
322 323
408 409
491 492
211 212
656 657
69 70
638 639
498 499
886 887
475 476
297 298
289 290
9 10
147 148
36 37
996 997
686 687
3 4
656 657
886 887
524 525
621 622
488 489
100 101
838 839
713 714
924 925
108 109
690 691
49 50
103 104
713 714
207 208
839 840
970 971
45 46
618 619
141 142
399 400
367 368
609 610
192 193
548 549
778 779
297 298
934 935
426 427
820 821
187 188
210 211
445 446
525 526
654 655
514 515
48 49
687 688
150 151
890 891
244 245
790 791
423 424
610 611
192 193
561 562
51 52
577 578
867 868
196 197
472 473
102 103
27 28
573 574
177 178
606 607
666 667
956 957
730 731
464 465
756 757
825 826
991 992
951 952
665 666
69 70
644 645
442 443
864 865
917 918
491 492
194 195
715 716
830 831
368 369
994 995
273 274
593 594
59 60
80 81
473 474
694 695
969 970
202 203
181 182
486 487
481 482
208 209
479 480
927 928
256 257
814 815
550 551
270 271
66 67
349 350
979 980
731 732
561 562
630 631
990 991
149 150
594 595
151 152
925 926
81 82
913 914
938 939
793 794
842 843
341 342
851 852
69 70
376 377
741 742
116 117
756 757
558 559
302 303
556 557
736 737
733 734
20 21
952 953
87 88
936 937
416 417
496 497
222 223
852 853
789 790
358 359
610 611
630 631
509 510
128 129
656 657
671 672
272 273
110 111
305 306
597 598
238 239
644 645
623 624
570 571
927 928
4 5
979 980
419 420
354 355
750 751
890 891
251 252
737 738
756 757
53 54
996 997
950 951
351 352
869 870
685 686
257 258
509 510
984 985
30 31
681 682
847 848
64 65
952 953
781 782
48 49
95 96
55 56
732 733
298 299
667 668
765 766
916 917
95 96
814 815
261 262
354 355
332 333
986 987
759 760
38 39
238 239
101 102
459 460
143 144
276 277
246 247
883 884
71 72
299 300
841 842
49 50
598 599
215 216
467 468
930 931
881 882
203 204
477 478
105 106
248 249
577 578
263 264
417 418
532 533
151 152
637 638
194 195
191 192
115 116
449 450
638 639
294 295
481 482
461 462
843 844
462 463
380 381
13 14
589 590
586 587
104 105
157 158
569 570
883 884
563 564
424 425
355 356
403 404
930 931
545 546
215 216
748 749
424 425
788 789
117 118
102 103
566 567
927 928
346 347
168 169
277 278
710 711
344 345
280 281
111 112
626 627
439 440
20 21
254 255
478 479
581 582
424 425
914 915
885 886
735 736
210 211
56 57
793 794
11 12
972 973
837 838
252 253
362 363
503 504
950 951
537 538
854 855
703 704
785 786
810 811
373 374
104 105
991 992
394 395
624 625
346 347
55 56
212 213
267 268
795 796
557 558
343 344
336 337
976 977
623 624
422 423
347 348
953 954
585 586
274 275
110 111
49 50
83 84
162 163
564 565
799 800
862 863
760 761
634 635
943 944
460 461
900 901
859 860
847 848
860 861
117 118
947 948
903 904
906 907
164 165
134 135
528 529
131 132
522 523
234 235
936 937
826 827
506 507
117 118
907 908
591 592
667 668
797 798
816 817
739 740
804 805
800 801
198 199
976 977
23 24
63 64
808 809
329 330
277 278
216 217
940 941
90 91
740 741
268 269
375 376
801 802
456 457
960 961
440 441
795 796
528 529
406 407
660 661
343 344
492 493
926 927
225 226
104 105
859 860
644 645
364 365
251 252
106 107
526 527
482 483
136 137
693 694
978 979
315 316
6 7
