100 200
98 99
96 97
56 57
96 97
31 32
83 84
12 13
29 30
52 53
48 49
36 37
96 97
10 11
48 49
72 73
56 57
50 51
75 76
67 68
15 16
80 81
27 28
17 18
14 15
48 49
84 85
78 79
76 77
1 2
72 73
91 92
11 12
30 31
6 7
75 76
3 4
64 65
92 93
8 9
84 85
53 54
38 39
22 23
44 45
33 34
31 32
54 55
15 16
62 63
4 5
21 22
20 21
35 36
68 69
8 9
81 82
42 43
6 7
19 20
4 5
18 19
49 50
25 26
4 5
83 84
45 46
65 66
22 23
2 3
93 94
5 6
45 46
17 18
8 9
65 66
34 35
2 3
56 57
99 100
87 88
42 43
11 12
17 18
10 11
38 39
12 13
45 46
21 22
48 49
2 3
85 86
8 9
45 46
73 74
9 10
76 77
37 38
23 24
82 83
10 11
89 90
96 97
94 95
86 87
41 42
64 65
65 66
51 52
51 52
78 79
54 55
16 17
41 42
58 59
23 24
44 45
78 79
46 47
37 38
85 86
17 18
23 24
72 73
8 9
18 19
45 46
39 40
90 91
66 67
41 42
82 83
60 61
8 9
59 60
70 71
42 43
81 82
30 31
95 96
16 17
52 53
83 84
8 9
46 47
2 3
87 88
5 6
14 15
10 11
72 73
34 35
60 61
5 6
55 56
26 27
39 40
67 68
65 66
65 66
64 65
29 30
34 35
30 31
82 83
20 21
50 51
10 11
78 79
77 78
78 79
64 65
51 52
68 69
96 97
92 93
41 42
2 3
76 77
93 94
51 52
15 16
22 23
21 22
70 71
23 24
49 50
87 88
39 40
39 40
7 8
27 28
84 85
59 60
43 44
61 62
78 79
63 64
96 97
61 62
44 45
