100 200
13 14
33 34
21 22
30 31
71 72
16 17
70 71
48 49
53 54
48 49
45 46
75 76
23 24
53 54
73 74
50 51
60 61
53 54
37 38
25 26
30 31
57 58
92 93
52 53
13 14
10 11
93 94
77 78
52 53
82 83
32 33
9 10
30 31
68 69
11 12
13 14
7 8
50 51
88 89
73 74
92 93
50 51
51 52
13 14
52 53
68 69
57 58
14 15
81 82
83 84
42 43
41 42
56 57
6 7
52 53
46 47
96 97
53 54
72 73
51 52
52 53
59 60
17 18
8 9
60 61
3 4
62 63
92 93
24 25
54 55
81 82
28 29
51 52
54 55
82 83
48 49
81 82
66 67
80 81
46 47
41 42
17 18
96 97
98 99
80 81
83 84
72 73
88 89
61 62
7 8
69 70
70 71
45 46
58 59
96 97
17 18
45 46
76 77
92 93
34 35
78 79
67 68
35 36
83 84
34 35
29 30
98 99
89 90
62 63
16 17
85 86
35 36
38 39
67 68
21 22
77 78
90 91
33 34
82 83
3 4
67 68
61 62
66 67
35 36
41 42
14 15
16 17
65 66
41 42
52 53
53 54
14 15
79 80
8 9
3 4
94 95
41 42
85 86
48 49
70 71
14 15
12 13
91 92
29 30
32 33
38 39
52 53
14 15
65 66
65 66
75 76
1 2
88 89
73 74
54 55
66 67
94 95
37 38
46 47
99 100
32 33
40 41
65 66
65 66
98 99
51 52
94 95
36 37
67 68
53 54
69 70
40 41
84 85
13 14
96 97
28 29
59 60
2 3
3 4
5 6
64 65
63 64
59 60
21 22
7 8
7 8
31 32
16 17
20 21
9 10
44 45
6 7
46 47
15 16
78 79
40 41
43 44
28 29
17 18
75 76
