100 99
50 51
51 52
49 50
52 53
48 49
53 54
47 48
54 55
46 47
55 56
45 46
56 57
44 45
57 58
43 44
58 59
42 43
59 60
41 42
60 61
40 41
61 62
39 40
62 63
38 39
63 64
37 38
64 65
36 37
65 66
35 36
66 67
34 35
67 68
33 34
68 69
32 33
69 70
31 32
70 71
30 31
71 72
29 30
72 73
28 29
73 74
27 28
74 75
26 27
75 76
25 26
76 77
24 25
77 78
23 24
78 79
22 23
79 80
21 22
80 81
20 21
81 82
19 20
82 83
18 19
83 84
17 18
84 85
16 17
85 86
15 16
86 87
14 15
87 88
13 14
88 89
12 13
89 90
11 12
90 91
10 11
54 55
65 66
86 87
29 30
69 70
84 85
75 76
34 35
46 47
8 9
50 51
27 28
92 93
57 58
95 96
51 52
75 76
93 94
