1000 2000
59 381
40 296
195 271
318 547
204 684
326 549
498 748
328 803
217 340
217 340
710 875
679 934
525 621
32 622
256 578
213 895
194 318
444 878
195 794
220 615
356 592
589 691
62 895
421 543
679 913
149 577
640 944
162 943
268 506
106 197
2 199
352 864
101 360
628 689
566 715
120 595
245 920
144 864
413 681
197 722
203 948
347 693
15 587
895 910
86 236
197 820
4 220
86 236
195 271
800 824
691 762
87 266
329 488
480 586
381 745
312 766
445 558
68 180
167 378
340 507
879 894
168 290
309 705
143 452
300 478
154 381
736 788
102 973
59 84
683 830
73 636
20 779
691 733
142 446
601 983
340 877
834 836
156 641
473 874
146 576
120 595
55 287
849 953
79 606
500 563
724 998
406 579
879 894
252 268
196 934
925 974
585 665
691 767
825 829
218 321
150 975
669 746
157 579
144 591
246 723
183 436
595 643
351 909
216 676
271 536
395 712
23 695
224 785
196 934
599 1000
641 973
138 809
532 915
834 836
279 510
133 923
184 243
189 472
427 986
525 726
879 996
164 416
264 945
37 351
295 629
679 742
409 748
476 681
26 556
106 197
725 830
42 620
733 924
32 963
75 311
617 797
193 459
225 330
687 695
408 846
244 639
610 757
153 623
12 433
691 767
239 383
152 295
231 593
318 993
441 935
253 564
691 733
376 440
69 718
649 934
194 641
600 679
499 870
45 369
360 625
105 855
120 595
207 949
102 849
319 421
734 747
417 509
130 274
149 577
162 943
679 934
268 506
660 993
48 908
125 706
679 742
658 752
700 861
288 380
137 202
458 863
398 804
3 288
320 848
265 965
351 909
391 831
254 837
290 813
440 443
210 559
216 363
520 882
37 671
736 788
145 779
140 410
594 640
834 836
197 722
244 840
478 605
768 821
39 431
895 910
149 451
500 563
111 852
468 790
424 427
351 578
261 404
165 416
147 296
32 663
691 762
21 363
104 363
286 690
319 421
248 251
823 994
264 349
964 980
585 665
628 689
207 949
118 288
128 533
81 135
830 978
71 969
261 357
72 442
205 625
13 811
102 849
2 199
641 887
38 312
300 478
42 620
125 569
182 938
725 830
8 881
41 241
531 722
169 685
337 895
3 430
231 887
83 898
110 688
40 657
318 816
250 524
3 430
565 697
125 569
237 593
512 837
272 640
59 849
628 689
17 288
207 968
43 785
313 792
176 571
581 807
38 124
40 125
294 332
193 459
39 431
288 422
151 760
421 543
412 673
208 372
746 978
204 323
143 452
285 966
40 503
73 280
59 849
286 567
192 244
337 895
565 777
861 887
355 641
739 744
525 621
161 908
186 278
216 363
182 905
565 697
369 603
240 601
54 250
92 600
542 650
269 680
632 848
855 939
713 964
392 581
249 763
290 813
287 761
83 898
423 439
428 641
411 896
37 671
146 576
69 154
136 960
237 593
661 868
653 673
243 891
19 580
424 427
250 316
197 722
410 652
477 837
52 748
102 929
895 973
56 196
169 685
190 318
208 455
105 855
59 84
922 967
187 850
207 340
237 992
74 936
134 481
549 576
333 809
574 907
62 895
97 230
42 306
128 533
566 581
725 830
185 422
585 665
161 908
56 196
319 421
12 433
313 792
610 757
830 974
2 589
285 517
219 250
389 958
787 907
223 269
318 993
105 250
268 506
458 461
669 837
300 912
59 324
871 884
15 232
691 767
319 421
102 602
418 990
236 530
453 777
625 956
143 478
458 843
97 230
425 456
565 777
382 984
58 564
922 967
698 881
458 843
136 845
34 580
550 656
621 827
343 887
472 641
188 581
57 789
400 508
679 913
764 929
203 756
159 486
628 866
233 966
402 947
102 929
474 901
190 318
725 830
396 841
353 937
138 680
179 885
412 423
236 530
111 300
67 363
122 310
312 766
39 431
9 927
371 518
9 167
437 911
830 974
472 641
478 597
159 218
375 411
270 480
320 848
214 591
188 581
248 624
227 290
764 929
256 578
830 974
713 971
336 924
205 625
66 292
138 809
584 647
133 472
25 857
610 757
106 832
2 589
87 613
478 597
1 973
172 545
23 257
656 740
902 938
192 648
230 873
102 602
61 263
262 311
576 957
505 672
478 830
204 449
149 577
175 491
637 720
362 742
237 593
658 752
203 766
82 99
371 770
2 199
410 652
598 750
23 225
162 943
691 762
205 917
191 557
377 758
355 641
332 481
351 909
469 864
122 310
75 311
375 553
44 303
259 973
398 908
610 680
220 242
337 895
241 887
478 849
453 747
562 968
564 717
440 938
340 691
446 482
24 901
50 922
222 875
263 570
312 981
493 596
783 886
76 792
222 875
255 813
589 691
61 263
73 931
32 390
400 508
109 915
601 983
532 865
172 962
207 949
655 945
343 835
127 823
159 678
347 771
661 868
230 873
336 924
906 923
207 968
365 694
32 911
137 770
391 484
273 534
669 837
15 554
529 711
184 755
375 633
396 908
32 298
614 735
176 571
32 622
513 830
11 950
37 434
640 662
270 480
361 951
360 881
658 903
115 612
149 451
220 615
32 390
680 691
409 748
679 913
529 711
483 604
347 693
197 820
87 266
359 364
631 732
111 852
319 421
388 923
333 809
564 717
309 705
818 959
32 622
94 104
532 865
80 84
543 795
565 777
102 602
283 376
585 665
105 855
174 624
312 981
621 827
206 303
133 923
233 966
68 180
140 360
297 919
299 446
699 955
192 648
531 722
227 290
118 288
248 624
159 486
32 390
848 1000
338 848
501 730
513 830
457 973
285 517
906 923
161 908
381 745
360 625
259 973
84 216
427 986
641 973
315 659
133 472
197 722
585 665
408 846
174 624
390 535
501 730
861 887
708 858
86 641
616 694
78 302
32 963
317 653
390 535
382 680
599 1000
182 277
79 680
9 927
176 807
398 405
764 929
153 646
196 719
351 909
11 432
313 792
269 282
493 687
365 694
4 220
625 680
161 908
532 865
398 804
201 676
212 888
478 849
611 795
366 858
12 433
204 435
32 298
312 981
372 409
192 648
247 683
152 564
182 938
724 973
244 840
111 852
182 954
66 489
28 703
156 641
116 495
164 416
239 383
125 569
150 158
1 267
201 676
556 995
448 776
469 864
69 718
289 680
153 623
746 838
23 225
146 576
360 881
940 973
517 972
382 680
532 915
200 638
102 270
333 754
198 548
42 620
468 624
230 873
87 613
106 197
55 808
93 621
257 793
529 887
644 725
823 994
257 793
312 766
259 973
216 966
198 450
510 899
118 631
73 222
549 576
584 647
188 742
162 943
704 821
528 679
58 564
157 579
67 363
736 788
86 274
462 617
217 340
382 680
421 543
59 497
238 263
220 615
526 683
321 933
322 347
74 936
594 640
194 667
606 791
424 726
157 178
103 583
42 620
140 410
252 268
23 290
362 742
362 617
37 351
326 549
93 621
329 386
659 904
411 896
189 472
37 671
198 450
261 404
478 942
606 791
532 865
542 993
448 776
64 830
224 785
895 973
501 680
74 842
362 742
659 996
140 410
351 578
466 566
406 618
89 272
147 296
135 246
537 579
43 785
244 639
412 673
658 752
580 608
69 154
126 279
194 495
5 680
335 461
101 360
75 311
97 852
440 938
223 826
472 641
250 799
126 279
895 973
683 830
9 167
273 534
159 244
421 830
679 934
72 442
478 830
38 658
391 484
387 445
61 263
230 873
548 741
555 563
336 924
43 95
248 251
490 713
80 375
360 625
74 929
98 434
386 806
174 624
198 286
215 706
134 481
172 545
288 422
432 875
375 637
155 661
159 486
333 809
148 865
182 938
336 924
519 849
15 232
331 814
525 726
805 865
259 973
453 976
388 923
510 899
766 926
473 874
37 434
149 848
279 525
73 931
361 541
337 895
93 621
47 71
421 811
690 774
468 624
216 966
855 939
164 416
713 964
165 946
271 583
197 722
553 958
172 545
454 953
628 866
163 569
468 918
261 357
239 674
679 934
105 458
7 907
292 516
24 901
381 702
639 763
200 372
133 869
37 434
216 676
403 592
468 918
250 524
183 436
89 272
278 346
800 864
32 911
428 641
36 398
361 541
250 304
207 968
138 809
595 643
285 966
546 938
517 972
15 232
322 347
342 691
421 830
174 624
431 658
100 600
89 272
93 621
47 71
192 714
361 541
353 937
362 429
513 830
120 595
537 579
478 942
364 641
59 849
375 411
805 865
121 375
491 883
478 830
73 636
664 989
557 796
381 745
313 792
73 636
149 451
399 639
275 830
60 911
398 405
179 609
78 302
250 316
185 422
613 858
212 888
39 431
764 929
75 179
261 357
193 459
103 583
598 750
56 196
511 591
248 624
198 548
72 288
3 812
424 426
525 726
45 369
32 911
4 220
73 284
41 241
414 503
5 680
127 269
309 352
705 860
147 296
261 357
548 741
683 830
38 312
247 683
236 530
294 332
22 901
833 886
402 947
81 135
468 918
712 963
532 915
787 907
555 563
217 340
474 921
432 471
144 591
237 992
487 963
906 923
208 522
440 443
40 296
354 489
264 945
269 282
329 725
658 903
705 860
392 581
614 735
344 407
361 541
122 310
340 751
286 895
248 251
318 696
655 945
288 726
229 455
797 943
713 971
60 911
78 302
683 770
196 719
576 957
61 263
347 664
680 929
639 763
712 963
574 907
182 938
849 953
44 303
669 837
150 158
581 807
214 591
692 852
15 234
641 887
261 357
834 836
154 381
473 874
870 948
100 600
83 626
797 943
69 154
521 654
217 340
460 617
203 351
388 923
152 529
391 484
159 478
564 717
198 286
513 830
321 933
683 770
692 852
300 478
44 139
257 793
581 882
241 887
122 403
24 865
93 621
641 973
386 806
684 788
274 635
76 209
212 888
188 742
318 816
197 722
102 465
861 887
137 770
423 590
12 433
83 231
505 672
725 830
408 846
109 915
448 776
600 679
353 937
253 564
32 911
660 993
500 563
565 777
111 300
50 922
466 566
292 516
343 835
296 560
45 369
285 966
617 797
458 843
288 422
412 997
345 735
11 432
834 836
40 125
879 894
255 813
261 782
23 453
498 748
447 510
621 827
251 729
267 814
520 882
41 129
254 837
598 750
546 938
162 943
311 987
491 883
614 735
15 234
55 808
453 747
641 973
793 982
279 525
539 937
468 624
493 596
572 895
414 503
193 459
705 860
59 963
516 630
34 381
143 452
223 325
59 849
17 288
169 685
25 857
526 683
217 340
43 785
581 716
133 869
359 364
432 875
159 218
107 682
499 870
879 894
264 945
370 656
148 789
319 421
270 480
441 935
137 202
219 250
18 218
553 958
96 372
216 676
621 721
69 718
34 580
195 679
90 798
922 967
104 132
565 697
18 582
369 603
261 404
849 953
356 592
109 915
543 795
151 978
542 650
440 579
427 986
182 938
39 431
231 887
453 747
182 277
415 781
463 640
108 728
453 747
230 873
477 837
183 436
40 657
133 576
421 811
197 722
823 994
423 590
108 728
621 827
504 678
15 680
902 938
66 68
303 819
321 933
243 822
269 282
79 680
453 777
698 881
388 923
83 898
553 958
396 841
15 587
32 911
546 938
216 676
23 105
116 495
250 304
130 274
261 782
184 243
106 197
167 378
393 501
218 321
174 624
371 518
598 758
632 848
68 849
221 929
902 938
691 767
134 481
2 589
453 976
134 581
49 226
72 442
440 938
36 398
205 917
196 934
546 938
308 677
823 994
440 579
78 176
230 873
112 837
50 367
244 639
341 749
343 887
72 288
575 581
833 886
344 407
673 902
381 745
684 788
659 904
725 830
41 241
830 974
433 568
159 678
341 749
352 789
529 711
412 673
286 690
658 903
391 484
647 945
59 963
65 288
102 973
96 372
300 912
310 990
512 837
204 435
155 661
248 251
656 740
423 961
520 882
265 852
15 680
208 372
344 407
565 697
66 292
601 983
700 701
353 937
333 809
265 965
42 306
193 459
148 789
19 580
330 853
469 864
74 815
356 592
147 296
521 654
137 770
128 533
76 209
341 653
415 781
768 821
425 456
278 346
165 946
438 474
185 422
525 726
32 390
377 758
264 349
226 760
818 959
743 793
264 297
175 491
472 641
248 251
288 945
483 604
73 284
46 410
285 851
32 911
66 489
437 911
396 841
191 539
56 196
478 605
581 709
361 951
136 538
84 527
134 581
278 346
691 767
106 197
288 422
361 951
401 861
289 680
88 583
126 279
133 858
314 869
382 643
393 501
80 890
394 735
83 983
77 194
183 436
153 623
257 793
231 593
855 939
167 378
553 958
382 984
384 415
637 720
291 387
195 271
25 857
205 892
581 716
279 510
48 908
37 671
575 581
902 938
539 937
23 485
375 523
263 570
243 822
44 651
351 440
604 874
335 461
467 933
237 593
269 680
733 924
37 671
184 243
245 892
123 742
24 865
504 678
559 683
237 593
250 799
50 922
223 325
448 785
470 680
607 725
11 432
243 769
138 922
765 855
698 881
152 529
75 602
306 863
123 742
236 530
539 753
83 626
251 729
93 621
250 316
659 904
417 780
580 608
23 257
113 304
20 779
75 179
184 755
702 758
580 608
680 691
102 973
286 690
421 830
474 921
18 218
137 202
231 665
157 579
516 630
9 167
460 617
476 681
138 809
254 837
59 497
440 579
360 521
116 495
288 726
536 859
599 1000
194 515
369 625
52 802
679 913
310 990
183 436
261 404
25 857
469 864
483 604
192 648
501 680
105 991
212 888
281 857
391 525
40 125
317 653
382 984
235 590
103 583
286 690
395 712
147 296
369 625
82 158
501 680
261 625
424 726
145 779
641 887
252 268
347 693
159 478
138 922
409 977
823 994
347 771
203 756
52 802
334 939
708 858
48 908
355 641
800 864
184 243
469 864
384 415
87 266
43 785
398 908
32 298
326 549
102 849
412 423
101 360
66 292
658 903
23 453
203 756
679 833
375 553
104 363
480 586
92 600
250 304
175 491
448 785
38 312
211 363
285 517
283 376
870 948
137 770
475 927
292 516
87 266
309 705
458 461
805 865
82 99
118 136
328 940
641 887
370 656
163 569
176 807
433 568
193 459
243 891
125 553
579 820
337 895
490 713
876 908
289 680
3 430
219 250
192 648
292 516
574 907
529 711
409 748
55 287
351 839
319 421
360 625
142 446
245 892
496 777
532 915
743 793
40 222
343 887
411 896
263 570
109 915
220 615
261 782
746 978
647 945
343 835
136 845
105 250
181 665
204 323
340 507
606 867
773 942
296 560
357 492
69 154
207 949
594 640
287 761
468 624
713 964
208 455
499 870
220 242
347 664
409 977
396 841
872 886
52 802
327 544
765 855
221 854
580 608
408 846
247 683
616 694
595 643
73 280
800 864
447 510
59 381
321 933
510 899
964 980
252 268
84 216
76 792
261 625
138 680
606 867
32 663
231 955
122 403
82 158
73 284
44 534
505 672
299 446
66 292
469 864
185 422
143 452
315 659
585 665
161 908
136 538
269 556
208 455
423 961
80 703
856 953
57 789
684 788
478 597
291 532
159 220
432 875
398 405
96 372
191 539
409 977
318 696
32 390
423 961
182 954
84 351
598 750
125 569
223 269
911 916
78 177
739 744
345 735
285 966
440 908
184 755
271 583
327 544
196 719
102 973
925 974
628 866
616 895
216 676
529 887
80 84
175 491
357 492
395 419
290 813
606 791
43 110
264 349
140 410
493 596
198 286
275 830
4 220
262 311
123 742
925 974
133 472
303 819
183 436
250 799
42 900
163 569
621 721
335 461
11 432
140 360
88 583
23 485
23 453
737 858
133 847
118 136
540 757
288 422
354 489
458 461
279 525
632 848
59 849
303 819
508 619
105 250
454 953
69 154
26 556
34 381
63 703
713 971
554 668
525 621
43 241
23 290
454 953
453 976
125 914
149 577
134 581
588 640
146 576
126 279
43 166
159 678
163 569
879 996
552 829
683 770
41 241
203 756
329 725
286 567
360 625
525 726
824 893
137 770
621 827
340 691
38 312
700 861
413 907
103 583
133 576
187 850
528 679
78 177
84 527
87 613
135 246
75 179
216 676
285 966
16 463
631 732
273 534
381 402
220 242
133 869
148 327
360 521
272 964
347 771
106 832
424 726
351 409
83 231
409 977
51 94
673 902
699 955
248 624
329 725
59 84
44 303
151 978
519 742
184 755
637 720
463 640
66 489
358 915
152 529
964 980
738 824
614 735
215 706
940 973
80 84
74 842
74 929
640 662
159 678
287 761
470 680
217 340
704 821
305 645
855 939
692 852
784 824
420 915
800 864
296 560
182 905
322 347
797 943
102 602
194 641
50 922
366 772
253 564
207 949
679 742
148 779
805 865
93 621
128 533
690 774
610 757
279 525
43 785
168 290
254 837
644 725
440 908
389 958
245 920
40 503
691 762
417 780
360 625
220 615
149 577
393 501
90 978
115 612
470 680
572 895
856 953
72 288
589 691
43 95
26 556
340 751
105 855
647 945
3 812
649 934
427 889
88 583
62 895
3 430
140 410
940 973
292 516
192 714
23 91
743 880
319 421
743 793
134 581
237 992
641 973
90 798
398 405
142 446
516 630
40 125
207 340
391 484
185 422
138 922
245 920
683 907
373 627
770 871
655 670
391 484
23 485
267 814
169 685
182 938
581 882
263 570
736 788
70 157
23 105
251 729
306 863
288 726
191 557
22 901
739 744
93 621
76 792
493 687
9 167
371 518
279 510
88 583
281 767
645 716
501 730
271 536
480 586
424 726
205 897
413 907
172 938
59 381
208 455
150 985
399 639
473 874
121 375
691 767
595 643
611 795
300 912
21 363
175 179
424 427
384 942
399 639
268 506
181 665
319 421
381 702
225 385
627 679
428 641
347 771
123 742
830 978
496 777
529 999
216 966
203 351
389 958
194 318
104 132
520 882
248 624
382 868
469 864
23 225
392 581
157 579
83 983
136 538
