100 300
77 92
36 74
44 71
24 82
10 80
57 62
8 18
30 67
47 60
77 92
25 69
7 86
7 35
10 80
90 97
27 90
55 60
10 76
3 73
5 51
8 88
8 75
39 70
7 48
40 61
7 35
28 99
15 91
25 69
10 76
44 67
24 82
10 80
15 46
58 61
29 33
8 75
50 95
25 69
63 67
16 77
45 55
55 60
15 46
50 80
52 80
10 80
41 55
8 88
55 60
32 59
18 83
32 59
6 75
26 80
13 78
63 67
27 40
36 74
5 51
16 77
47 60
7 86
6 19
92 95
6 19
22 79
6 75
12 23
6 75
6 75
3 96
44 67
27 40
34 50
13 78
31 95
54 95
53 69
19 85
31 95
13 46
62 68
46 51
66 84
84 98
77 92
77 92
57 62
26 80
32 89
54 86
8 75
6 75
57 89
40 61
50 80
13 46
10 76
14 49
31 96
1 94
4 56
13 78
24 40
66 84
61 69
61 64
44 61
32 59
13 46
54 86
66 84
54 86
26 80
23 42
13 65
37 87
84 98
61 69
5 8
23 42
90 97
66 84
38 76
57 89
7 86
44 72
26 99
41 55
67 80
8 18
22 95
2 6
7 48
8 88
45 55
13 46
1 65
8 75
6 19
36 74
1 11
18 83
8 88
52 80
23 42
44 61
16 77
10 80
22 95
32 89
3 73
51 60
20 67
44 61
21 100
50 95
81 89
39 70
4 56
58 61
34 50
13 46
9 77
40 49
4 56
23 42
40 61
54 95
92 95
21 100
15 46
92 95
26 99
31 96
50 80
66 84
51 66
92 95
10 80
21 100
13 65
77 92
47 60
57 89
67 80
20 67
77 92
44 72
50 95
15 91
16 77
26 99
52 80
61 64
67 93
21 100
62 68
28 99
14 49
14 49
61 64
19 85
55 60
61 64
8 18
32 36
23 42
14 49
26 80
27 40
44 67
55 60
62 68
60 67
36 74
57 89
21 61
92 95
44 61
10 80
5 70
8 18
5 51
8 18
41 55
44 67
12 56
1 94
43 54
6 19
8 88
28 99
44 71
55 60
84 98
53 69
10 76
40 61
36 74
57 89
20 67
10 76
27 40
59 67
21 100
4 56
40 49
24 40
7 48
30 67
31 96
17 50
44 72
6 75
92 95
59 67
59 67
23 42
32 59
40 61
43 54
90 97
37 87
5 70
36 74
12 23
8 75
7 86
9 77
7 48
81 89
61 64
36 74
8 75
26 99
61 69
22 79
31 95
21 61
62 68
56 69
8 88
12 37
51 60
29 33
13 65
3 73
13 78
7 86
21 100
38 76
13 65
32 89
81 89
12 23
1 94
51 60
6 75
