200 605 84
315 504 449 201 459 619 581 797 799 282 590 799 10 158 473 623 539 293 39 180 191 658 959 192 816 889 157 512 203 635 273 56 329 647 363 887 876 434 870 143 845 417 882 999 323 652 22 700 558 477 893 390 76 713 601 511 4 870 862 689 402 790 256 424 3 586 183 286 89 427 618 758 833 933 170 155 722 190 977 330 369 693 426 556 435 550 442 513 146 61 719 754 140 424 280 997 688 530 550 438 867 950 194 196 298 417 287 106 489 283 456 735 115 702 317 672 787 264 314 356 186 54 913 809 833 946 314 757 322 559 647 983 482 145 197 223 130 162 536 451 174 467 45 660 293 440 254 25 155 511 746 650 187 314 475 23 169 19 788 906 959 392 203 626 478 415 315 825 335 875 373 160 834 71 488 298 519 178 774 271 764 669 193 986 103 481 214 628 803 100 528 626 544 925 24 973 62 182 4 433 
64 94
15 94
15 144
103 144
87 103
87 153
34 153
34 35
35 118
118 169
27 169
27 163
159 163
79 159
79 104
25 104
22 25
22 84
72 84
20 72
20 96
81 96
60 81
60 171
10 171
10 65
29 65
29 128
70 128
70 105
105 116
12 116
8 12
8 88
88 188
42 188
42 89
7 89
7 93
48 93
48 59
16 59
16 157
121 157
121 145
55 145
55 120
98 120
4 98
4 110
36 110
36 62
62 161
161 185
162 185
162 180
115 180
115 164
140 164
77 140
13 77
13 123
1 123
1 108
61 108
38 61
38 113
113 155
111 155
86 111
86 101
101 107
14 107
14 147
147 195
195 199
50 199
50 148
91 148
91 178
17 178
17 95
46 95
46 125
68 125
68 150
150 198
85 198
85 142
135 142
135 167
69 167
37 69
37 160
56 160
30 56
30 184
143 184
143 146
109 146
109 196
74 196
74 170
170 183
176 183
119 176
21 119
21 112
66 112
66 194
181 194
9 181
9 58
58 191
39 191
39 130
41 130
41 117
45 117
23 45
19 23
19 186
172 186
3 172
3 82
24 82
24 131
131 193
141 193
137 141
137 168
57 168
57 100
100 134
134 175
166 175
138 166
138 197
6 197
6 102
40 102
40 106
2 106
2 83
43 83
32 43
32 54
54 114
78 114
18 78
18 154
154 158
71 158
71 75
31 75
31 53
53 177
122 177
122 174
97 174
97 192
151 192
47 151
28 47
28 99
99 127
63 127
63 179
26 179
5 26
5 187
52 187
52 132
132 165
124 165
124 189
11 189
11 190
126 190
126 156
156 173
76 173
33 76
33 133
73 133
73 92
92 200
49 200
49 149
44 149
44 182
67 182
51 67
51 80
80 129
90 129
90 136
136 152
139 152
