1000 17752 3
30406 30947 6945 27537 500 24610 30790 5055 25045 29058 606 18198 11832 18279 1224 5062 11161 1832 30487 7275 5693 20427 16578 7402 9086 1552 25884 13979 11619 8626 11143 18350 15475 24553 6117 20935 25547 32563 18256 13292 9071 26708 1291 15265 17630 26779 11192 20817 26089 24936 9931 17392 9668 4331 10302 30687 10334 22574 26247 32016 25582 8790 30407 20586 27854 20774 5956 19567 13197 21188 32281 3356 26944 17600 44 19216 32280 18514 9313 29169 28218 27619 30477 30220 20682 19919 12718 11579 23881 23658 2777 12044 23330 22337 17011 31 12159 30114 15908 3280 32097 22110 18953 14102 3056 7373 20905 31659 26384 24339 9515 29294 28212 18850 7878 11781 17783 7168 15480 16070 23785 25291 507 23768 550 4858 14069 32149 12334 27237 21871 22579 4464 14728 15496 7588 26664 31363 31594 26554 20715 22886 18558 9103 4992 4524 30940 31524 30194 17669 3078 584 17891 12121 8149 10940 3107 23561 24755 17300 7810 16504 18955 2016 994 24522 19198 140 24208 23531 9048 15749 20692 6099 3266 10781 4038 20233 1081 177 6244 18022 18366 8585 15074 31260 23631 20735 28737 27895 12311 8420 11811 31970 11490 2335 11486 24748 20179 29591 21455 13068 4953 16212 16369 12003 21599 32481 6317 194 25539 30196 9972 20908 31498 6736 25228 28445 21330 7147 27047 13386 31111 14412 5818 6315 13018 23864 10380 1975 1391 24205 12430 26095 14678 17262 15210 26397 26045 28320 26590 6622 24164 9780 24523 19550 5457 15975 26505 11875 17604 27590 30590 21645 30061 150 5103 220 13533 6514 22293 21618 4155 32054 24948 20122 10040 13340 9320 15626 27460 6693 15105 357 24323 28859 17680 20484 27130 13204 30850 19446 5263 13529 23789 9285 16432 17544 25961 5755 12242 26391 23713 31333 29853 24410 22314 15127 4837 4006 8211 24880 29533 30263 21437 4704 29831 18639 7404 10791 12399 29600 18463 20447 19097 32620 8477 11772 23096 8939 20177 11923 17568 877 8535 24857 7166 26816 1623 28014 22087 26708 6034 14361 28782 19357 30650 7126 20954 13753 29063 23630 1047 19539 3335 13861 4812 26567 3894 12345 10221 3718 6094 4649 14385 16317 20832 9237 21447 20785 26532 7077 28485 25709 14350 23117 14561 14112 28833 24783 19939 21185 4360 7169 25690 24436 483 28368 15630 7729 13919 7557 29111 20003 3081 32327 29548 334 23780 4833 19806 9333 30648 28614 32710 15931 29358 5202 1820 10632 3098 6227 25482 20270 3480 21192 13472 8909 25946 24041 15689 26356 27072 7271 25598 31880 31529 9204 825 16746 30730 12550 7725 16980 14141 2008 19892 17412 31899 26290 31113 26525 7116 28011 12727 28234 15710 7724 15441 24612 31253 23414 11108 6742 16514 1895 3882 2174 14551 10297 6272 3415 6906 13835 16282 24214 10968 30180 17142 22545 20220 1525 4750 2598 30048 32542 31570 1883 14979 20404 9941 13634 1723 13186 17223 9376 5581 27917 26531 13517 7355 9245 2089 1630 477 3448 3855 258 23347 16369 28020 28842 9978 23201 14485 32237 29309 24693 10051 1450 25390 27881 917 5103 22005 9746 25818 1561 2248 4066 17873 6205 636 9384 19229 25031 11483 22230 19955 1377 21750 24583 32534 6167 1469 320 13829 952 28876 6262 16498 26751 22920 12113 17911 16882 13931 26416 5125 21259 31900 26221 26141 7574 18883 10978 32322 26842 24603 26028 8622 7035 10441 17454 19908 27807 12396 19033 14662 12368 20981 8747 30152 17186 953 1142 17764 22805 31428 7907 30896 13244 6256 6966 26861 927 22071 11220 25217 30943 9158 16770 5032 18200 27474 20079 21350 8331 12335 14965 21696 27773 31647 27804 6699 15578 3048 3552 15685 18206 31145 26932 24259 25717 18285 3270 21162 23841 3969 4229 23747 797 17411 9697 4424 24576 13628 21713 11748 31267 21040 2587 32475 29958 22386 23248 9348 4336 24637 8469 19712 19926 3521 22057 13862 13694 14523 19876 3005 4325 24904 13821 30190 3293 20731 591 27640 4602 9005 8541 7974 21423 10132 9683 4607 23221 21272 17359 12220 3756 13025 18335 30719 773 5557 27085 4801 2847 24449 9304 24716 22960 15157 27973 23275 12135 7893 31318 22816 23760 21965 29210 3348 7031 1414 11814 19604 592 24630 29345 31417 6486 31228 16134 9640 20595 29740 7205 11388 23968 29416 2923 385 17997 4336 31588 23715 6147 17850 25982 29222 5192 29126 30992 407 21443 1324 30618 20738 9376 29815 9807 26725 10294 28597 30928 8549 29671 4047 22843 24384 14664 28183 12644 771 14722 23072 6498 28669 2041 8658 20302 13427 24619 8125 23623 10901 4826 942 2745 9649 20077 2432 4575 32679 18068 4661 6791 6813 32555 21318 278 10995 15969 4150 30923 23929 27161 4717 29768 11744 21648 21316 30542 367 15424 3165 13768 23031 773 8757 9227 13577 24703 7420 23644 27494 5047 9124 32178 9399 22533 11576 26558 13183 8497 23663 30761 27981 25304 14721 11549 21302 26385 15929 20742 7810 30801 26699 5018 1446 25228 17897 13335 19827 3997 12433 8395 31372 17128 10793 12250 14109 14398 4173 21820 16586 10753 6632 31237 29414 648 21249 22761 16614 15556 2776 1023 13589 14372 26674 30661 18313 951 6129 24421 8533 25745 18919 28214 8192 7023 28652 29318 11574 11678 29486 1431 16062 13592 21449 31975 4780 31729 26264 180 31704 26353 9546 27584 21134 29571 17592 22610 23943 19661 1397 32381 18200 15393 29351 18340 29354 30868 790 15166 18026 6636 20611 10455 15682 12992 22843 13143 21767 21978 32748 8583 11508 2784 15798 6097 26711 30260 14981 8008 10634 14360 16287 7656 14629 18198 14457 9246 11634 18847 13775 13195 9761 13042 9971 25349 28733 10047 15718 990 9823 27404 11941 11369 8482 25049 18501 19387 19414 24575 2626 10927 12665 21470 15253 32301 21987 2615 11524 28331 12096 4567 7742 14579 21443 630 31015 19495 12185 10974 22385 2307 22300 27216 1644 1635 18762 14627 32031 32517 13941 9390 30871 19599 7995 17000 12927 5076 24505 24142 26097 1619 31484 26757 5772 23808 15032 26177 19911 28744 30525 27109 17028 4431 7078 22124 7913 2172 14932 29191 22635 23863 17819 3079 
563 782
182 563
182 282
251 282
251 771
99 182
563 772
282 328
299 772
182 825
99 564
282 732
239 782
151 328
251 709
238 825
564 971
227 239
328 865
397 563
563 673
726 971
563 797
579 772
299 600
251 941
772 952
376 564
361 564
361 613
723 732
782 816
29 99
648 971
732 916
251 298
514 732
127 563
129 299
376 808
328 467
397 534
227 818
178 916
45 808
125 361
328 377
299 844
254 971
298 692
533 865
45 264
673 958
182 644
430 534
151 375
151 650
126 692
99 354
339 533
168 941
784 797
354 824
126 801
248 784
377 964
600 961
127 663
673 899
491 613
261 375
504 952
201 613
227 519
28 127
289 299
63 958
430 814
865 898
53 772
533 840
167 818
328 760
129 452
284 692
442 644
704 801
274 824
52 818
361 622
241 825
442 955
278 339
52 199
266 961
716 772
692 834
246 278
537 723
376 409
650 914
548 564
314 704
678 797
12 442
899 924
168 642
506 784
227 272
339 736
99 216
278 471
63 680
99 655
53 999
452 528
524 548
42 266
239 877
790 971
326 941
34 278
264 591
475 704
395 491
72 952
200 375
18 471
45 785
491 830
125 896
107 999
462 782
210 941
63 175
104 650
78 467
484 650
299 300
201 319
151 956
34 148
651 924
68 865
289 485
324 865
736 837
200 432
239 323
261 810
651 793
277 524
362 726
53 658
38 375
60 648
444 801
641 793
96 485
60 894
300 417
60 538
290 709
59 797
266 293
485 620
257 484
386 834
686 797
506 706
204 300
282 321
535 650
222 824
395 433
68 225
34 970
290 800
354 930
538 770
214 376
252 506
604 622
674 800
370 533
274 520
1 59
361 570
214 791
39 704
182 746
528 969
157 896
372 491
206 538
371 930
678 868
298 854
758 790
252 724
83 126
372 559
419 830
858 955
636 686
201 531
29 515
873 956
754 899
137 324
12 615
248 681
702 746
186 239
49 760
66 417
576 648
206 499
514 626
94 125
772 995
791 960
216 595
717 723
473 506
323 357
215 732
262 277
117 865
161 167
170 519
840 922
659 844
704 983
115 961
344 865
361 934
257 540
285 877
680 829
537 729
466 797
213 922
661 791
289 316
274 380
39 989
226 357
665 680
289 908
499 513
83 394
90 681
241 987
209 808
119 758
248 703
647 970
85 300
361 391
288 298
466 546
35 316
157 341
40 475
24 371
384 999
7 563
753 924
92 326
52 572
288 643
535 905
419 602
506 718
127 787
467 915
99 949
528 795
892 930
201 343
151 368
344 554
111 282
465 663
7 714
257 978
294 485
176 830
814 994
512 651
261 489
419 518
402 661
28 46
377 739
137 828
515 552
328 547
473 745
594 647
452 621
572 953
238 848
302 854
354 617
123 706
57 591
99 138
532 534
412 834
430 749
85 345
247 257
151 601
344 482
277 895
319 427
160 254
46 900
226 879
178 1000
516 934
151 861
92 846
91 572
591 906
466 555
263 790
204 541
249 528
277 511
34 401
603 995
389 643
354 589
128 371
68 932
206 425
63 501
640 960
415 520
649 655
378 391
156 896
44 1000
380 712
748 824
148 592
31 914
427 527
228 840
260 785
215 738
212 892
388 401
532 705
214 624
401 968
352 837
125 330
158 873
776 964
269 673
232 702
68 177
413 978
350 613
348 895
407 489
602 605
369 605
238 587
37 178
512 976
481 837
427 631
121 524
30 319
539 955
209 358
117 977
91 526
195 415
72 944
411 655
568 964
376 965
117 696
453 770
394 668
16 828
202 481
516 962
604 973
465 588
417 851
729 982
207 706
152 716
535 891
720 724
625 851
301 531
415 436
189 983
49 697
172 712
514 866
669 681
693 793
258 868
223 564
298 483
397 768
595 677
679 768
325 930
367 895
328 422
214 884
180 801
325 336
308 915
150 758
189 221
10 965
5 482
191 626
557 641
284 733
235 924
266 946
447 891
350 585
86 191
125 627
356 375
396 663
509 636
643 727
347 916
612 648
389 530
492 535
57 831
339 580
95 432
354 461
841 898
209 998
278 917
116 976
510 620
707 877
606 989
226 544
126 874
114 430
730 785
235 434
881 905
591 819
418 999
576 875
361 765
151 859
232 918
334 579
53 423
389 457
328 479
387 961
151 271
289 487
334 864
73 394
183 482
346 430
458 482
438 552
575 643
378 920
34 61
122 602
386 762
87 262
127 836
22 899
200 690
233 591
656 894
605 781
797 815
799 952
310 760
33 473
410 533
52 853
25 499
299 951
603 880
293 582
173 316
86 939
633 854
133 471
58 875
186 847
134 357
1 445
723 893
505 648
239 446
974 976
275 893
14 391
162 293
140 613
249 255
466 805
127 639
258 691
174 818
259 272
94 821
448 466
521 787
756 793
206 459
81 896
67 819
66 950
15 585
761 995
58 198
95 101
90 757
590 771
206 525
326 490
869 895
203 760
273 762
81 286
770 803
91 355
644 910
801 938
193 582
72 990
169 956
142 815
45 556
115 806
902 953
509 923
240 704
660 973
416 570
284 593
188 650
314 845
25 957
697 979
547 789
153 825
181 965
14 144
107 486
79 122
322 910
210 904
399 402
391 584
551 727
58 750
43 430
131 905
144 611
702 913
163 326
445 876
116 688
331 448
272 424
287 388
165 206
808 933
356 903
332 706
355 699
672 692
565 881
407 743
384 480
103 409
502 655
450 656
623 938
158 993
88 411
542 957
344 598
473 523
93 590
323 404
200 728
270 377
185 554
580 777
302 689
276 978
239 919
902 943
484 936
205 336
488 556
109 484
866 928
606 882
385 509
557 890
227 406
500 797
511 609
105 447
22 567
549 882
603 740
154 395
164 829
388 638
444 607
911 915
147 199
196 960
274 279
13 853
679 694
780 910
494 530
390 582
263 967
41 257
414 995
406 763
117 741
200 775
226 508
379 913
440 473
756 883
404 439
794 974
260 722
249 664
148 972
152 907
469 868
374 584
114 351
588 685
50 934
207 715
379 654
155 617
487 975
216 935
438 569
94 619
210 766
281 622
804 998
89 865
44 682
683 972
102 114
363 727
402 476
470 837
320 438
349 640
431 892
381 539
275 832
143 431
421 450
62 793
137 888
89 618
817 868
168 449
211 914
231 707
85 596
569 863
431 843
747 817
441 532
285 735
375 464
135 881
793 986
817 887
4 28
218 363
106 564
75 526
516 657
80 191
422 826
303 815
130 913
27 475
405 407
314 496
234 381
86 141
373 995
256 485
387 811
19 806
100 934
585 872
163 454
555 630
296 998
364 707
169 171
219 624
721 957
364 583
192 409
52 578
522 539
670 970
250 986
129 393
873 945
224 394
198 333
328 429
170 360
719 967
188 835
338 525
97 250
297 485
156 767
427 577
126 839
8 576
208 381
752 816
34 849
145 207
650 842
347 755
116 646
3 951
816 867
327 355
421 451
108 206
455 975
15 118
166 748
147 309
98 379
299 365
571 630
377 764
74 528
71 423
50 921
283 559
146 188
392 837
113 341
567 802
42 291
251 927
420 704
217 679
55 603
54 1000
197 479
48 877
360 931
377 662
724 991
26 964
47 367
598 737
342 896
201 220
488 671
112 588
18 403
913 966
331 852
136 506
621 985
72 666
314 725
745 774
244 526
82 246
344 947
17 592
265 357
808 862
40 616
402 878
456 554
228 468
787 798
523 809
242 484
128 734
34 788
699 783
236 322
683 912
132 719
2 783
305 523
398 413
389 860
188 507
77 216
547 988
679 992
400 403
280 764
56 62
529 548
518 553
282 855
375 731
119 940
177 493
640 711
418 632
98 698
733 929
292 619
36 89
478 580
653 932
122 870
687 841
165 820
574 945
534 695
312 799
83 443
759 951
73 474
248 813
133 573
149 854
302 786
335 814
179 902
295 569
545 631
364 561
9 516
139 768
48 124
96 267
66 710
886 973
77 120
229 360
664 744
48 812
590 937
23 624
60 667
761 822
274 700
419 560
428 431
156 963
647 997
793 857
314 599
823 883
159 238
187 834
32 724
823 925
418 637
546 675
307 739
317 354
102 536
70 287
725 981
155 329
395 460
566 589
426 474
158 608
610 995
605 684
44 359
304 622
102 807
634 697
511 701
110 162
579 871
796 842
528 742
708 834
760 897
504 779
69 859
77 472
401 543
477 701
68 253
337 647
318 602
21 638
43 64
463 595
141 792
278 629
311 805
698 948
366 701
250 382
72 838
332 751
166 383
702 773
775 926
635 987
296 769
118 306
358 614
82 586
497 894
581 974
84 948
437 474
498 788
828 909
503 560
98 245
11 958
885 903
82 340
268 704
746 778
65 534
20 77
361 562
113 408
551 996
496 676
393 850
945 959
6 576
243 831
353 985
453 833
506 550
662 942
582 954
608 645
597 953
111 652
868 984
495 939
628 965
558 892
547 901
190 972
517 850
28 980
313 643
237 974
230 611
692 713
184 240
95 435
611 889
51 480
856 869
194 204
76 663
315 647
70 827
