1000 1708 3
8500 3459 4143 8879 8577 86 2106 56 240 6229 347 4679 2396 9035 8183 2942 1963 1676 268 7952 7545 5377 8645 1761 9314 437 365 2976 8548 2382 4833 738 2755 7248 4825 6626 1551 1487 5768 6213 1348 691 1 1682 368 8433 9101 2738 8923 1896 4634 1252 3410 6057 614 3493 515 1402 781 7502 3456 316 7199 6270 9502 8204 1158 2569 5549 2343 4550 1009 9453 9890 8261 4420 4959 6057 1725 582 6697 950 8208 7025 3262 2244 3644 987 1438 2180 4207 3335 3434 4368 8300 2013 9131 2271 6894 878 5187 4232 1917 8403 3635 9242 8767 2310 9951 7051 7120 1475 4015 4687 8869 7056 2711 844 6286 1243 4810 8939 9258 2819 6874 322 5136 2393 403 7968 4042 952 1529 1080 4276 131 8575 1202 2342 8926 2809 8910 3758 961 4132 459 8290 56 1045 2807 4501 3501 7263 2119 2807 7994 3081 7385 2114 4074 9375 1480 1170 816 391 7473 9908 9546 9015 6963 4675 9238 2982 1484 1983 7894 1440 1586 6399 1665 5070 5278 7192 1386 4421 8128 8286 5061 1645 8815 1050 870 7701 3263 2333 956 1269 9273 7269 9471 2533 917 4173 678 6364 2507 2313 1676 395 5659 6915 4451 2507 9449 6832 3529 5812 413 4614 2683 7535 8522 8401 535 5407 5277 5380 6022 2875 1304 9454 1578 7839 7264 269 372 837 2068 2679 554 5517 6239 9046 5143 292 9936 1604 4643 1028 2856 1736 916 6008 8307 8031 741 9811 5450 9182 7590 5906 2440 8663 6388 5407 636 6187 9610 727 8143 7343 5016 6926 8390 5794 2932 113 938 1565 7215 5261 9143 6155 9513 463 9553 5675 8630 1067 5982 868 9699 7504 2207 5577 1124 9611 9936 6174 1072 6812 5523 6282 4399 3110 5912 6716 1170 7339 1777 6946 9813 999 627 7096 7921 9051 1534 14 196 7694 2272 1358 7781 1263 5255 4444 162 9357 2806 2735 8204 9082 2426 1343 1350 9854 4109 4094 2906 1016 9659 4316 8781 9098 1235 342 6980 9142 336 6064 9206 8275 6761 9827 6964 7221 5814 5223 2887 4684 8388 9397 7544 9515 2186 1782 3526 8540 4253 4000 2579 482 1377 5955 9312 3247 8097 5470 2762 1783 1008 7320 5509 6996 7857 2012 9305 2940 6005 6979 9226 2928 1795 6248 3628 3766 2188 1497 7429 617 1887 3530 7093 3215 4378 8782 1605 9964 1539 2008 7196 6 2646 846 6728 872 9936 9136 3787 6890 5835 6184 5187 2561 2410 6098 9614 6707 6008 1789 109 1438 1292 3571 281 8681 5696 8822 1940 1371 7234 1579 210 522 6698 3883 9335 6983 4413 3448 6322 3993 2130 2253 90 3815 2819 8313 1128 7962 4038 5837 9158 5345 2716 499 134 5559 7481 2274 2678 9650 2982 1296 5890 333 804 6615 7579 777 5906 987 9750 6688 2368 8170 8264 826 2644 517 721 5299 93 9759 5478 3356 7911 4483 7108 1744 9775 8283 8418 2587 1927 2062 9718 9046 9419 5561 3482 7766 6069 8818 6608 8326 9150 2632 2884 7794 247 4127 7874 1238 2039 8779 3287 8245 133 9483 284 8814 7736 6792 2608 796 7644 270 2405 3790 9353 4650 3454 9062 9759 9492 3592 4245 4660 3439 7671 8983 4418 8815 3457 7515 1162 1066 4577 6694 1373 4946 6741 328 3341 8994 2009 7727 2447 8871 8823 907 8068 753 3375 8610 568 2122 4324 3460 1738 4102 9655 9793 6525 5276 6344 2314 8335 1124 186 2678 5128 6881 9415 1830 4757 2417 3924 9659 5686 9074 773 3190 8148 9847 7972 416 9128 9612 2126 9739 5575 4470 3646 153 8370 5231 4031 267 9550 9168 1500 237 8094 4015 9242 9776 6970 1996 3433 8472 9914 5878 1446 9879 8995 5316 2517 9625 2038 4817 13 3298 3717 1799 532 1125 3255 6959 6477 759 8686 4519 2142 83 6775 4405 5783 5374 2850 76 1696 1646 1955 9772 4803 9431 3432 5183 8362 5910 9099 9921 6858 8033 8826 3520 4512 1070 1526 8693 2266 1316 1977 6672 5657 1919 5339 4363 1061 744 4854 6408 5954 1188 1832 572 658 2284 3866 416 1868 77 2687 8134 2299 5360 4223 1705 7562 3949 1189 7992 750 9755 773 6996 2292 6587 529 1224 1261 8295 8862 5385 1222 244 9379 8045 5757 2559 7826 8321 5474 232 2842 917 7370 4840 44 299 7738 2088 60 3441 4370 4805 8779 9803 1143 4991 6755 580 2261 5809 338 3270 293 7558 2090 1288 4844 6361 728 9143 4932 2845 6644 761 7263 3551 4312 6190 3640 2345 9157 9111 3565 1640 355 5740 1850 6401 8231 9048 1335 1359 4329 2040 7574 6400 38 420 5749 9009 340 2237 6539 4454 9908 1176 9633 9486 173 5369 4413 9943 999 2868 167 2958 6676 1167 134 7386 2374 2572 3755 8394 2077 7238 2481 1179 8191 1050 7074 6734 9549 2664 9902 7194 4420 9466 3528 5390 8657 1237 5281 5705 2377 3597 5705 2366 2344 8781 9490 114 5336 4279 3416 3416 1636 121 510 3599 6861 2578 507 3290 3597 4595 2405 3264 3466 1192 3228 453 7613 7369 2010 521 3284 3980 8633 5456 6005 6990 6727 5121 308 2162 1142 8306 8951 6585 7702 3733 1255 8195 1270 6108 8378 6836 280 3234 1839 170 1638 7549 5545 1982 8146 5342 5216 4953 8802 1499 2500 537 1963 7472 3683 1397 221 2465 9549 1629 3408 4483 1927 6581 4909 4604 3837 1139 304 4967 5835 4007 6892 7068 3309 2395 8848 5024 1173 2939 4057 7289 6253 7111 5864 3365 3358 2023 8101 1740 2384 430 7524 1586 1555 209 4967 9105 8878 5594 7028 7463 2181 6872 5753 7548 9648 1641 1517 8951 122 6459 872 4993 1272 9040 2406 6298 5963 6800 9159 5658 454 8339 491 843 8164 2575 1917 7461 3684 1230 1085 7018 7415 2884 210 5044 2892 1856 9632 
149 491
491 772
18 491
18 60
60 663
344 663
344 615
60 191
184 344
18 939
91 191
344 599
283 599
97 149
772 807
599 705
97 199
18 696
344 863
349 863
184 759
97 501
74 501
672 696
595 599
335 344
91 947
656 863
248 656
491 906
184 686
937 947
232 772
392 772
766 906
184 838
149 683
60 677
603 656
60 326
885 947
225 656
637 772
501 627
464 603
50 501
91 285
214 766
374 627
63 759
126 191
345 637
656 994
232 823
74 639
442 807
491 757
801 994
248 776
696 909
87 939
249 663
520 595
18 956
249 908
594 772
418 759
232 737
450 737
374 779
705 754
214 895
146 248
721 863
374 660
662 906
257 737
18 352
97 567
326 738
231 766
520 951
2 248
759 927
97 265
326 417
2 981
126 873
686 842
195 759
248 690
538 759
693 873
283 851
36 663
168 693
248 616
44 603
224 603
520 797
217 754
344 697
464 989
697 866
217 306
114 615
414 660
61 951
493 538
114 911
344 587
232 579
23 306
132 939
191 280
146 604
4 823
594 763
833 951
220 779
56 693
60 389
241 807
61 86
654 763
460 738
143 779
579 794
147 939
739 873
603 746
838 915
468 654
400 873
56 164
380 754
231 572
12 721
260 672
249 834
56 201
180 400
60 728
220 474
96 677
701 842
4 894
178 220
184 576
794 912
285 420
413 866
457 587
61 532
105 981
98 660
468 495
683 889
62 285
60 713
585 690
36 193
369 400
67 939
161 779
575 863
460 704
333 599
390 705
705 870
653 772
12 955
189 413
285 311
306 412
224 925
631 912
184 530
429 909
380 675
794 853
283 916
114 928
69 885
794 861
92 311
12 755
36 830
161 829
416 520
16 369
616 945
413 782
603 999
144 631
181 989
847 894
198 656
854 906
690 735
591 683
8 311
315 801
356 416
73 755
50 524
79 576
627 967
524 869
340 807
401 823
105 922
920 928
638 912
12 190
306 758
300 464
60 434
36 313
12 440
92 777
300 502
588 766
635 807
69 614
217 329
189 453
28 693
703 945
406 675
268 491
352 451
12 702
244 615
666 920
400 793
146 964
219 894
586 794
390 983
86 370
16 111
71 807
323 981
238 967
7 344
321 588
106 451
251 614
190 290
189 621
96 116
96 551
523 524
88 925
501 581
196 406
261 352
87 676
392 648
104 735
131 906
356 933
377 627
356 841
190 910
38 797
143 284
105 709
66 616
511 530
242 927
111 372
191 557
506 830
720 889
50 428
64 621
8 328
131 624
237 994
245 713
527 939
716 920
475 894
10 603
146 876
686 974
265 391
137 833
181 938
474 500
141 374
176 854
125 538
28 175
25 323
678 793
824 870
418 682
184 987
26 191
240 697
37 67
504 807
247 758
213 987
393 414
49 909
67 619
669 911
151 621
62 281
323 837
464 509
168 995
106 749
186 933
384 588
242 791
149 949
226 285
390 719
386 702
198 630
400 424
103 440
553 758
364 987
280 480
459 793
259 662
181 346
706 830
661 995
48 581
393 962
32 719
70 713
375 630
227 391
149 200
226 355
333 472
32 207
889 904
173 847
241 625
59 630
219 762
370 402
76 247
243 619
757 818
181 478
69 179
241 826
645 739
224 549
157 639
27 73
244 657
376 586
323 815
412 547
607 841
2 652
226 642
292 818
63 685
384 544
66 182
687 955
200 942
27 128
680 746
119 873
585 984
27 560
322 384
576 977
574 591
200 482
350 706
226 518
57 475
583 757
493 820
660 813
529 782
683 789
262 842
144 828
577 942
635 899
585 647
462 690
174 474
552 947
372 541
236 661
314 927
402 852
269 281
236 582
130 321
684 719
449 763
626 690
657 880
82 842
719 900
207 875
82 960
500 658
561 939
317 826
383 538
353 369
159 474
174 458
555 999
157 811
351 851
452 657
662 832
763 970
623 739
298 551
854 946
174 435
528 994
292 887
716 924
387 472
142 924
433 676
409 524
74 618
210 854
715 746
238 327
622 624
52 225
393 756
833 986
118 555
154 705
610 824
207 287
88 774
237 337
64 95
220 302
547 742
176 858
496 894
104 381
567 897
314 856
343 434
941 995
389 486
473 942
131 868
436 520
186 543
49 419
695 735
336 873
627 872
138 149
528 814
146 309
308 416
501 996
241 398
145 619
79 839
400 671
25 724
104 890
295 626
519 974
422 794
311 476
180 533
471 626
41 311
335 857
480 891
498 933
461 591
233 887
37 935
221 322
153 616
437 462
151 288
529 643
23 304
147 222
310 654
148 807
487 603
149 729
560 836
514 532
34 327
446 774
294 672
640 912
250 654
41 172
251 421
87 185
53 937
170 428
266 661
507 839
31 858
15 335
578 838
303 625
636 938
283 404
278 648
511 743
74 254
521 911
188 340
104 609
676 843
63 913
614 750
160 176
508 610
45 669
157 347
235 249
674 815
372 747
57 282
645 670
43 119
131 408
241 277
342 498
103 864
6 67
192 421
580 743
509 848
441 858
354 355
343 831
244 940
625 775
604 800
472 589
515 529
178 688
601 609
711 910
272 826
182 341
152 335
318 716
35 118
449 978
53 89
244 934
197 498
263 380
77 713
168 499
710 908
443 452
231 884
231 998
952 955
386 620
512 729
49 788
202 680
790 815
768 813
219 396
580 629
122 838
420 649
598 749
94 660
619 997
403 543
452 628
269 753
135 909
792 962
35 109
181 253
41 47
180 650
299 443
368 920
134 583
405 854
115 354
303 778
709 926
346 808
235 492
350 917
335 732
662 943
655 955
208 253
439 742
94 183
744 808
100 870
520 698
55 523
54 792
556 887
692 872
536 577
38 898
168 944
248 918
37 641
492 765
149 867
5 594
312 588
341 456
47 124
253 980
194 419
55 537
24 836
62 230
89 950
340 548
91 667
896 950
131 892
321 731
168 646
39 284
219 764
160 489
27 859
28 155
353 976
482 953
760 858
20 623
376 796
33 226
227 366
363 642
919 922
384 874
489 600
19 322
841 845
466 732
118 331
488 746
9 232
373 711
276 619
94 809
53 546
479 576
266 881
21 920
870 871
345 465
58 654
350 554
18 740
141 371
51 317
370 431
171 574
212 666
288 531
563 682
239 429
337 427
534 933
155 886
454 575
231 455
168 444
542 894
534 745
319 906
587 593
85 131
499 723
172 730
111 426
223 396
17 997
55 110
247 273
81 756
455 513
22 141
505 619
214 279
45 203
222 503
463 501
339 531
101 576
568 683
307 838
173 846
311 348
405 969
84 869
323 990
560 612
218 809
229 639
685 769
700 926
701 968
42 441
378 556
380 430
108 276
171 289
53 725
73 425
261 445
349 727
293 857
328 819
215 655
72 603
55 617
575 835
385 489
242 714
432 922
357 841
421 736
46 980
347 982
311 516
515 921
196 267
749 901
441 526
525 719
382 863
121 834
545 892
320 545
27 562
691 829
93 464
207 930
421 633
571 702
490 913
966 998
80 970
398 961
726 864
282 365
687 988
352 722
153 565
596 977
252 758
101 297
244 438
405 855
204 594
602 674
133 538
11 138
96 485
177 724
903 916
790 929
305 950
600 770
20 483
150 903
955 979
367 531
398 415
688 923
1 377
773 847
261 360
418 840
313 992
133 206
140 666
237 751
86 258
127 203
425 539
32 570
427 752
346 665
594 707
568 803
141 324
430 606
588 817
432 741
423 472
123 894
622 932
325 581
60 718
232 469
628 812
216 440
143 271
446 590
236 605
687 993
216 822
671 878
69 816
905 979
808 849
305 558
936 968
366 761
120 565
733 759
165 289
648 798
202 584
808 879
485 668
205 960
289 783
293 407
271 566
107 406
256 473
180 957
112 738
358 464
784 889
140 379
422 914
69 644
633 827
540 662
697 708
215 246
42 734
213 948
10 291
209 292
497 822
109 802
297 608
227 689
533 699
410 417
244 883
361 848
169 941
447 955
461 991
778 860
576 781
125 234
340 972
613 833
395 622
16 274
953 973
569 984
250 517
927 965
66 139
423 611
68 950
501 632
171 388
931 969
166 521
844 922
163 327
75 328
205 330
396 679
65 395
786 873
767 790
477 506
281 902
316 914
192 332
113 629
877 892
301 993
311 659
196 810
117 836
173 907
373 397
162 687
158 854
674 787
137 673
323 481
751 958
156 204
423 535
102 976
188 651
443 550
174 510
337 359
163 1000
187 203
30 442
481 785
91 362
180 592
114 862
771 999
558 597
461 494
79 893
255 756
712 874
30 804
29 327
286 588
167 420
232 634
581 664
231 467
637 975
541 963
825 979
275 332
78 294
40 886
136 683
13 671
521 850
442 559
424 717
786 795
399 700
90 252
470 593
394 987
514 522
164 228
484 758
223 959
16 821
10 954
743 748
107 296
129 433
270 603
888 936
3 36
845 985
411 423
83 456
211 269
99 936
184 338
635 806
148 882
390 564
264 745
759 971
607 799
805 902
573 713
448 565
370 694
21 865
35 681
334 563
780 866
14 230
