1000 29720 11
17644 16883 23675 27834 7782 7256 31504 24812 17983 15038 29775 13605 20982 9653 4943 6574 15356 3071 12707 4193 4886 17497 476 7449 14594 8601 25424 23143 29789 19705 8986 18055 22980 6835 20066 23698 20538 3278 31199 19956 13513 30775 8857 28705 24940 19 3060 12932 6957 23380 16106 12472 11147 6282 3736 13563 10526 21500 17916 16096 13182 5112 25341 25156 9824 16231 683 4738 2050 25252 25289 11755 14026 13967 7305 23920 6698 7645 31894 7330 23238 3250 7255 32221 26073 3697 8307 32447 16340 24019 16528 223 27209 17206 31841 15036 24840 11576 8671 13556 29320 14213 2262 10167 30600 5101 10148 19578 11765 2490 25917 30704 15119 32576 19571 4150 6344 16821 1141 13134 29292 32579 12949 8654 13447 10076 10574 16857 21508 9550 2181 20047 4242 10519 13071 1601 13900 29306 15732 28840 8856 21074 14834 2134 4175 22055 1477 25644 28447 20991 31654 12174 18990 15478 12178 1812 512 4369 6092 3458 23963 11472 18213 19707 14057 22786 7291 14449 18013 30813 2944 24928 20953 2638 25276 13756 17104 30862 13014 23080 26536 25334 15119 29800 25698 23956 32527 31257 5756 21758 27108 22431 28694 3302 8776 864 3669 27887 29730 20784 3845 4031 29520 6667 27010 18518 15268 3082 20184 4510 29228 13968 21801 7235 27575 9924 29263 28356 7316 10309 2499 19403 13725 32281 4541 21178 4725 10214 5021 3718 23821 1892 2954 26312 2669 31250 27481 10001 5297 15144 17584 4222 5713 8653 24171 10637 10918 3979 14654 16431 14250 8960 18332 21023 1280 726 23768 20337 17460 21749 6027 27502 28227 13814 19253 28575 6750 17627 11559 17704 12779 5886 18592 10328 9677 10312 32310 14973 2277 7075 4727 26109 13272 24498 4049 18594 22035 3007 32687 6198 6157 2293 16101 13648 13004 23503 29006 24685 8363 8656 22707 17730 19290 6005 4847 20561 23334 14952 849 699 2939 23542 27458 14421 10407 14275 30248 5117 6880 25276 15498 1583 8841 9806 628 8659 10673 7125 13597 13145 20189 7256 27591 19976 3335 22643 28647 17299 9446 11412 4230 14830 11120 1387 17639 21343 24990 26779 25194 7384 14703 30134 27056 13956 11311 29544 12032 27296 17913 15602 25065 9868 2683 9178 14377 2594 5881 6625 16334 326 9620 14134 7323 7102 21965 28905 13485 5957 24133 5026 4191 20442 3014 22163 29034 2654 12679 6827 25937 19806 28332 10765 22268 15406 27917 3008 25506 10295 32056 16296 30445 19601 13241 30389 29273 26581 27545 7002 25566 10284 21028 15937 4046 7596 24559 15165 20992 9957 25370 10880 6702 2998 32467 29198 1948 14950 17435 2929 26618 23279 18381 20910 7564 11421 23004 27513 12424 25048 16860 9637 4032 28222 9412 20958 17536 31478 30706 32154 7610 30016 9583 5453 5728 27472 17781 18396 31506 11100 4398 15957 4857 22772 29375 31709 20467 27794 22149 31210 18928 20850 8606 21682 2460 5539 29100 7139 26174 24671 2517 7060 31455 8856 4367 12667 30384 13779 1434 609 19622 23865 2509 9172 1639 23787 28182 3612 15977 7063 7229 27248 1368 585 18408 4457 14009 3715 2148 19894 206 19087 16290 14098 9145 8212 29312 14707 11235 14568 30282 7300 11167 25125 6017 8022 14347 9599 7643 31826 11575 3284 20874 26995 32138 17413 26049 26802 4193 3333 27765 31937 29688 14895 14177 5627 26254 8925 19020 19356 31428 17974 17038 13613 23367 4167 22481 30787 29102 30038 23061 24169 29862 22386 20727 1883 8524 27215 8242 2933 9178 2385 21862 8810 29574 13287 792 8761 9639 9242 19706 27229 31770 13158 2413 3908 13028 456 7237 23043 20760 4888 28364 28744 252 22169 10505 14480 13159 19663 4162 20122 4717 16272 11967 7195 1854 16478 10449 27059 22348 24820 25363 31776 7340 23071 24048 4530 7615 5327 27237 21502 18449 18798 7176 4567 21121 10608 7242 21882 19107 18220 17145 11017 4450 12266 6153 11067 2794 27709 8851 7761 1477 23187 10526 19276 7491 6154 18206 18269 6944 27525 31674 22941 7265 26368 5586 18174 32127 13088 8513 6785 20935 14606 14687 15786 27137 7814 25802 30002 11856 18475 24167 5627 20313 22046 28579 1609 4775 20174 16383 24366 15950 27666 15819 16966 26575 15989 1073 14245 10812 6864 25206 10254 1949 1567 26749 18277 31121 5005 7309 871 30009 26833 15955 19097 26193 23741 15147 16254 26016 25620 14235 11277 11923 16541 21024 18786 6181 9845 814 12212 5377 19369 15986 647 32491 5636 14682 11555 12636 23334 31447 17220 14188 26326 6242 23059 4341 15258 17469 27989 21238 16772 4347 9443 10037 22350 3650 3674 28457 31146 8912 7955 3606 29907 18364 4694 7802 21608 2302 30666 5800 1402 28466 1584 8371 24292 13977 1617 10637 986 30561 27189 27504 21701 8998 25750 30589 25166 31672 5268 676 5817 26399 6571 31171 2421 17628 9185 8466 12529 10354 21572 17086 26289 7461 403 12500 29088 22274 13628 7777 2728 29983 29830 5080 3968 14628 10768 691 22469 22538 17274 15453 24653 18467 22370 20560 16568 12379 26514 5498 8007 23741 4983 25318 5874 23609 20182 15256 17332 11172 28858 29113 26922 4608 11953 1268 26460 4606 22583 16415 29147 5313 26227 23070 15628 12773 13345 7684 5571 14528 29136 24188 5907 24295 10829 14440 29285 14324 27487 26823 32200 23175 26292 14812 31880 22155 7964 19341 22018 24763 30197 15113 11958 22372 11494 28077 6046 1132 12241 809 18367 16531 15106 13022 5117 23545 12717 6283 6451 28641 14487 13353 19587 32180 26899 8467 26091 32585 12336 18538 22809 19555 11825 4792 20609 31099 10813 23763 24236 5056 28248 13317 22995 24157 8082 7529 5548 29946 26238 27800 28548 30597 31718 28037 24718 9010 28093 26022 2683 31936 12373 12373 29258 28671 20435 31349 23906 2191 21983 24920 1246 10218 14240 30944 4904 23716 24551 31973 8137 16114 10666 12759 7551 30314 24245 14501 28304 19721 3740 23005 4959 29562 20980 3092 10045 23189 19906 14728 8065 17959 2868 2308 219 31985 30607 11780 32485 14835 8297 1050 14843 17130 24 31120 3917 18455 28266 3407 12082 28994 2455 25599 28096 15359 11123 14448 409 3888 16104
154 924
267 924
267 851
128 851
128 222
111 222
111 633
550 633
505 550
135 505
135 314
314 357
357 690
690 933
59 933
59 578
578 943
925 943
408 925
351 408
351 676
140 676
140 493
431 493
431 776
23 776
23 804
804 854
35 854
35 37
37 979
318 979
318 709
486 709
486 515
515 959
582 959
390 582
390 546
546 794
166 794
166 491
334 491
272 334
89 272
89 567
567 995
261 995
261 604
86 604
86 338
95 338
95 899
899 946
866 946
457 866
457 611
611 988
528 988
258 528
258 586
586 674
674 781
341 781
341 785
436 785
436 622
472 622
472 896
706 896
367 706
367 914
88 914
88 230
45 230
45 425
229 425
174 229
174 458
5 458
5 714
503 714
503 527
527 652
20 652
20 144
122 144
122 492
492 616
200 616
200 647
274 647
274 629
155 629
155 270
270 484
484 608
608 634
634 967
915 967
882 915
17 882
17 932
675 932
152 675
152 309
309 450
450 820
264 820
264 982
127 982
127 188
188 846
483 846
483 524
10 524
10 864
823 864
192 823
192 968
620 968
615 620
54 615
54 665
610 665
566 610
468 566
246 468
246 521
521 935
489 935
53 489
33 53
33 723
490 723
490 563
563 937
43 937
43 233
233 886
379 886
379 770
510 770
510 799
789 799
454 789
454 972
687 972
61 687
61 173
173 581
438 581
7 438
7 750
168 750
168 207
207 453
453 949
641 949
641 797
754 797
621 754
621 777
91 777
91 717
658 717
82 658
82 885
416 885
416 481
481 844
708 844
708 862
186 862
186 376
376 939
422 939
358 422
305 358
305 627
90 627
90 758
294 758
32 294
32 994
543 994
396 543
396 514
514 788
705 788
317 705
317 787
787 901
713 901
713 904
700 904
700 870
116 870
38 116
38 40
40 976
919 976
184 919
121 184
121 126
126 180
9 180
9 354
354 544
74 544
74 300
109 300
47 109
47 879
83 879
83 202
202 345
345 960
336 960
336 618
618 898
532 898
532 580
580 835
688 835
401 688
401 725
418 725
418 859
214 859
56 214
56 813
635 813
113 635
113 451
329 451
329 671
456 671
42 456
42 602
602 947
678 947
678 751
85 751
85 680
208 680
208 547
547 753
742 753
695 742
286 695
286 506
375 506
190 375
190 279
279 809
311 809
311 613
613 656
162 656
162 752
52 752
52 683
185 683
120 185
30 120
30 958
386 958
170 386
170 220
220 539
539 607
39 607
39 884
556 884
556 728
649 728
406 649
406 497
497 887
579 887
579 900
213 900
213 365
365 685
673 685
328 673
296 328
296 722
722 907
654 907
118 654
118 831
312 831
312 826
466 826
466 803
764 803
12 764
12 343
343 540
540 865
159 865
142 159
142 410
410 659
659 810
738 810
292 738
292 636
636 650
18 650
18 553
252 553
252 592
131 592
131 716
275 716
275 888
642 888
642 825
262 825
262 838
405 838
405 589
149 589
149 719
668 719
668 774
558 774
172 558
163 172
163 707
87 707
87 902
614 902
433 614
433 877
216 877
48 216
48 191
191 590
590 798
798 936
908 936
908 952
663 952
283 663
283 697
697 961
827 961
511 827
84 511
84 494
271 494
179 271
179 333
333 424
424 955
429 955
429 948
593 948
593 701
701 969
784 969
383 784
72 383
72 845
504 845
504 771
400 771
400 414
414 603
603 793
551 793
291 551
291 612
11 612
11 892
564 892
78 564
78 443
175 443
175 786
266 786
266 811
619 811
99 619
99 327
327 985
337 985
337 699
542 699
137 542
137 224
73 224
73 869
637 869
104 637
104 534
356 534
356 916
67 916
67 448
448 903
628 903
526 628
526 978
133 978
133 323
150 323
146 150
146 417
417 999
371 999
371 389
389 957
289 957
289 467
467 749
552 749
552 783
308 783
308 984
537 984
96 537
96 238
238 732
732 876
815 876
815 871
871 953
165 953
164 165
164 236
236 576
576 746
256 746
256 597
597 679
679 856
58 856
58 772
767 772
495 767
495 626
387 626
387 462
259 462
249 259
249 299
299 800
444 800
444 757
757 837
293 837
293 669
257 669
257 570
570 572
13 572
13 928
177 928
177 560
560 617
617 964
945 964
920 945
158 920
132 158
132 193
193 911
321 911
321 769
769 929
929 974
377 974
237 377
237 686
301 686
301 834
525 834
525 818
606 818
16 606
16 808
469 808
176 469
176 760
141 760
141 541
265 541
115 265
115 562
315 562
315 855
842 855
733 842
362 733
362 711
698 711
518 698
518 721
721 931
204 931
204 625
625 666
27 666
27 93
93 848
631 848
631 779
520 779
520 729
729 748
194 748
194 342
342 944
1 944
1 340
340 662
529 662
106 529
106 857
712 857
319 712
319 696
638 696
284 638
284 768
427 768
253 427
253 889
487 889
359 487
359 643
643 660
660 731
731 819
498 819
480 498
480 517
517 895
69 895
69 853
44 853
44 459
260 459
260 632
555 632
364 555
364 912
297 912
148 297
148 533
15 533
15 1000
157 1000
157 692
153 692
153 778
112 778
112 219
71 219
71 704
349 704
196 349
41 196
41 307
307 485
195 485
195 963
538 963
26 538
26 991
189 991
189 441
441 863
474 863
474 508
263 508
223 263
223 370
370 873
554 873
554 653
215 653
205 215
205 423
239 423
239 568
568 966
449 966
449 849
849 990
420 990
420 801
691 801
598 691
598 775
775 868
374 868
212 374
212 470
8 470
8 805
380 805
287 380
287 830
646 830
395 646
395 624
421 624
411 421
411 575
285 575
199 285
199 822
463 822
463 594
499 594
499 934
897 934
250 897
250 605
605 651
403 651
50 403
50 954
404 954
136 404
136 519
419 519
167 419
167 998
821 998
644 821
278 644
278 981
55 981
55 730
730 989
872 989
304 872
304 557
557 569
569 703
320 703
139 320
80 139
80 178
178 583
332 583
332 392
392 677
355 677
251 355
251 347
347 993
452 993
452 762
759 762
759 832
479 832
226 479
226 839
791 839
791 874
234 874
234 841
346 841
138 346
138 940
906 940
766 906
766 918
476 918
114 476
64 114
64 726
726 756
756 780
780 795
795 941
242 941
242 368
60 368
60 117
117 763
335 763
3 335
3 473
276 473
276 905
890 905
161 890
161 852
415 852
415 496
254 496
254 875
326 875
326 970
442 970
19 442
19 446
446 816
398 816
182 398
182 792
792 983
160 983
160 645
244 645
218 244
218 393
210 393
210 500
21 500
4 21
4 445
381 445
34 381
34 921
670 921
670 740
63 740
63 412
384 412
101 384
101 151
151 664
460 664
460 942
814 942
718 814
718 802
513 802
211 513
49 211
49 108
108 478
478 965
268 965
29 268
29 559
559 807
720 807
720 858
437 858
277 437
277 973
187 973
36 187
36 571
571 735
240 735
240 465
465 689
399 689
14 399
14 232
232 850
269 850
269 829
812 829
231 812
231 734
76 734
76 303
303 439
439 548
548 930
62 930
62 426
100 426
100 860
640 860
640 694
281 694
281 623
623 840
471 840
206 471
206 313
105 313
105 330
330 938
536 938
102 536
102 595
477 595
477 577
348 577
209 348
97 209
97 282
282 667
509 667
65 509
22 65
22 366
366 693
394 693
394 913
66 913
66 702
402 702
402 910
482 910
482 682
600 682
530 600
413 530
46 413
46 992
70 992
70 288
288 881
747 881
747 950
306 950
24 306
24 724
243 724
243 475
217 475
217 434
388 434
388 573
573 923
883 923
382 883
382 585
397 585
298 397
298 599
599 987
290 987
28 290
28 545
183 545
183 360
360 432
432 516
430 516
51 430
51 302
107 302
107 409
409 971
648 971
648 684
181 684
181 447
225 447
225 736
79 736
79 407
316 407
316 755
531 755
169 531
2 169
2 737
596 737
325 596
325 502
241 502
198 241
198 773
92 773
92 824
824 922
75 922
75 833
201 833
201 710
369 710
369 681
124 681
124 428
203 428
110 203
110 391
391 440
248 440
248 512
512 996
587 996
565 587
565 745
661 745
352 661
134 352
134 501
361 501
247 361
247 917
917 975
836 975
836 867
727 867
522 727
522 986
894 986
739 894
739 861
461 861
461 828
561 828
561 951
893 951
591 893
591 609
609 655
353 655
353 574
221 574
221 324
324 843
6 843
6 372
372 385
385 639
310 639
310 743
588 743
488 588
255 488
245 255
156 245
156 956
507 956
145 507
145 322
322 378
31 378
31 549
549 847
77 847
77 909
878 909
331 878
295 331
25 295
25 435
435 535
535 926
147 926
147 672
98 672
98 790
123 790
68 123
68 977
273 977
273 657
657 962
171 962
171 997
806 997
464 806
464 927
350 927
350 761
715 761
715 796
584 796
584 744
373 744
373 741
227 741
227 280
280 339
339 363
363 601
119 601
119 980
782 980
782 891
103 891
103 880
130 880
57 130
57 143
129 143
81 129
81 765
523 765
455 523
228 455
228 235
125 235
94 125
94 197
197 630
630 817
344 817
