1000 1000000000 8
25746 29967 31708 6104 26412 12807 32486 18472 29747 21067 25676 28831 28431 2615 13129 20129 26212 6508 10831 28388 7131 17278 9453 3018 14630 16621 6390 9710 22078 15447 28384 2812 13551 12267 14698 16071 21911 14113 4225 31381 18731 10408 4965 14013 25722 3232 22024 29301 14518 17162 15799 11749 30000 28285 4347 19072 5731 30490 16066 17811 1588 14786 8378 286 4472 14214 15614 3812 22199 22878 19188 12734 4655 7198 32629 2356 27420 14503 25647 6990 9783 7258 15944 12456 24957 17875 18500 14021 15665 22995 17193 7333 5668 1149 8929 23962 13620 31430 23007 11863 6163 12327 2054 74 14154 5268 4294 20268 28029 28338 23688 27862 25584 9797 18764 16214 10314 4839 3728 9538 20377 8960 6260 29772 19095 28402 7709 17943 20268 3220 30551 1865 31539 14050 30078 31970 5249 7667 17310 13260 2595 29483 4569 3762 6888 1457 4105 26134 17696 803 31655 28318 25506 12425 17644 22959 7188 12168 3893 25661 614 9177 4268 18402 5536 19705 5413 16941 31198 26657 10310 9788 5016 28280 10987 11405 26663 904 22472 29969 26501 10222 31569 28546 853 1110 25302 7671 14115 24743 18163 26038 26092 7035 13607 25161 12513 13778 15555 28372 11112 18183 25350 22949 4196 27907 8838 30221 23734 3248 31185 110 29444 30384 19797 2198 11448 17488 8317 22091 31820 183 27165 31783 1222 29284 2064 3239 19070 6359 5664 9598 24871 12941 11301 17711 15117 24370 18289 7898 32156 12819 25452 24662 32546 18642 1404 7809 20950 14941 16424 23508 24 29216 29052 23867 24058 19322 16559 16675 5120 366 7939 3284 18212 18076 20461 9217 541 6511 15478 24221 17377 10391 5601 12529 22377 23482 2958 6636 22708 21606 6174 19386 2830 31563 10712 17048 25746 28071 10827 15846 29422 24321 10549 20349 32102 17178 11940 30020 2076 21537 30811 28926 7310 18726 9847 21094 31584 20689 6995 26494 7004 9300 4776 1828 6583 18078 13305 27110 32661 17361 9262 1303 208 1271 23167 7202 6133 3057 15507 31775 9104 11183 17897 5540 26794 4263 15992 26846 7823 11647 17554 30688 26581 24589 11790 13114 23705 25218 1190 5326 2572 23778 8606 23775 2863 10936 11431 9579 7898 10503 514 16315 24323 8323 17384 4152 32061 8193 6954 23680 10367 23341 27413 16313 39 24955 31896 14630 14398 16736 25769 2295 21246 27585 10724 20326 5009 27564 28021 8703 3612 17990 6969 2879 30972 5892 25888 10337 9040 15390 3542 22901 13495 10049 18082 14258 6747 9861 9358 17933 17710 14750 28872 4107 7539 18262 22600 10963 20353 18235 16051 19591 21955 13204 14463 28116 25604 22426 28761 10696 6121 19941 31683 20452 4799 17189 25346 23667 24695 20754 24631 19226 20463 1446 6604 30639 8308 27273 23569 334 10372 8397 5671 25514 23000 25819 7710 15010 18082 3757 90 25621 3091 25150 24123 29686 17952 17471 8189 11939 28806 9996 32220 32114 22795 17374 9340 4493 1799 29762 30857 10497 15396 16330 15770 10769 29282 29186 9308 2256 31582 19621 1004 10991 9427 10769 17028 15827 1633 9209 12634 13034 23693 4698 24517 22080 5386 30384 10658 13133 28727 10089 1270 15378 23528 20378 21205 26212 27497 5873 14210 13191 4288 1515 15831 22014 31539 31302 18919 27042 16138 16314 7907 29170 10902 8420 31802 4778 27762 1155 5636 13975 28425 27366 27809 6313 3416 24485 18333 25418 1270 13200 22487 23022 18769 4837 17635 16619 7226 19398 10668 30604 4004 22761 17502 30816 21672 1170 23939 13272 31693 14270 10860 30993 2695 18849 11986 24815 2557 25427 25021 28523 29455 19399 6565 24366 7064 12284 983 19294 2288 15223 11035 11192 19382 5360 20884 22239 18636 4940 8679 32499 5026 16075 31648 23654 15800 29315 24273 31499 16222 12813 15099 23920 23999 1918 9522 27246 12829 32152 14717 22782 13918 2626 11132 3662 31432 32054 19021 8725 26889 18170 31663 32035 14458 11281 29288 17980 30628 14450 9189 4390 20228 1849 16673 1025 24843 12957 14024 26327 27497 34 30875 20852 3467 7439 7190 27512 22626 32547 1616 29354 2919 15748 12580 31631 8924 30200 19342 8252 6996 4695 14679 4456 3701 577 13813 15813 3325 15628 7853 913 23043 8192 10234 8295 27520 31943 562 21340 21517 27679 12647 25927 31214 14546 7307 2912 16208 30440 6104 22541 32719 6939 28271 11768 1851 9867 12096 26981 26012 15027 16681 13251 17523 10652 610 13696 8515 22096 30488 6690 4432 31122 19288 6804 29351 7884 11311 445 11870 27977 15376 24407 28701 4516 9845 23807 30430 23425 5833 27016 25328 25466 5766 11925 9538 19805 5787 1127 29662 31380 10256 22515 26548 16612 10220 14136 10137 31067 25175 30671 17551 31619 28924 11204 11079 22748 22705 22692 20196 27785 10842 9431 28930 4938 11018 28464 10999 8106 18284 1219 7256 24186 22114 26871 25280 16253 28395 25564 16076 30309 21834 19134 2666 10238 17253 14074 25684 30634 4203 7952 13527 2317 31673 1530 28633 18953 7935 13500 14362 6381 19358 12861 18362 6889 22357 27989 16892 22214 7197 19751 21065 26579 12113 7089 15480 23843 5138 32417 16972 6389 27882 29290 574 17524 28847 31640 13181 11169 9899 608 25396 5517 11769 3196 5899 27851 5170 18742 30960 19493 32586 9154 28695 17294 11956 20432 19263 26968 6093 1122 24632 2983 8567 22747 17570 5670 17156 30809 1015 32760 2647 8005 30412 22002 19781 5929 8019 13575 2625 9409 12069 18691 15417 7252 6718 9085 9659 4164 23369 32518 22364 19941 19743 17063 30042 7307 15754 22923 128 29415 7502 13048 9802 5779 29034 32388 23626 23019 27035 30853 19146 27679 16418 23241 19123 28550 18119 17799 31406 18997 17694 13462 12168 25809 3081 21725 17371 19361 25214 19979 2795 26087 12170 21640 27342 14193 1430 6059 25040 24683 29418 24621 31509 20343 15215 29405 30336 23040 24505 2966 10196 11978 5444 1134 20761 22222 5118 32049 31810 14406 23814 5902 6156 20484 24244 6287 23593 5383 6617 3535 14494 14928 11336 14567 21610 17138 25749 26281 24424 7273 17180 31633 15222 13100 3141 19704 16599 13702 20487 6795 8662 30881 2731 15356 12716 13284
430 681
430 968
681 797
430 453
453 885
430 454
230 430
512 797
795 885
454 915
237 430
651 797
746 797
112 430
237 927
225 453
459 927
230 319
173 230
453 828
637 828
651 780
200 225
453 914
556 828
681 953
602 637
200 460
455 797
225 310
298 681
230 966
236 914
565 637
556 811
59 556
455 751
59 436
39 237
613 953
237 492
240 613
11 236
470 751
54 613
11 350
147 565
104 927
298 936
11 372
460 628
453 676
197 751
572 915
244 936
59 125
665 968
319 617
319 769
29 436
476 665
14 637
572 878
11 514
553 795
70 966
70 98
51 200
721 915
374 878
292 453
651 986
613 874
554 828
572 754
39 501
548 966
430 886
819 927
529 927
460 849
25 372
350 938
237 992
54 877
753 986
236 972
769 871
491 681
116 637
197 920
197 587
142 514
555 936
173 900
499 874
217 244
927 962
409 938
733 828
18 886
128 681
198 556
530 553
748 927
54 568
243 430
34 128
8 244
200 461
244 557
470 639
235 492
565 875
746 941
427 769
467 572
529 855
536 968
32 849
211 972
795 854
146 639
556 609
470 688
701 878
372 679
512 894
481 894
849 943
63 319
511 920
885 957
476 625
557 648
881 968
54 248
159 553
146 740
383 828
828 898
468 609
790 962
35 557
334 957
112 988
344 374
875 929
13 29
29 170
235 490
28 461
185 651
56 59
388 481
553 990
235 301
428 556
149 454
126 936
460 689
131 746
281 530
278 609
14 426
185 505
118 310
310 650
11 552
46 319
349 943
164 878
672 748
943 985
374 521
294 819
70 518
505 912
215 602
530 978
17 797
135 281
143 237
243 798
28 861
253 409
56 767
13 883
152 637
123 490
28 190
677 754
108 236
319 910
59 410
410 802
123 800
287 602
512 516
152 896
726 915
15 388
292 860
198 646
79 149
611 936
599 790
733 788
777 962
173 397
476 720
353 767
279 941
372 930
555 867
149 997
536 743
159 787
14 368
89 553
602 856
395 470
301 633
555 838
617 635
410 774
79 110
248 586
383 703
345 978
44 395
35 785
179 244
237 674
120 279
943 1000
119 689
450 468
552 561
516 932
665 880
628 928
18 434
18 835
313 968
44 80
633 757
328 617
246 383
29 272
147 736
715 928
416 800
484 715
105 125
233 875
587 747
262 957
664 938
152 994
541 625
716 990
292 317
323 930
233 448
253 517
220 992
46 367
388 868
315 703
69 511
475 557
131 489
275 978
662 689
581 721
877 973
191 514
489 999
427 827
395 659
489 964
685 997
44 907
319 440
277 298
802 987
705 788
212 962
151 885
353 963
187 368
821 828
422 932
399 875
506 867
390 529
264 287
753 903
68 915
635 792
65 617
110 351
426 711
279 684
317 338
960 966
187 869
358 511
287 786
166 838
21 701
20 275
231 684
688 848
527 800
243 825
458 786
35 846
525 679
334 942
188 754
963 983
126 607
283 383
127 827
330 715
163 676
751 931
383 744
10 98
44 623
575 581
29 826
369 914
176 561
79 675
240 471
459 661
457 575
405 703
196 800
333 512
525 913
94 787
63 620
549 983
22 170
635 727
661 952
425 907
648 974
605 797
63 251
96 490
557 606
46 312
551 962
88 345
388 598
284 514
381 450
330 831
181 323
245 492
20 578
790 908
230 615
29 813
282 688
185 357
676 704
596 605
355 908
797 935
28 380
271 978
410 842
528 986
704 830
644 767
706 786
79 713
257 880
635 909
466 811
692 827
212 933
843 854
138 936
132 786
4 244
52 938
176 538
352 930
142 616
413 953
319 404
274 674
592 704
77 929
48 476
187 954
145 962
187 888
410 622
191 213
257 804
188 223
391 561
137 476
292 624
397 621
151 456
194 541
51 682
330 939
612 842
118 829
343 881
434 998
11 337
405 956
45 541
581 834
511 673
453 544
359 555
470 482
437 727
271 892
117 599
635 948
355 393
208 235
238 481
235 781
157 825
51 655
198 775
299 650
578 724
795 919
678 957
766 854
748 981
457 970
129 323
585 792
190 311
294 515
611 863
559 715
257 401
50 953
42 713
598 853
197 783
818 954
527 714
7 404
81 733
424 609
373 561
16 292
91 682
114 720
176 261
350 734
139 299
281 976
374 836
676 889
519 928
55 264
704 895
574 748
446 609
351 911
309 703
606 793
74 372
656 912
86 875
432 734
558 855
652 981
169 992
698 836
143 771
94 362
771 808
302 468
373 847
352 833
174 587
31 933
653 978
143 750
126 285
53 448
38 715
335 704
412 860
305 650
853 975
326 997
714 965
131 683
288 656
166 384
610 994
414 664
271 411
317 691
276 305
563 992
359 375
618 861
408 888
310 495
373 595
475 590
270 721
366 427
434 619
283 507
177 833
229 780
142 629
241 514
216 384
387 454
798 958
226 836
435 849
96 438
359 969
44 160
268 516
514 814
277 462
124 311
72 623
56 841
43 914
242 682
572 760
160 513
664 822
121 911
385 514
577 618
264 584
87 507
147 918
33 983
423 436
292 420
149 820
187 480
53 712
358 730
412 803
38 707
90 613
235 520
800 940
182 662
211 749
119 322
113 399
295 651
123 202
649 895
505 693
186 966
113 341
610 949
495 696
272 533
666 919
143 758
26 333
534 659
156 813
420 893
98 778
133 964
186 192
648 764
346 803
483 855
61 139
114 178
103 970
322 486
497 525
610 852
212 415
488 553
71 488
334 522
226 752
421 544
663 848
201 635
305 873
469 521
508 775
232 261
244 360
380 537
361 514
99 105
403 565
430 573
412 824
296 841
446 608
183 602
93 338
469 638
375 922
357 741
325 854
314 609
245 363
167 554
216 645
563 944
609 809
658 976
547 867
167 560
145 280
493 893
369 984
81 219
75 792
313 542
330 632
152 540
419 911
287 947
180 275
107 701
385 531
673 906
277 316
126 418
517 926
380 807
361 626
6 838
462 496
153 997
228 655
161 907
305 759
252 278
142 755
307 541
14 884
181 832
206 268
528 700
448 500
269 750
109 689
76 326
37 673
631 920
586 980
32 579
12 305
189 330
395 923
147 668
130 841
806 822
42 709
493 603
85 551
314 593
40 220
442 766
110 339
801 873
82 757
361 779
465 911
413 789
158 679
717 813
681 739
49 206
222 798
333 398
423 872
155 798
227 393
259 983
708 889
47 53
316 439
466 687
672 916
338 630
226 697
136 628
762 789
36 338
256 646
644 791
93 255
137 864
318 665
50 510
209 898
502 527
231 859
293 314
181 718
528 588
173 694
245 452
874 950
29 289
353 924
364 622
150 293
297 345
235 433
547 845
747 851
312 524
273 610
183 340
589 802
330 392
118 449
30 351
12 742
603 654
56 891
162 369
90 921
47 377
7 902
412 445
389 998
5 914
580 854
597 884
215 485
378 488
2 740
532 651
100 153
306 340
298 571
454 810
417 563
470 594
478 527
82 686
463 891
290 615
567 658
532 905
347 948
171 656
154 875
115 936
369 657
344 815
263 856
168 949
214 410
441 806
291 307
90 837
632 768
261 604
245 773
165 713
380 770
511 546
108 184
258 810
726 844
97 298
421 660
72 472
320 878
284 951
579 866
14 887
301 763
260 973
116 995
162 224
265 577
696 756
57 749
18 473
172 930
161 195
221 867
305 934
195 203
400 650
406 811
253 971
270 443
304 859
67 573
614 915
702 760
444 536
41 804
717 738
176 690
482 765
737 883
37 199
477 942
313 370
102 435
479 631
148 939
291 890
115 925
293 817
316 539
300 478
77 977
711 796
134 846
76 882
68 865
424 731
25 329
124 321
624 961
447 721
73 203
47 945
99 308
389 591
416 876
776 777
805 847
516 719
331 350
332 651
664 857
760 772
95 276
78 529
165 218
144 593
210 701
226 745
324 873
550 756
671 988
394 852
68 840
640 952
431 676
321 996
405 991
533 566
348 592
635 761
897 960
799 991
248 959
537 823
9 835
24 442
84 315
392 487
193 885
461 982
614 782
602 993
826 979
465 839
60 224
725 943
243 642
451 909
106 370
315 627
295 904
301 917
167 545
349 570
267 393
708 729
19 359
154 636
440 794
1 308
256 266
535 797
249 820
34 600
92 326
66 249
68 407
348 569
376 851
339 509
27 249
722 807
207 677
72 695
498 668
250 320
254 551
286 520
58 181
582 824
564 630
109 735
122 649
315 899
269 989
901 942
17 64
559 728
177 543
303 638
386 844
345 816
356 939
504 737
349 503
140 582
601 740
325 669
295 870
169 967
354 654
117 850
1 205
88 342
203 723
808 955
53 464
641 772
239 943
396 913
453 710
204 949
123 141
367 526
819 862
200 336
28 234
703 784
243 429
207 523
62 201
858 890
634 867
101 588
562 872
64 643
705 812
23 217
247 677
371 422
265 879
402 988
670 914
304 382
327 990
3 79
884 946
65 699
583 745
83 636
111 116
647 789
365 736
300 680
304 379
522 576
175 340
43 474
262 732
153 667
53 494
669 937
