1000 1 166
3 7 6 10 4 9 10 8 10 7 10 4 6 5 7 8 5 6 10 7 6 10 3 6 4 4 10 3 4 7 4 8 6 5 8 5 10 6 7 4 5 6 6 4 3 3 3 3 5 2 8 4 6 10 10 5 6 6 5 5 5 4 3 5 7 4 7 5 5 9 2 10 4 7 6 6 4 6 4 5 8 5 6 10 8 2 6 2 7 10 7 2 10 7 4 5 9 3 2 3 2 10 6 8 10 10 4 5 5 8 2 5 3 4 6 8 10 3 4 6 10 4 8 3 5 8 5 2 3 10 9 3 9 4 4 3 4 6 2 8 2 2 3 4 3 9 7 6 5 2 5 7 6 9 10 4 3 3 7 9 10 10 10 3 6 3 3 2 5 6 5 9 10 6 10 6 7 2 6 9 7 5 6 2 6 9 2 3 10 5 4 5 2 4 10 7 10 2 9 6 10 4 4 9 4 2 10 2 8 5 10 10 3 3 5 3 4 7 6 3 7 3 5 8 4 9 10 4 9 3 5 7 2 7 5 2 2 10 8 6 2 10 6 2 4 3 3 4 8 8 4 10 4 8 4 10 8 6 6 6 9 6 10 6 2 6 6 3 10 8 8 5 5 2 8 9 4 7 4 9 8 3 6 6 8 10 2 4 8 7 2 2 10 7 6 7 6 9 9 8 4 6 5 7 7 10 7 4 10 2 4 2 4 9 10 4 2 4 7 3 4 10 2 2 6 7 8 5 5 8 5 8 10 6 9 8 9 4 9 7 2 2 5 4 7 4 10 9 7 6 10 5 8 8 10 3 8 6 7 7 6 10 8 2 4 2 7 2 2 6 3 3 7 6 10 8 2 5 9 6 9 10 10 6 3 8 9 4 6 2 7 9 4 10 9 5 2 7 2 5 7 10 8 9 9 2 3 4 2 5 10 5 6 2 6 2 5 10 3 5 8 6 9 5 8 5 10 3 6 3 9 8 9 5 9 8 7 10 10 6 8 6 2 7 5 2 8 9 5 4 4 4 5 4 8 8 9 6 8 4 7 9 9 9 7 6 3 3 6 5 7 3 8 7 3 8 6 5 10 5 6 10 8 4 8 7 5 4 7 6 7 5 2 5 10 6 10 6 2 4 9 7 9 2 5 10 4 3 4 6 7 8 6 2 5 8 2 8 4 6 9 10 9 3 10 4 2 7 2 5 4 7 4 9 5 7 4 4 7 2 5 7 4 6 7 2 4 5 2 2 6 2 2 9 7 5 10 5 2 4 6 5 8 7 8 10 8 3 5 5 4 2 7 6 9 9 8 8 4 6 9 7 6 8 2 4 6 3 7 3 8 3 4 2 8 7 8 6 6 10 7 3 2 5 7 6 5 10 7 10 9 9 5 2 3 6 8 6 4 8 10 7 9 9 3 8 2 2 6 2 5 4 5 10 4 6 3 9 6 8 3 9 4 6 8 3 2 10 4 8 10 2 5 4 8 8 7 10 5 5 5 2 7 8 7 5 5 6 7 10 10 8 2 6 4 7 7 4 4 8 2 5 9 8 7 4 2 7 6 6 8 5 5 9 8 7 4 6 4 10 3 9 6 3 4 5 9 3 10 3 9 7 4 3 10 7 5 3 3 8 4 3 3 7 6 3 8 3 3 6 5 3 10 5 10 9 7 9 7 9 6 3 8 5 8 6 5 4 8 2 2 3 5 4 6 9 3 7 8 2 7 2 2 9 7 10 5 9 9 9 3 2 2 10 3 9 7 6 3 10 10 10 9 3 4 8 2 6 2 8 2 4 10 5 5 8 2 5 2 7 8 9 5 8 10 8 2 3 7 5 6 10 10 10 2 9 9 7 7 9 8 10 10 8 3 8 10 5 10 4 4 7 9 2 9 5 7 7 10 8 8 4 2 3 8 6 6 3 7 4 5 3 4 8 2 9 9 10 4 8 10 9 5 5 4 5 2 9 9 8 2 5 3 9 2 10 4 7 3 9 5 7 2 5 9 3 3 6 8 9 7 6 6 10 8 6 8 10 4 2 10 10 3 6 6 2 7 5 6 8 8 4 8 4 3 7 7 10 9 10 8 8 10 6 5 5 2 8 5 3 7 2 9 9 10 6 3 10 6 4 6 8 7 5 4 2 6 10 8 9 6 7 4 4 10 2 9 9 7 9 4 6 7 9 4 2 5 4 6 4 10 9 4 8 9 8 4 8 8 2 4 8 10 8 6 8 9 8 2 4 7 4 8 6 9 2 6 9 7 10
520 744
458 520
458 699
494 520
181 744
623 699
520 871
43 494
494 848
494 705
302 520
253 623
11 520
439 623
253 312
501 699
573 705
51 705
253 280
11 898
705 946
478 520
253 285
184 458
280 554
564 946
253 770
520 776
494 730
312 518
302 507
302 837
272 494
272 303
520 586
501 689
292 705
414 623
421 946
343 554
77 898
744 986
851 986
545 730
611 986
280 346
343 602
178 507
573 661
458 792
162 837
444 792
153 602
361 730
51 422
837 995
285 973
361 794
237 661
764 794
822 848
414 757
315 602
181 667
110 744
175 507
64 162
181 858
480 822
527 851
17 110
187 794
89 851
343 597
110 239
664 770
478 820
272 928
78 89
110 994
43 490
215 792
770 912
749 946
121 501
292 566
586 959
181 581
494 568
132 912
285 384
16 272
518 980
837 853
33 215
581 642
581 921
33 441
597 677
71 667
560 822
63 490
684 792
433 478
98 494
51 290
16 224
224 410
89 645
197 684
946 957
505 837
507 548
427 505
111 770
321 507
208 280
145 458
744 864
629 705
86 490
361 941
182 208
224 761
557 837
645 998
354 573
611 989
837 849
597 937
640 946
247 458
569 705
490 687
664 824
197 967
82 272
20 518
444 500
507 713
208 617
181 435
33 843
480 635
417 623
569 697
566 810
40 602
272 339
16 644
424 770
55 478
162 954
730 958
754 995
396 623
110 867
315 337
210 315
545 964
104 145
169 427
116 617
315 485
78 504
334 770
11 171
554 587
318 776
228 998
305 986
570 586
303 387
421 727
397 500
614 871
240 557
512 568
566 962
22 439
771 794
98 547
303 981
704 705
384 772
435 942
157 439
512 686
164 853
184 907
377 566
609 686
488 957
46 822
619 686
439 553
451 761
98 809
611 838
75 609
61 928
354 793
776 976
187 541
899 962
849 868
884 946
33 694
438 602
564 834
308 853
113 614
361 371
850 871
732 837
141 566
334 815
264 822
769 848
111 551
308 790
142 644
223 568
334 975
63 151
666 772
301 494
485 695
149 898
92 384
258 504
175 462
132 918
754 978
278 713
303 984
670 907
110 535
550 981
371 870
695 842
804 989
104 358
75 532
18 642
636 704
128 500
921 934
664 891
546 670
207 570
237 393
767 843
301 367
271 609
479 661
290 678
651 704
89 904
202 396
213 308
567 730
633 986
55 647
93 644
248 946
15 527
433 777
417 737
202 533
18 382
406 614
678 866
831 973
677 916
655 868
824 865
485 489
478 828
393 861
83 116
216 553
160 954
848 927
676 978
41 78
107 754
414 846
208 889
40 965
26 387
144 358
655 752
141 908
105 339
5 303
706 846
168 321
677 906
619 801
363 831
198 377
187 506
802 934
163 441
5 760
75 692
403 843
64 345
188 934
568 821
100 197
294 302
103 550
86 549
526 981
254 548
192 973
224 580
777 949
569 950
294 736
310 439
589 846
658 695
350 441
150 647
397 886
191 846
188 219
590 764
804 932
566 649
38 609
222 937
138 527
490 855
932 935
21 228
285 890
162 196
146 760
202 763
284 667
97 548
152 171
411 855
170 998
185 848
571 769
863 870
570 720
15 112
346 823
3 553
984 996
346 909
406 693
453 611
618 821
302 552
411 499
607 962
361 710
26 718
283 934
614 685
70 169
178 808
15 591
159 678
18 201
607 997
573 826
334 583
973 982
290 911
385 549
18 971
725 997
191 415
251 253
47 633
634 868
258 862
37 98
208 456
116 360
67 550
624 664
357 546
305 940
149 738
805 828
76 761
731 757
207 860
434 548
170 896
26 892
620 706
188 605
419 927
63 841
764 812
43 524
392 867
152 174
607 654
337 876
84 693
4 964
307 661
222 835
216 873
818 954
987 998
227 689
744 775
235 777
712 907
302 452
246 623
302 574
624 663
523 978
351 687
107 379
183 568
77 758
792 917
792 829
140 351
94 684
139 654
605 827
851 993
147 162
122 820
225 411
598 736
324 644
537 548
87 865
4 766
131 695
128 370
153 543
725 878
280 347
11 955
356 932
187 756
223 813
683 876
41 252
237 726
446 507
134 152
67 787
613 998
400 478
206 959
58 828
79 87
379 881
30 98
456 522
2 89
161 937
387 783
300 770
383 543
514 522
429 490
753 758
784 993
222 985
507 600
511 541
57 835
753 888
106 160
588 965
485 521
325 655
326 906
229 766
882 942
618 751
20 593
653 884
173 545
881 894
522 988
7 554
539 862
69 676
910 987
492 695
159 698
23 46
69 901
322 962
317 712
377 442
479 924
203 864
246 398
266 521
683 735
27 904
158 654
333 784
287 414
453 622
104 795
370 782
202 416
7 516
350 497
247 366
686 859
876 933
251 332
562 842
242 292
178 691
433 872
556 809
97 277
596 732
242 262
624 974
287 681
217 876
77 508
699 1000
422 457
822 880
560 719
702 863
519 933
25 67
707 892
331 861
272 914
165 651
487 835
270 731
785 810
299 533
808 931
355 417
579 636
679 909
741 910
718 972
8 861
270 641
799 904
121 703
33 961
598 836
159 335
361 688
588 773
163 905
449 776
156 173
86 448
29 785
619 939
122 606
237 459
616 704
369 414
48 607
651 879
217 472
172 537
228 380
83 608
359 863
308 353
66 414
98 108
615 676
842 874
619 746
767 943
789 949
336 354
182 304
206 668
797 882
477 568
603 955
4 291
319 959
561 955
714 763
456 926
134 388
208 320
311 985
437 676
144 381
73 252
63 279
299 929
413 841
578 580
323 808
34 910
485 729
625 732
289 353
305 542
423 554
464 692
49 910
330 350
55 474
567 682
211 514
420 891
141 373
759 934
833 955
253 659
121 133
333 796
306 330
482 542
94 762
468 835
186 270
540 911
241 834
174 376
562 734
703 999
526 817
140 944
243 846
175 296
173 469
472 690
409 749
282 356
688 814
124 370
630 944
108 209
350 755
503 659
182 426
167 336
68 415
57 887
523 594
4 281
324 327
637 971
582 802
130 353
852 935
231 335
552 778
591 983
366 740
223 627
538 808
13 235
82 486
20 127
528 772
41 85
412 796
205 213
355 544
19 151
948 967
595 795
363 701
40 443
211 919
52 917
238 607
724 769
968 973
425 661
87 565
362 689
475 732
15 529
476 881
48 869
242 672
731 960
598 832
196 536
810 969
16 259
421 656
91 175
121 555
752 875
96 967
19 265
190 678
460 758
176 677
952 972
565 768
57 493
12 549
642 877
162 920
908 963
566 576
20 257
78 674
699 970
214 863
156 461
467 492
408 616
516 991
175 481
137 383
447 501
375 523
441 845
53 826
815 925
452 502
2 177
141 407
263 533
221 262
193 753
90 196
387 525
230 337
723 916
138 747
286 685
118 500
99 173
79 819
464 632
16 328
180 986
648 789
372 501
267 698
885 894
575 994
716 937
138 669
966 976
266 631
491 970
642 883
44 838
103 696
281 660
215 368
202 298
80 286
390 735
455 853
693 791
14 542
601 602
8 101
240 610
462 534
207 709
67 483
16 680
181 484
510 697
255 296
516 825
144 722
297 334
414 675
267 897
135 622
129 792
35 763
592 984
67 612
179 704
683 811
258 977
394 412
895 958
82 268
374 641
67 750
35 232
378 522
386 911
337 717
563 735
109 917
56 382
302 498
460 774
765 998
418 691
24 828
74 896
42 77
274 498
445 942
814 990
236 268
628 935
342 386
102 173
352 500
365 793
440 819
22 344
315 513
404 882
662 838
220 543
265 721
13 953
402 444
349 659
326 531
433 806
526 700
119 886
650 881
316 452
314 629
395 782
743 955
273 859
266 798
45 304
134 748
530 595
673 677
288 458
570 816
51 945
37 857
194 870
165 450
272 922
195 755
155 740
590 979
593 893
585 975
340 709
81 899
276 497
199 960
226 878
66 936
572 810
594 900
166 355
188 639
50 858
32 812
241 348
256 764
579 657
358 559
118 120
139 733
237 454
436 502
391 882
462 839
234 438
4 154
130 249
289 847
83 399
40 218
622 715
930 931
95 592
60 549
580 854
739 997
83 786
574 665
114 303
473 506
340 430
428 590
39 839
115 367
453 745
295 831
437 577
652 691
75 125
840 939
643 957
334 947
261 548
87 431
244 630
249 471
36 483
72 533
212 936
126 901
28 737
479 708
117 993
77 584
1 724
401 540
116 728
56 517
338 476
751 951
748 913
399 856
226 465
779 996
62 106
54 488
364 996
55 143
309 970
19 389
109 275
213 495
360 466
385 463
509 838
9 22
647 830
59 441
362 915
72 200
466 711
356 923
233 782
341 546
424 671
65 977
787 800
638 749
31 775
205 902
170 515
125 260
409 432
132 269
246 626
189 892
100 938
348 781
405 586
123 600
15 803
148 480
88 406
441 780
604 988
94 245
68 313
88 807
502 956
6 572
151 621
104 742
261 903
496 826
50 470
10 60
207 599
293 851
329 751
646 665
462 844
552 558
31 992
204 523
250 854
136 368
58 788
