500 506 39
590 723 939 38 411 462 235 509 962 960 494 516 270 938 870 59 701 972 265 118 216 556 816 331 40 213 289 83 955 86 711 485 775 381 816 952 542 116 680 111 899 74 789 978 133 957 690 114 9 942 791 724 364 29 185 779 201 72 886 975 72 334 868 154 296 169 826 677 630 651 599 310 694 687 81 117 250 668 529 680 865 422 406 827 817 517 727 667 88 682 965 341 687 22 663 722 65 310 416 903 874 125 942 746 763 424 532 807 269 319 603 908 308 482 13 137 631 115 810 85 557 291 294 997 153 55 346 709 249 492 713 132 115 440 959 723 705 996 53 270 480 239 424 919 867 660 499 487 197 463 634 159 23 147 393 38 926 648 459 603 808 99 831 293 601 279 800 353 449 883 541 316 576 763 568 337 398 419 898 829 852 817 231 450 926 659 230 521 941 561 148 163 656 676 793 362 755 399 147 715 947 189 570 639 664 76 516 522 476 616 529 235 571 906 465 558 963 162 525 550 470 331 924 351 334 926 911 738 337 338 279 394 637 715 165 592 950 136 338 5 338 624 665 971 609 569 282 86 153 374 653 195 877 827 397 573 250 641 175 820 944 612 942 290 420 566 806 586 217 451 616 610 65 167 894 75 510 301 696 574 590 162 173 969 359 32 269 427 511 423 775 780 911 553 183 392 496 765 875 365 903 256 461 475 973 822 123 548 578 790 606 196 595 951 344 755 482 13 673 440 429 913 763 968 409 416 909 224 760 435 205 487 320 959 946 807 167 701 368 693 788 533 557 975 448 22 284 223 332 377 584 949 724 983 19 777 221 112 183 857 491 926 325 487 678 970 644 535 678 669 69 992 197 784 829 728 427 872 698 613 704 28 409 546 509 186 239 238 444 314 502 851 129 112 651 150 193 455 870 682 466 268 714 794 635 473 973 831 902 443 178 878 771 703 365 382 591 824 238 24 180 596 170 328 43 311 183 59 927 488 671 529 652 259 214 861 784 287 743 611 473 129 435 842 719 504 868 866 939 882 258 751 615 599 459 662 64 757 808 279 490 436 366 76 587 387 834 361 331 49 929 493 434 841 767 736 811 600 838 893 983 329 353 370 245 795 609 253 648 433 536 209 265 498 244 650 16 842 190 101
378 411
223 411
199 223
199 331
331 407
1 407
1 192
52 192
52 360
353 360
271 353
198 271
3 198
3 250
250 350
350 427
318 427
318 453
293 453
163 293
163 393
19 393
19 114
114 216
157 216
157 287
280 287
280 352
103 352
103 386
307 386
248 307
248 491
253 491
117 253
67 117
67 104
104 303
9 303
9 479
302 479
135 302
135 326
79 326
79 158
158 467
308 467
238 308
24 238
24 224
224 290
149 290
149 272
13 272
13 420
420 433
398 433
398 450
230 450
230 288
180 288
36 180
36 419
419 461
335 461
57 335
57 396
274 396
196 274
58 196
58 267
267 447
31 447
31 183
131 183
35 131
35 440
440 484
125 484
125 178
178 328
314 328
77 314
77 244
244 452
370 452
168 370
168 239
239 457
90 457
90 414
402 414
184 402
184 214
214 356
349 356
155 349
127 155
42 127
42 190
190 275
4 275
4 472
111 472
111 320
66 320
66 422
422 459
126 459
126 185
176 185
176 409
226 409
226 247
44 247
44 348
169 348
87 169
87 300
300 375
109 375
109 210
210 297
297 428
59 428
17 59
17 316
153 316
74 153
16 74
16 51
51 83
83 485
80 485
80 388
197 388
197 372
306 372
45 306
45 362
108 362
108 426
321 426
321 418
236 418
236 476
34 476
34 458
400 458
281 400
281 413
329 413
254 329
144 254
144 465
38 465
38 105
105 322
269 322
225 269
225 373
284 373
175 284
8 175
8 194
70 194
6 70
6 278
152 278
122 152
122 438
162 438
162 204
204 218
218 380
338 380
227 338
227 432
262 432
64 262
7 64
7 468
434 468
342 434
342 481
156 481
156 182
182 404
404 446
294 446
171 294
171 471
336 471
336 341
203 341
73 203
73 173
173 500
206 500
206 333
136 333
136 421
75 421
26 75
26 282
138 282
138 205
205 276
276 494
489 494
72 489
65 72
65 358
289 358
217 289
217 496
441 496
410 441
385 410
189 385
166 189
166 477
39 477
39 369
330 369
311 330
211 311
143 211
143 319
319 408
106 408
106 118
118 268
97 268
97 270
270 469
431 469
412 431
99 412
99 392
392 425
425 442
181 442
181 364
11 364
11 403
389 403
47 389
47 165
43 165
43 327
241 327
241 384
384 455
455 474
359 474
359 405
98 405
98 207
95 207
95 435
334 435
21 334
21 23
23 343
89 343
89 323
323 387
265 387
76 265
33 76
33 191
191 401
401 445
255 445
18 255
18 390
390 399
252 399
96 252
96 286
256 286
50 256
50 124
124 213
213 430
430 478
478 483
212 483
212 367
10 367
10 340
219 340
219 261
261 264
150 264
150 164
119 164
88 119
88 377
148 377
148 231
231 310
22 310
22 365
221 365
86 221
86 482
475 482
78 475
78 456
325 456
325 462
130 462
130 498
69 498
69 379
195 379
195 371
371 424
424 443
443 480
266 480
107 266
55 107
55 147
147 260
41 260
41 113
101 113
101 258
129 258
63 129
63 444
209 444
209 395
200 395
160 200
160 313
312 313
312 470
71 470
71 242
62 242
14 62
14 56
56 142
142 466
361 466
187 361
82 187
82 243
215 243
215 436
436 492
12 492
12 460
291 460
291 415
415 448
437 448
246 437
246 499
186 499
186 473
5 473
5 25
25 60
60 257
29 257
29 234
234 416
317 416
193 317
92 193
92 495
91 495
91 344
285 344
32 285
32 397
301 397
240 301
237 240
237 423
233 423
233 249
249 490
53 490
53 251
48 251
48 123
37 123
37 146
146 179
46 179
46 347
140 347
140 324
228 324
85 228
85 94
84 94
84 296
220 296
220 332
121 332
121 374
177 374
102 177
102 232
174 232
174 454
366 454
366 463
141 463
141 383
54 383
54 235
235 304
145 304
145 259
259 493
273 493
273 357
81 357
81 167
116 167
116 486
346 486
346 449
449 464
112 464
112 170
170 305
305 406
154 406
154 159
20 159
20 429
61 429
61 292
28 292
28 93
49 93
49 394
337 394
201 337
139 201
139 295
263 295
134 263
134 172
172 188
68 188
68 363
115 363
115 283
283 354
339 354
339 355
355 488
128 488
128 497
132 497
132 451
133 451
120 133
120 161
151 161
151 315
229 315
229 439
309 439
309 368
368 381
381 382
15 382
15 245
100 245
100 279
202 279
40 202
40 391
30 391
30 351
351 376
137 376
137 277
277 417
208 417
2 208
2 222
222 487
27 487
27 110
110 299
298 299
298 345
