1000 48 10
29 11 18 46 41 25 17 13 50 8 14 17 36 5 19 14 9 45 19 47 36 3 49 12 19 14 21 40 50 32 12 6 19 7 35 18 32 23 43 15 24 25 38 45 49 37 15 45 30 42 32 24 13 45 10 30 49 4 19 9 22 30 2 28 28 12 3 44 40 36 29 14 45 10 17 3 14 7 49 24 28 6 25 2 23 3 40 17 19 30 44 27 34 11 3 32 6 47 1 35 23 49 1 47 37 46 27 47 49 27 21 2 14 15 46 29 31 29 8 27 10 28 17 20 7 41 8 50 25 5 42 43 28 12 18 46 36 10 14 46 9 17 13 2 22 3 45 45 39 26 17 46 22 13 46 31 31 44 49 31 20 10 24 21 36 26 29 20 47 29 40 28 7 34 28 7 18 30 49 8 20 46 49 16 18 22 32 42 5 44 33 36 38 44 39 32 2 42 18 7 19 43 1 13 47 49 23 35 30 22 8 15 17 41 40 19 16 22 20 40 9 30 33 30 5 41 9 27 14 41 2 30 30 38 32 4 7 1 46 21 20 23 40 46 15 25 41 11 16 37 18 6 15 40 39 16 29 49 19 7 39 5 37 12 1 22 25 34 10 7 33 50 6 45 26 25 34 43 7 36 2 31 25 5 30 23 19 45 24 37 23 39 5 13 32 19 30 25 16 28 38 31 42 50 36 27 7 41 41 37 11 28 28 8 8 37 49 12 9 13 49 2 43 39 14 19 50 8 3 13 26 33 34 20 20 49 17 1 19 15 7 16 45 14 2 37 42 23 3 41 7 10 28 32 45 8 23 22 18 45 5 47 14 37 21 37 27 3 26 4 39 50 6 44 1 38 33 44 35 36 12 29 36 7 5 11 31 5 5 23 29 4 50 28 36 27 44 26 13 35 37 15 50 15 22 16 6 7 7 6 39 1 45 26 3 9 35 34 4 43 10 46 27 9 31 31 33 8 31 49 26 38 42 16 44 38 29 8 11 17 20 12 20 15 1 18 35 7 43 3 36 17 1 18 26 5 34 46 21 28 41 22 7 27 6 10 13 25 4 12 12 28 11 35 31 1 25 31 31 8 20 14 25 6 33 43 7 15 43 7 35 3 26 7 23 36 8 5 6 3 5 12 10 7 12 32 9 50 16 46 12 35 1 26 13 33 44 33 1 23 19 13 16 6 1 1 10 5 17 23 23 3 32 32 4 16 10 32 32 33 25 46 30 32 23 33 7 33 44 6 29 44 13 8 5 25 22 37 30 10 20 41 44 17 25 15 9 14 47 1 39 35 32 29 5 6 35 10 31 35 49 28 7 38 38 6 34 45 16 1 4 25 49 44 14 19 12 19 32 14 9 49 36 6 40 19 29 8 18 44 5 23 5 14 2 23 10 11 30 43 10 35 33 34 8 3 26 31 1 50 24 14 18 27 1 31 23 44 45 46 8 13 27 26 32 39 20 43 39 11 15 33 50 22 1 40 22 10 26 1 16 28 29 12 27 3 45 3 26 15 43 24 2 3 24 26 4 25 30 50 30 10 39 50 16 27 12 47 4 49 17 4 45 28 25 35 42 10 6 32 38 14 14 6 25 24 36 2 49 46 50 37 36 1 15 46 24 31 17 12 17 49 32 39 9 10 39 24 4 4 49 28 27 13 15 18 39 16 19 43 37 2 19 6 7 20 6 17 4 13 25 33 27 4 21 25 23 4 1 1 9 25 4 9 28 28 27 22 42 42 16 50 37 8 47 37 27 50 28 23 45 6 21 10 41 50 14 12 26 49 41 37 34 26 50 28 24 5 27 45 16 45 47 14 3 35 5 33 2 32 28 13 47 30 18 30 43 14 34 5 31 5 13 5 6 36 31 33 22 38 21 15 16 4 16 11 46 11 46 6 15 7 22 12 2 26 1 2 11 13 2 11 29 36 32 11 1 31 16 11 12 29 43 26 21 13 19 40 31 46 23 12 44 8 36 21 38 43 3 33 29 26 47 40 21 42 30 2 1 24 6 23 8 40 24 42 38 12 37 20 44 25 11 10 46 36 47 33 18 27 3 28 50 25 32 50 4 2 27 43 1 49 29 19 50 7 24 19 47 24 29 38 46 44 45 36 38 41 38 9 36 43 18 20 33 22 31 28 23 50 23 14 46 1 47 36 30 15 1 50 35 30 40 29 50 24 19 3 36 41 15 39 16 12 24 40 8 42 30 49 37 27 50 23 31 44 38 24 12 36 26 50 9 18 36 9 20 15 21 41
510 598
510 768
598 705
381 768
252 598
11 252
598 722
364 598
598 854
11 379
197 854
613 854
705 965
613 998
866 965
381 819
379 753
956 998
399 866
884 956
613 990
35 252
914 998
188 364
268 884
197 738
252 740
364 817
252 805
598 661
740 759
613 973
41 722
510 874
252 926
740 938
237 990
502 926
381 947
399 457
381 952
678 973
217 740
524 990
331 722
206 956
182 510
91 722
753 964
59 268
11 159
613 916
42 998
457 975
710 975
419 598
575 956
693 973
740 987
769 998
340 973
437 598
364 726
387 705
592 916
30 998
733 964
719 973
270 805
185 206
91 999
185 299
11 608
159 467
217 616
435 916
310 759
13 710
340 622
27 613
512 622
73 678
91 234
159 571
309 510
914 989
103 381
188 534
510 917
188 242
437 849
722 812
30 587
389 759
389 963
265 512
946 999
661 724
188 697
101 340
200 705
777 963
152 206
83 926
439 998
59 465
596 917
91 105
93 874
316 575
843 965
805 907
490 874
571 614
914 983
176 990
159 454
35 303
313 819
21 159
21 373
675 866
572 817
54 373
21 881
400 726
347 952
74 400
366 843
197 915
379 842
385 399
525 768
524 561
41 639
194 299
405 572
27 482
874 931
849 949
159 676
629 866
676 764
366 505
467 715
124 693
133 777
65 849
27 974
358 613
467 775
435 442
278 949
13 537
913 947
492 693
243 399
157 399
576 915
614 991
228 381
316 565
366 415
299 814
423 931
450 849
159 978
541 777
316 689
379 898
524 617
232 843
236 340
648 812
512 797
260 347
438 608
42 741
373 851
328 661
356 805
367 616
68 866
482 773
544 999
51 234
13 748
854 958
482 599
123 987
194 233
508 974
387 479
477 956
576 585
738 830
389 516
197 201
299 801
329 340
158 516
309 912
91 250
183 956
99 105
375 912
252 323
562 964
545 819
769 979
678 798
541 951
675 893
188 871
40 206
252 839
794 978
111 415
54 427
428 964
37 197
260 892
675 920
91 339
819 970
615 989
691 998
233 924
562 652
299 306
231 963
237 397
775 976
250 928
479 496
427 520
768 859
111 501
176 770
413 501
457 540
284 952
545 862
122 710
708 884
157 468
544 704
23 454
164 340
319 323
176 383
83 742
215 742
454 632
576 922
277 405
465 683
580 862
35 151
474 525
218 614
608 966
79 218
79 846
292 797
249 419
409 866
316 566
194 378
35 222
678 721
848 892
111 486
169 710
490 638
33 292
114 265
659 862
617 717
598 834
730 912
118 566
65 302
99 351
932 990
361 893
597 898
324 854
676 832
482 714
642 708
537 954
155 987
22 366
654 954
689 803
11 873
419 822
402 642
556 978
590 922
88 292
222 793
158 354
157 246
338 917
162 597
238 951
397 955
242 658
247 590
383 897
87 565
377 454
490 673
212 819
284 480
15 37
282 978
278 757
419 944
247 906
455 505
354 601
164 171
490 560
106 608
739 893
95 956
520 583
508 671
13 860
122 961
211 990
153 671
79 441
596 655
527 534
12 415
807 866
274 442
294 415
1 638
425 675
133 804
184 601
758 987
292 734
6 881
540 651
695 873
611 695
13 253
236 716
101 895
396 465
404 849
457 484
92 527
690 794
124 341
477 784
405 828
597 750
123 412
590 833
270 885
277 890
108 561
129 842
15 126
724 827
438 470
26 92
202 598
564 597
396 647
235 299
49 482
82 105
1 815
516 945
335 613
218 883
818 890
484 820
25 750
354 643
456 580
144 616
69 486
506 695
82 346
508 578
507 931
222 880
186 477
523 915
279 404
607 613
508 829
400 570
880 993
276 951
627 638
444 954
119 917
718 897
83 210
310 957
14 849
525 756
235 660
307 718
718 933
741 752
69 670
50 316
664 873
220 341
81 118
84 952
908 954
144 594
138 991
219 973
101 374
507 586
849 984
489 733
505 554
365 926
245 565
468 692
328 992
133 414
478 833
161 590
90 566
307 460
74 923
656 814
254 721
649 734
698 912
643 867
143 991
352 523
12 569
98 413
12 755
654 1000
582 733
125 482
108 267
468 995
96 119
222 579
25 882
201 816
14 31
158 418
90 699
289 400
194 936
539 859
75 489
896 906
613 910
159 165
479 962
245 969
68 443
290 616
205 658
579 960
647 855
381 677
415 745
510 810
431 978
776 801
442 901
218 461
239 569
233 746
140 818
64 222
846 977
216 243
96 633
205 604
197 802
414 749
331 609
434 993
38 629
44 385
123 288
436 970
637 966
681 738
151 821
124 612
155 588
7 901
125 181
391 794
748 971
140 835
105 420
271 284
147 776
264 331
251 815
585 865
40 889
54 85
139 597
877 969
553 936
606 992
451 678
72 931
611 754
288 433
480 709
254 728
197 790
454 761
66 979
286 354
224 404
376 617
347 459
372 695
285 527
63 81
384 436
175 523
804 844
189 938
189 317
808 882
469 714
477 847
604 634
677 905
422 436
576 841
173 834
75 618
135 647
180 753
528 597
58 441
531 613
767 834
324 894
275 709
334 562
595 637
98 568
515 586
497 510
742 939
55 468
34 235
532 592
465 921
102 456
614 879
781 890
82 481
261 391
36 162
168 660
309 371
589 947
564 785
288 567
159 674
277 546
335 500
388 750
504 761
600 820
241 364
32 317
39 512
586 891
81 899
144 327
2 168
768 800
254 398
93 972
723 769
342 564
720 804
329 823
209 895
458 477
555 798
512 903
66 791
50 345
539 878
376 641
720 982
360 576
124 863
134 730
639 997
270 417
148 905
726 888
645 658
105 262
487 525
186 214
343 540
259 439
318 639
216 488
271 591
46 501
24 629
97 674
824 873
199 409
88 703
462 678
376 711
821 902
181 574
88 725
718 806
657 781
289 635
466 750
591 684
170 692
328 543
63 256
288 390
204 569
688 761
322 335
20 496
59 255
96 503
135 869
103 293
432 484
747 812
557 814
49 78
544 581
118 864
665 734
400 778
57 739
56 891
93 831
105 630
163 598
425 850
287 396
110 133
34 519
468 621
51 403
172 615
333 885
204 359
552 817
668 698
193 443
583 667
273 908
608 640
377 602
290 774
187 617
305 338
370 611
680 740
653 695
20 401
573 1000
780 964
576 646
472 916
277 937
258 833
365 713
468 495
182 410
116 503
121 260
646 875
529 540
127 579
118 447
854 948
614 624
429 903
225 571
5 874
751 1000
776 795
284 449
487 732
774 942
521 711
707 931
696 800
407 984
149 867
203 342
227 973
249 605
115 720
80 505
506 837
263 553
169 380
858 875
676 927
821 980
898 930
131 247
534 787
509 600
274 445
120 689
293 421
819 886
276 712
147 887
381 840
430 516
471 697
266 487
298 597
12 43
398 779
381 765
358 811
195 937
104 930
333 792
283 859
662 851
329 706
250 994
493 894
265 909
226 572
86 928
109 807
47 414
537 685
379 666
143 694
208 374
446 808
61 287
9 64
369 883
603 979
269 991
527 950
52 678
211 813
18 859
716 857
558 822
91 547
713 838
133 536
94 249
535 590
550 670
925 946
178 364
112 905
424 939
559 777
518 998
60 873
146 595
157 190
841 868
102 760
359 826
228 904
610 629
679 790
499 568
100 111
426 572
844 959
174 879
516 953
45 899
292 337
326 993
272 674
489 900
272 736
233 551
89 111
834 919
285 727
140 166
355 665
358 729
842 845
432 517
414 628
125 394
601 788
391 406
7 300
968 974
426 763
530 817
316 985
463 823
203 853
134 154
150 272
393 470
258 686
16 883
91 911
17 893
344 998
666 799
783 849
796 813
177 184
139 735
286 336
62 958
230 534
4 911
304 536
348 718
347 672
81 452
171 533
883 934
685 986
617 943
382 597
312 998
346 825
439 731
483 997
301 372
158 411
29 354
349 488
232 315
563 906
573 701
48 661
28 868
156 642
618 687
257 881
107 460
700 890
204 548
71 673
513 595
130 906
782 977
113 131
668 809
160 793
145 804
314 461
128 783
494 936
191 873
521 542
196 289
221 449
132 217
675 872
400 935
386 445
499 538
914 981
137 387
3 470
317 623
836 860
665 856
320 711
789 951
47 296
46 941
213 505
416 971
625 731
311 565
179 610
967 975
197 522
261 743
240 726
19 648
141 883
593 598
395 828
680 682
162 511
10 349
771 995
453 858
615 644
217 308
243 619
95 440
392 430
626 735
487 584
291 537
861 999
155 577
325 927
148 332
603 876
198 432
189 485
26 76
411 702
248 950
128 762
280 793
230 281
994 996
775 988
142 642
77 527
36 67
330 579
53 360
362 854
267 663
223 938
737 984
526 823
136 823
295 467
413 498
253 766
117 921
786 931
475 548
6 448
625 918
549 876
192 979
401 620
368 412
473 904
321 912
84 631
350 404
568 636
8 486
566 744
232 772
476 596
178 514
70 96
426 491
639 929
379 408
120 870
353 638
297 874
167 458
363 718
229 476
206 244
464 933
163 650
174 852
207 316
357 856
334 669
898 940
