1000 813 619
793 194 934 138 104 691 212 695 669 628 499 990 249 880 648 150 932 670 876 599 450 437 600 124 444 732 155 862 435 386 968 817 394 705 867 954 309 224 685 793 668 49 470 931 812 815 91 428 744 605 600 475 196 507 159 590 859 810 890 448 41 819 365 976 27 90 504 67 413 841 571 677 396 642 987 652 110 188 84 86 391 251 687 756 382 129 503 278 863 425 566 873 833 886 429 647 890 479 884 926 266 261 46 779 822 856 521 928 774 135 252 676 337 335 2 738 311 975 591 357 72 81 936 146 283 826 719 574 713 38 999 906 163 718 693 540 48 947 104 232 116 840 859 830 646 395 200 646 273 676 863 73 774 481 239 898 543 609 204 278 126 135 402 79 383 170 737 479 940 139 722 427 664 678 576 725 982 701 962 863 3 449 96 685 17 138 508 994 285 945 260 822 59 644 669 678 120 858 42 892 265 624 916 73 930 842 716 616 537 958 760 701 453 94 242 830 449 228 799 225 325 275 134 886 39 171 863 630 85 910 879 924 86 401 25 194 106 413 766 768 408 678 785 705 791 835 892 622 86 735 191 543 999 87 19 622 425 598 377 255 670 109 928 494 69 367 103 439 601 820 319 291 985 340 557 809 633 479 815 788 240 75 21 828 555 989 442 799 643 3 322 105 947 57 510 834 709 762 534 687 805 386 143 843 261 162 621 344 579 188 114 64 592 935 416 657 762 13 412 960 252 739 371 125 508 8 585 952 102 490 959 442 791 14 413 856 61 94 473 403 677 544 374 267 652 276 529 533 762 470 504 730 108 893 452 954 393 571 520 473 408 495 506 441 384 263 410 608 39 361 472 172 655 948 515 524 230 490 767 888 757 633 471 740 667 523 284 161 554 706 92 260 387 688 630 43 318 46 357 389 453 155 467 834 761 920 632 739 268 777 99 315 321 54 8 470 217 723 843 8 464 261 948 794 631 718 44 377 315 627 118 335 621 172 793 965 155 867 694 665 776 1 213 101 552 477 380 944 878 790 362 386 273 435 145 562 564 505 947 889 309 158 431 124 465 75 347 838 982 319 612 293 592 833 124 462 992 462 331 499 370 292 401 180 118 318 915 596 442 937 868 29 454 910 974 982 504 570 817 884 368 386 403 231 158 682 568 311 867 688 172 478 246 765 239 672 48 116 593 312 658 406 54 172 581 741 531 676 321 791 378 999 587 605 490 632 745 389 611 719 920 260 928 610 120 480 717 301 397 854 459 831 594 807 850 855 273 161 295 55 334 147 230 472 429 560 242 422 689 367 34 686 271 330 262 861 209 983 163 507 879 980 898 888 539 470 784 541 796 267 634 510 558 318 135 54 136 259 594 844 694 467 952 141 95 938 175 513 98 552 696 818 493 293 238 531 614 297 711 390 629 810 787 745 841 183 570 121 394 293 963 215 528 808 195 706 714 12 914 694 665 204 996 763 382 947 910 49 769 625 512 955 236 128 634 241 863 128 578 818 341 143 101 401 559 477 155 936 431 832 296 538 624 923 928 30 212 212 755 881 254 294 322 786 529 444 1 556 672 271 453 376 632 641 935 41 987 835 249 540 766 797 313 263 53 732 988 465 558 249 557 171 451 183 302 294 100 333 45 332 76 5 51 27 67 739 802 624 844 442 381 696 919 660 364 629 330 89 855 614 980 570 667 680 578 838 403 116 293 724 873 449 324 154 949 396 198 509 909 412 994 666 782 203 611 829 257 706 966 24 770 716 254 806 685 479 146 841 834 286 901 969 995 634 886 349 282 33 257 911 873 983 902 307 636 861 472 528 138 344 769 234 996 172 604 943 12 880 35 513 594 531 162 235 259 927 907 192 444 189 228 720 485 225 94 436 225 95 583 868 628 6 147 687 590 541 238 851 760 579 957 678 404 43 301 812 226 144 596 17 616 805 7 369 642 336 699 326 314 24 313 619 458 397 340 87 95 847 44 523 912 281 456 359 848 871 991 874 328 414 455 897 473 451 242 642 647 526 214 825 930 696 404 595 994 68 188 641 80 42 126 535 861 1 908 622 693 294 118 718 404 944 894 640 12 926 29 979 749 851 893 445 655 624 354 37 548 347 827 62 905 239 572 887 406 300 57 729 268 752 20 992 167 718 847 94 188 422 913 868 300 445 898 202 329 943 105 769 769 642 297 263 721 245 919 626 220 585 175 985 460 150 15 696 504 33 852 538 815 364 652 220 291 918 684 919 585 253 587 270 249 138 398 425 169 28 149 994 383 272 
503 754
503 808
808 850
568 850
325 568
148 325
148 158
158 950
141 950
64 141
64 842
842 921
732 921
96 732
96 833
224 833
224 636
636 867
489 867
389 489
389 456
456 488
1 488
1 78
78 112
112 137
137 407
247 407
247 410
410 499
375 499
375 907
845 907
769 845
769 928
382 928
382 649
649 852
414 852
204 414
204 285
220 285
119 220
119 610
610 959
959 996
976 996
651 976
533 651
533 958
781 958
589 781
194 589
194 397
79 397
79 620
620 706
43 706
43 830
688 830
688 914
159 914
159 912
179 912
179 891
405 891
405 591
459 591
116 459
116 780
685 780
685 905
466 905
138 466
138 954
473 954
230 473
193 230
193 221
221 420
420 741
741 744
593 744
321 593
321 953
824 953
520 824
520 828
101 828
101 271
271 475
433 475
219 433
219 599
477 599
451 477
451 540
540 622
457 622
457 498
244 498
244 934
532 934
532 878
203 878
99 203
99 191
125 191
125 443
24 443
24 789
94 789
94 237
237 411
33 411
33 799
554 799
554 887
504 887
427 504
133 427
25 133
25 939
386 939
386 496
496 866
692 866
692 815
815 961
509 961
479 509
479 569
470 569
470 862
169 862
169 583
583 737
63 737
63 718
656 718
29 656
29 62
62 573
573 582
131 582
131 528
437 528
149 437
149 214
214 785
510 785
510 541
541 723
355 723
355 462
346 462
346 702
604 702
604 713
713 764
764 812
767 812
442 767
52 442
52 340
340 791
366 791
170 366
170 923
432 923
392 432
280 392
280 497
419 497
419 952
581 952
295 581
295 333
333 890
435 890
435 946
81 946
81 605
605 855
406 855
406 438
360 438
360 666
666 900
90 900
90 474
474 648
490 648
259 490
259 927
60 927
60 668
668 937
629 937
250 629
250 273
273 700
598 700
506 598
506 965
740 965
160 740
160 353
353 903
50 903
50 938
85 938
85 719
288 719
288 570
570 848
654 848
654 960
638 960
638 910
827 910
623 827
49 623
49 374
374 811
181 811
181 436
436 748
185 748
185 487
363 487
363 735
260 735
260 978
61 978
61 308
308 664
664 759
759 768
262 768
187 262
187 486
486 872
208 872
208 401
401 957
839 957
241 839
241 690
76 690
76 367
249 367
34 249
34 675
505 675
275 505
105 275
105 460
460 968
248 968
248 874
176 874
176 882
283 882
115 283
115 316
316 986
986 993
278 993
278 873
758 873
199 758
199 1000
331 1000
331 766
766 816
118 816
118 851
311 851
311 733
733 750
621 750
579 621
370 579
370 558
558 973
455 973
147 455
147 313
313 643
384 643
361 384
344 361
319 344
319 417
417 841
120 841
120 390
100 390
100 544
544 683
624 683
416 624
274 416
274 730
478 730
296 478
80 296
80 630
630 909
557 909
557 615
615 670
383 670
383 609
218 609
108 218
108 324
324 699
652 699
469 652
172 469
172 696
696 883
357 883
357 736
736 847
282 847
261 282
261 693
693 802
602 802
369 602
242 369
20 242
20 627
341 627
341 351
351 597
290 597
272 290
30 272
30 676
676 825
279 825
279 846
161 846
161 760
134 760
13 134
10 13
10 916
517 916
517 805
574 805
254 574
254 431
117 431
117 524
376 524
376 468
468 563
186 563
186 595
511 595
6 511
6 672
672 742
625 742
238 625
135 238
12 135
12 178
178 507
151 507
151 858
858 885
885 888
697 888
697 853
257 853
257 710
710 817
35 817
35 940
801 940
584 801
545 584
545 975
223 975
223 239
239 787
787 820
236 820
236 646
103 646
87 103
87 287
287 408
157 408
157 530
213 530
213 711
77 711
77 97
97 955
215 955
207 215
207 381
349 381
349 995
450 995
450 998
23 998
23 918
837 918
749 837
679 749
156 679
156 822
659 822
40 659
40 53
53 68
68 797
797 897
722 897
227 722
227 818
393 818
202 393
202 879
2 879
2 856
391 856
391 859
616 859
616 726
136 726
136 228
228 745
300 745
300 632
73 632
73 753
197 753
197 231
231 553
549 553
549 796
796 810
633 810
413 633
413 463
463 967
898 967
385 898
86 385
86 535
291 535
291 930
243 930
243 956
180 956
180 580
580 865
347 865
171 347
171 770
770 786
201 786
201 398
302 398
302 757
448 757
448 657
293 657
145 293
145 792
687 792
626 687
216 626
216 773
716 773
716 861
804 861
190 804
5 190
5 774
253 774
168 253
168 665
423 665
423 709
565 709
380 565
380 640
39 640
39 756
661 756
661 776
776 932
720 932
513 720
184 513
184 876
22 876
22 493
493 695
400 695
400 992
59 992
59 915
587 915
167 587
167 251
251 906
266 906
266 523
523 531
494 531
494 596
328 596
27 328
27 31
31 93
93 212
212 336
153 336
153 962
132 962
132 444
444 572
572 721
721 963
21 963
21 577
514 577
514 834
421 834
421 727
727 880
65 880
32 65
32 483
483 765
425 765
327 425
44 327
44 964
731 964
343 731
343 484
484 618
539 618
539 782
4 782
4 142
142 929
929 979
562 979
562 564
297 564
297 662
365 662
365 546
546 771
771 991
747 991
345 747
345 694
694 829
491 829
424 491
424 650
330 650
330 892
892 999
987 999
832 987
728 832
46 728
46 58
58 140
140 913
674 913
674 894
89 894
89 310
310 902
192 902
192 762
608 762
47 608
47 174
174 585
72 585
72 113
113 889
884 889
575 884
575 678
56 678
56 644
36 644
36 823
548 823
548 698
332 698
332 440
48 440
48 164
164 703
518 703
518 809
671 809
592 671
83 592
83 388
388 806
255 806
232 255
232 942
329 942
329 941
57 941
57 901
561 901
177 561
177 686
110 686
110 377
377 480
69 480
69 162
162 739
195 739
195 607
399 607
3 399
3 155
155 550
543 550
84 543
84 121
121 712
637 712
637 653
114 653
114 233
233 899
364 899
364 935
603 935
183 603
183 210
210 836
612 836
529 612
529 717
264 717
264 619
403 619
315 403
70 315
70 534
534 705
88 705
88 911
645 911
163 645
163 258
258 751
378 751
378 515
16 515
16 127
127 371
371 559
18 559
18 893
803 893
234 803
225 234
225 641
641 691
188 691
188 317
269 317
269 492
314 492
102 314
102 667
268 667
268 522
396 522
396 508
508 870
601 870
601 614
263 614
235 263
235 943
647 943
647 795
106 795
106 886
354 886
354 854
704 854
38 704
38 95
95 358
358 571
571 590
465 590
394 465
394 526
526 793
445 793
445 944
617 944
165 617
165 458
409 458
409 994
868 994
868 981
594 981
299 594
252 299
252 567
481 567
481 931
500 931
500 755
276 755
276 628
628 948
482 948
482 974
422 974
402 422
402 560
320 560
320 512
426 512
173 426
173 196
196 309
246 309
7 246
7 430
430 552
552 779
150 779
150 323
323 835
144 835
144 256
111 256
111 449
449 708
348 708
348 495
294 495
294 843
527 843
527 588
588 613
485 613
485 790
303 790
28 303
28 945
66 945
66 342
342 966
428 966
428 949
783 949
556 783
516 556
467 516
129 467
129 189
189 924
763 924
124 763
124 542
304 542
304 729
639 729
182 639
182 997
982 997
724 982
724 777
130 777
74 130
74 139
139 335
175 335
175 578
578 844
844 863
863 989
631 989
387 631
301 387
301 925
925 984
951 984
338 951
338 819
537 819
307 537
307 970
146 970
146 281
270 281
270 701
701 871
9 871
9 772
362 772
362 707
55 707
37 55
37 840
429 840
429 864
476 864
476 725
715 725
206 715
206 337
337 743
743 788
143 788
143 784
502 784
14 502
14 634
267 634
267 566
566 971
67 971
67 807
807 838
312 838
312 441
441 555
555 972
152 972
152 933
778 933
71 778
71 471
471 681
217 681
217 680
292 680
26 292
26 209
209 895
684 895
635 684
356 635
356 985
738 985
501 738
42 501
42 326
326 746
746 826
521 826
521 983
198 983
198 904
51 904
51 926
240 926
240 669
669 775
775 980
17 980
17 990
689 990
415 689
415 525
453 525
372 453
372 464
222 464
222 226
226 576
576 761
682 761
350 682
350 655
655 849
334 849
122 334
45 122
45 860
860 977
814 977
286 814
286 418
19 418
19 734
658 734
379 658
123 379
123 395
298 395
298 919
154 919
154 642
642 813
461 813
461 875
284 875
91 284
91 109
92 109
92 551
452 551
8 452
8 434
200 434
200 306
306 446
352 446
352 877
877 896
896 917
126 917
126 908
869 908
15 869
15 359
128 359
128 229
229 920
857 920
54 857
54 373
289 373
289 447
447 988
611 988
611 831
831 881
412 881
305 412
305 322
11 322
11 794
104 794
104 800
800 969
600 969
600 752
277 752
277 606
606 947
663 947
205 663
166 205
166 339
318 339
82 318
82 265
265 368
211 368
98 211
98 936
75 936
75 404
404 798
673 798
538 673
472 538
454 472
454 922
245 922
245 714
107 714
107 536
439 536
41 439
41 821
677 821
660 677
519 660
519 586
547 586
