500 17526 2
11875 18564 9126 7008 18371 15122 7728 2659 24337 18276 1222 11577 1800 24920 14242 28612 5713 30210 23636 23264 17831 8515 3337 5784 31033 24989 3340 23706 14671 15941 9869 28392 7729 4986 5538 26321 13125 30998 9355 28704 5495 30563 23866 17555 20701 32303 29715 31630 16795 21027 20464 529 31749 25680 21352 20200 4 18443 19281 10017 15291 15099 9859 1731 8554 29552 23263 445 21650 10486 7056 12573 12890 2859 17553 130 14641 6861 8047 28628 5045 6423 25937 7474 19155 334 8757 11052 25392 16535 23932 22323 27080 8203 11177 21581 13270 5389 3430 15886 22003 27611 16328 14275 5761 100 25043 3056 24394 31066 4929 24573 29285 14727 28799 20524 26202 31588 4089 1998 11653 19176 25751 10679 11456 20894 10631 7407 9532 10490 15166 4522 30128 9965 441 21114 30390 22711 20489 13764 30321 8189 23822 17265 6004 9755 14723 25317 5855 6587 26426 9525 15819 27303 30121 32660 489 30683 18342 2575 6501 25567 26223 5755 1553 851 1517 13227 23487 6603 7738 28902 17902 22750 15968 30103 4266 21882 31844 16711 14509 26490 9859 10185 18122 10107 6587 23988 31372 32491 24973 10519 2074 32354 1282 2663 27997 28214 9452 29116 8805 19786 20334 21565 10505 12838 11454 13785 16334 16973 26922 31545 15371 13258 89 6130 20298 3341 19924 27902 15344 5877 1732 27501 15649 13614 254 20312 9694 6333 27452 1815 31600 217 23213 6835 3850 32253 20913 10142 23210 27451 9181 17570 9536 4563 23366 25112 12818 11012 764 31322 32607 13346 31444 9851 22594 18665 14443 27445 15834 30737 6503 21026 27560 17954 11008 9007 31544 21130 2752 21071 27396 21229 17542 30060 3221 22716 20945 22179 7659 5385 7739 30384 4639 3738 13636 5031 19783 32316 32081 2022 22426 17753 9205 5447 19413 13005 8046 28826 1245 2550 26995 8530 20133 10 22317 2430 7762 9134 12931 10747 5533 25284 30874 30440 21881 8836 24988 20571 25590 7630 5561 29522 10598 32190 13164 30445 18622 24706 2816 10714 22335 17000 13138 25616 14165 32059 23512 8384 6847 20944 32738 29832 28656 12252 24352 13291 16053 12296 24421 24062 14361 29768 15274 8035 32134 25192 9302 379 25388 27880 13501 6616 12710 24073 25062 19953 10971 22824 18065 32538 22051 1611 28792 12979 22444 7162 4822 2719 22299 15184 16934 8696 14710 21073 7469 8704 12865 30846 1850 9051 28647 31143 22445 12156 26460 769 8886 30302 769 9848 32607 3188 14536 10310 28365 17634 19352 19141 18626 31725 15347 3201 20839 26032 11222 3218 23625 13585 14816 2345 8353 12020 6071 11368 8920 32175 24488 7031 22346 22717 28045 31700 25163 21686 16116 25322 6503 28542 7805 25574 10734 11453 7812 12230 2225 22160 9984 31666 3846 13951 6827 8592 26898 23214 22372 11987 14663 15191 5585 21907 5419 21623 27720 29667 16219 1992 30960 9567 17104 23280 30499 4868 21346 26104 17431 30021 6026 1535 5822 31834 16236 10288 28394 4828 3349 16625 32693 11919 12801 17245 6432 9087 9696 11509 21754 11598 23193 31122
50 390
17 390
50 421
17 153
219 390
73 390
17 46
219 490
28 73
282 421
50 469
17 167
50 109
251 469
28 247
95 469
79 390
240 490
108 282
447 469
244 282
46 201
216 421
6 167
84 240
9 28
240 455
201 397
153 278
201 488
167 175
9 128
229 397
28 121
435 469
363 490
372 447
175 420
460 488
247 495
17 193
192 435
3 282
211 244
93 495
73 116
16 216
193 442
166 251
16 309
73 152
76 469
16 181
77 128
2 167
278 317
109 487
2 103
193 347
38 495
300 372
73 454
108 400
72 166
154 469
109 342
377 490
128 379
317 439
109 140
229 407
446 495
152 368
216 352
73 252
128 249
153 306
280 435
145 400
282 492
490 500
317 326
140 149
403 488
35 439
278 422
137 211
154 256
16 49
30 435
143 251
155 460
165 216
98 422
101 435
109 354
153 417
143 183
216 453
377 419
181 290
379 444
37 95
50 412
379 461
142 280
227 492
261 397
143 355
3 365
159 453
133 403
38 329
30 56
103 328
122 155
122 383
168 412
56 255
28 257
143 345
34 446
28 315
121 441
244 322
120 168
317 468
255 294
133 267
63 142
176 345
109 466
287 403
400 484
128 386
326 462
176 266
227 486
379 393
106 417
131 446
213 379
77 440
411 492
92 420
152 246
119 159
33 441
301 466
284 460
248 377
242 300
256 375
80 166
200 466
252 281
384 487
45 95
108 135
2 5
262 454
222 244
4 153
140 228
135 414
109 493
100 145
258 455
56 394
34 43
104 109
259 386
77 293
67 248
91 435
168 288
182 386
347 426
6 357
459 460
26 261
115 326
60 345
228 378
51 137
305 400
95 225
47 281
264 390
353 377
178 441
35 250
9 173
155 463
308 454
154 274
356 484
346 444
102 216
141 176
247 436
379 478
201 399
295 309
83 355
125 300
41 455
67 151
234 422
120 202
375 438
44 193
328 349
417 499
131 483
133 215
90 372
367 466
208 500
77 303
324 346
150 153
146 240
289 487
44 82
59 152
48 109
81 242
11 152
253 469
288 362
14 469
162 397
23 37
201 209
405 436
379 424
338 444
80 88
135 498
229 429
157 289
240 443
142 410
137 391
101 171
4 138
12 145
298 317
128 180
226 282
288 392
38 204
25 486
10 193
352 471
107 426
29 135
144 436
368 475
95 110
258 374
351 446
55 441
71 349
343 478
44 339
233 300
13 219
305 489
67 449
243 463
25 53
75 135
53 302
9 237
119 156
101 283
184 315
336 342
199 240
413 446
39 301
211 364
363 473
208 270
129 468
92 476
13 187
8 440
31 379
49 458
156 331
105 352
120 482
315 335
431 478
286 378
28 314
25 376
280 341
213 470
31 66
151 239
183 432
271 482
375 452
54 441
42 352
254 426
220 237
277 329
206 410
20 35
136 414
61 378
322 323
130 449
269 306
27 422
40 133
103 198
5 330
232 392
62 167
112 471
168 205
214 302
124 391
165 194
16 299
259 350
9 22
154 207
5 217
146 395
19 295
74 422
203 405
433 473
318 453
123 411
474 484
350 456
39 97
296 422
460 485
58 125
87 155
83 147
273 286
40 332
259 307
188 209
94 222
18 157
292 376
282 334
74 321
179 453
275 314
112 272
16 310
29 223
330 496
98 160
118 357
70 220
158 444
348 420
148 438
154 448
1 317
224 375
335 430
245 352
255 464
421 428
364 409
261 445
96 245
27 230
377 382
180 313
119 385
288 337
19 197
32 253
396 500
134 500
108 186
437 478
315 497
162 231
87 132
125 451
21 461
16 479
24 458
212 463
128 494
34 117
163 252
210 313
12 369
180 387
185 207
360 459
212 265
162 389
34 361
85 192
333 346
99 213
25 398
141 373
196 331
97 415
113 438
21 285
165 457
276 288
81 161
408 487
120 480
24 340
35 78
36 454
218 415
348 427
85 189
420 423
284 381
267 358
174 244
284 416
177 374
141 236
29 127
170 188
244 481
78 86
238 336
20 69
42 327
401 422
275 344
42 371
143 190
138 297
307 359
325 430
11 388
377 465
347 370
70 425
78 279
312 330
120 195
269 291
15 351
89 306
168 418
261 263
236 477
259 467
242 268
192 491
245 404
27 111
214 311
38 316
187 221
181 304
81 164
63 319
186 450
26 260
114 351
68 161
52 375
83 472
353 434
167 172
272 402
64 182
126 480
57 127
139 493
7 273
241 300
191 391
235 280
65 260
320 434
85 366
167 169
40 380
329 406
