1000 27670 4
24224 4853 17880 30520 6127 7794 31586 21466 31372 15445 17108 17272 24088 28100 16520 8597 5716 17553 22493 14754 8258 27591 24960 13358 10887 7810 5866 25687 32020 260 22314 2436 1029 4102 10469 22870 457 6732 7579 26075 11396 30844 31275 13317 15025 30512 18586 5723 8972 10058 14096 8175 5039 2184 26659 17296 25723 16984 6232 29504 2233 24301 15591 21481 17409 15506 32703 22859 9819 10558 15562 24121 5029 23657 25714 3333 23093 17183 26468 11321 7359 21075 3988 9095 4984 21365 27265 19715 26747 24391 10426 26256 13164 31468 5793 14232 22620 2881 4719 16129 19949 4721 9080 32092 3767 27588 5809 12127 14826 31160 17519 3221 10036 31315 25457 24148 29157 30135 3361 752 16209 31479 22295 12590 17525 7977 9695 4091 20190 29373 7420 30302 21703 24845 20524 26540 20610 11828 6638 8187 27417 1828 15170 17624 14900 22515 10416 3645 5437 23670 10379 31677 17859 7953 9847 27138 5916 22989 24617 7289 2383 28075 20334 3916 11057 25657 30063 9617 24525 12130 27443 1985 4873 7050 23397 18027 8583 10203 18776 5417 30666 14553 18760 12756 11418 22845 3555 19444 6825 32000 28423 122 15734 31414 19918 15794 21874 12061 31176 9075 5986 32502 31623 13209 27396 11027 26721 26292 31989 10930 9073 30978 10194 9 12255 923 30877 15138 30817 13804 21091 7913 12290 17254 29980 7300 12323 22903 27603 6370 30655 12730 9735 12439 12275 5227 16464 28135 22973 24349 16454 9504 2308 25519 18334 27438 20696 13180 662 23145 17660 10962 21908 6577 13473 20646 3593 22973 629 24197 6812 15536 15836 1230 3717 23533 24957 16159 29750 24621 23297 19725 13121 24527 16407 8984 3446 30575 21692 26589 30539 20665 18105 20878 20354 2943 17005 30624 14853 15626 17612 27843 8725 31150 20136 13591 10147 7329 23856 27805 31742 16910 19382 12780 29103 10084 693 10533 17313 26100 6162 11048 22406 15291 17570 29960 32629 22140 21229 27581 32472 21779 27441 18457 22149 29445 24746 16126 7211 4699 25617 31181 24816 6065 16227 29473 27480 19594 32483 3006 18537 15334 11106 27588 30733 15639 31166 1065 14519 8400 5033 17509 13897 13439 23979 22639 8246 4060 24170 745 27363 24770 11050 26519 16468 10559 32144 23062 25604 9191 22187 1227 3604 17005 21301 31769 424 31348 5397 4567 25231 21666 26153 32001 3618 29174 30787 10669 31598 31580 26225 17729 26261 12159 23426 23268 19313 735 453 5170 29563 1571 8212 29236 6891 1712 2065 4751 28961 7546 14768 21755 30788 8218 24566 29943 2089 10274 2816 27580 30838 9389 19270 11887 13831 10810 4641 7322 18320 29882 31627 13021 1412 20455 25894 21985 2358 23000 30337 18830 5951 21458 32406 10366 2335 30050 19095 28593 31271 30120 23018 29314 15254 16118 4978 19161 21506 154 24592 6563 3577 4855 20073 11135 23017 25051 9194 21946 1853 20748 32522 8062 6345 20260 28367 2886 14440 2719 9108 5269 3555 32051 7433 13800 32021 16736 31099 2793 3917 26183 19030 25317 3060 13759 4584 22400 1136 8358 20071 15272 22343 17781 13878 30407 28296 17687 2404 8253 15719 23036 7286 28429 16679 25961 102 20950 2365 26386 27627 17158 2738 4842 18939 11594 17097 31034 4494 29769 27874 29936 19110 30097 20382 21562 25740 5585 25924 28500 16732 11850 25443 8607 6851 28288 26041 22770 9224 1589 16468 12084 3401 11159 15607 16939 19464 20921 18367 15759 19686 9024 20230 19299 29357 5471 23176 24197 1684 9989 7620 2947 32191 8276 2470 25520 14342 26198 8546 1655 7159 14059 5795 23792 13342 24838 28901 13233 12676 19737 17439 9959 30581 27086 15014 5285 5254 20728 30286 2427 19671 14537 3282 23371 6550 1349 9078 26200 16836 3574 28138 8352 28732 27618 5234 30572 27377 25530 17732 11045 20343 16468 30001 7529 30917 12635 5000 17758 29241 582 13624 15942 7132 15750 31540 9300 25576 4100 14364 13246 14727 202 6425 24084 7390 20736 22025 18896 28746 6171 11484 28718 28393 28753 11325 19774 27741 18256 4469 22071 16844 10031 15757 10766 3115 2981 1459 12359 8125 6009 25312 6668 21718 15929 17591 31100 4581 13871 2991 25413 14001 18065 28276 20085 19683 17912 20107 9869 8645 23827 16437 17367 11593 24989 18839 15866 27213 23948 7447 19660 1053 5772 21257 11111 32058 10667 26251 12671 13146 3926 31149 5875 25775 7044 9430 5537 6764 20017 21859 23935 7302 2062 32656 3816 21175 30583 10140 12083 14025 20901 1576 19338 15377 11301 19425 15865 20538 2696 18526 18630 22852 29789 30795 31745 21707 10076 16072 6491 31885 14820 19980 27196 5159 16808 846 15375 17439 21157 14821 30433 9767 27223 22958 554 26272 6956 9390 27626 8030 3129 2040 1528 20395 8491 29649 28055 5518 24193 32531 12619 3149 24057 22991 2283 29744 26440 21302 21494 1928 270 30394 21034 8432 3593 1136 19027 5843 19081 18617 4962 28718 15908 5921 13246 22167 30122 27783 2783 27007 6492 31871 14616 22196 13144 11764 14772 23593 14936 19218 25413 5882 13468 26722 16953 17323 1829 18231 430 21425 17700 14154 22152 31795 5042 15265 8384 8721 30145 30389 14078 18214 5203 8659 4203 23754 22250 5059 16576 8091 24639 6824 31396 24702 17206 11559 3124 24288 1042 14027 2531 6210 14821 936 7044 12532 25675 3903 8101 23072 18776 15010 6431 22795 28623 11737 6891 5016 2453 26755 9783 17934 25189 17856 11961 17946 9924 30543 14660 30488 5944 15348 18585 21390 31669 21789 3199 12281 27480 32708 1814 6861 15448 29847 7272 32183 12345 13143 16449 25637 12354 7550 13889 2824 11826 9252 6191 7640 32047 3363 5776 17625 14079 4986 10104 26782 378 26351 6049 20171 18495 20217 12730 29727 16039 29916 28673 18353 15863 6422 27668 11129 21466 14330 260 24083 5390 24987 21420 12736 2141 18667 13633 13486 15823 20004 5162 11897 26142 2151 28433 5873 32362 4771 32314 27166 25646 8121 1811 32129 25971 6622 3597 15005 8515 20800 23211 25270 19553 32236 472 16345 11831 6383 27262 26396 27152 20667 84 28711 26759 7373 2296 17907 30015 13453 20285 29906 25813 28022 6342 6576 22291
153 767
153 525
525 756
214 756
214 833
257 833
257 286
286 484
97 484
97 672
491 672
491 924
248 924
248 381
381 757
366 757
366 532
130 532
130 502
114 502
114 559
240 559
28 240
28 857
66 857
62 66
62 194
194 710
223 710
223 941
941 980
90 980
90 872
415 872
415 692
692 926
910 926
118 910
118 830
632 830
632 761
549 761
37 549
37 732
179 732
179 896
176 896
176 683
160 683
160 747
620 747
389 620
100 389
100 651
15 651
15 626
302 626
302 677
581 677
581 829
403 829
102 403
102 264
264 396
396 595
595 699
699 969
67 969
67 186
146 186
146 670
670 873
244 873
244 360
360 657
657 820
295 820
295 356
356 429
429 837
837 863
258 863
258 943
943 985
627 985
346 627
346 947
204 947
46 204
46 380
380 575
80 575
80 436
384 436
384 470
470 503
185 503
185 605
605 637
637 845
434 845
339 434
45 339
45 719
719 779
779 876
795 876
337 795
337 530
530 540
474 540
159 474
159 175
175 469
215 469
215 506
506 977
211 977
211 856
856 950
765 950
290 765
290 679
486 679
486 523
523 541
541 944
585 944
294 585
32 294
32 89
89 303
196 303
196 233
233 508
508 787
630 787
544 630
234 544
234 533
105 533
105 792
458 792
410 458
410 681
307 681
307 894
188 894
188 668
668 840
697 840
554 697
479 554
479 893
537 893
537 915
465 915
465 790
718 790
340 718
340 425
271 425
133 271
133 921
56 921
56 545
406 545
27 406
27 838
103 838
74 103
74 251
68 251
68 166
166 529
282 529
282 721
148 721
148 163
98 163
98 256
232 256
232 720
720 917
287 917
287 667
624 667
624 764
764 882
348 882
348 685
685 734
734 768
730 768
730 811
263 811
263 312
312 365
365 675
121 675
51 121
51 728
511 728
99 511
99 984
272 984
216 272
193 216
8 193
8 18
18 144
144 161
161 990
231 990
231 507
442 507
275 442
14 275
14 243
243 350
205 350
205 289
289 726
702 726
447 702
447 570
370 570
120 370
120 846
174 846
174 782
273 782
40 273
40 494
34 494
34 806
490 806
237 490
237 245
143 245
143 401
168 401
168 929
388 929
388 746
354 746
60 354
60 173
44 173
44 800
800 960
592 960
16 592
16 589
222 589
222 650
650 753
270 753
76 270
76 596
596 802
431 802
431 438
438 608
608 716
427 716
427 836
701 836
75 701
75 566
566 936
373 936
280 373
280 974
69 974
69 884
807 884
807 959
137 959
137 457
420 457
420 455
86 455
86 817
409 817
409 536
453 536
453 812
492 812
274 492
142 274
142 717
189 717
189 482
482 934
881 934
709 881
411 709
411 449
449 828
200 828
200 526
483 526
285 483
285 569
126 569
61 126
61 158
158 611
433 611
402 433
402 760
412 760
48 412
48 612
527 612
527 922
907 922
201 907
201 319
319 706
493 706
493 951
25 951
25 495
495 515
515 931
590 931
590 722
475 722
128 475
128 866
684 866
684 963
850 963
796 850
390 796
390 642
642 942
942 966
20 966
20 217
217 698
653 698
591 653
586 591
586 735
660 735
338 660
338 739
739 998
810 998
426 810
94 426
94 843
321 843
281 321
22 281
22 225
225 991
862 991
26 862
26 579
375 579
375 647
528 647
249 528
220 249
47 220
47 250
250 712
309 712
297 309
297 432
432 641
641 892
606 892
54 606
54 982
928 982
443 928
443 563
563 628
209 628
209 604
604 766
766 994
246 994
246 600
600 772
623 772
178 623
95 178
95 695
481 695
481 564
564 952
622 952
182 622
182 314
314 485
404 485
404 607
242 607
242 911
42 911
42 291
55 291
55 932
601 932
382 601
382 713
713 825
7 825
7 656
656 995
654 995
239 654
11 239
11 342
5 342
5 111
111 901
123 901
123 664
664 744
557 744
180 557
180 387
254 387
254 359
359 399
399 615
165 615
165 925
925 964
741 964
352 741
145 352
145 878
344 878
344 957
129 957
129 284
191 284
191 916
750 916
750 923
461 923
461 552
172 552
172 906
852 906
488 852
17 488
17 462
462 899
413 899
413 519
519 774
320 774
320 661
661 789
724 789
335 724
335 635
91 635
91 859
633 859
367 633
71 367
71 317
317 499
106 499
106 560
267 560
267 407
407 996
311 996
311 955
394 955
394 574
574 946
587 946
587 778
343 778
19 343
19 510
301 510
301 440
190 440
190 368
347 368
347 572
424 572
395 424
364 395
364 542
542 818
727 818
662 727
662 993
52 993
52 890
610 890
183 610
183 853
336 853
336 504
408 504
72 408
72 81
81 948
154 948
154 879
13 879
13 135
135 999
749 999
208 749
208 883
851 883
780 851
758 780
139 758
64 139
64 497
497 809
524 809
298 524
298 740
50 740
50 978
534 978
417 534
417 986
636 986
377 636
377 826
794 826
794 909
731 909
472 731
162 472
162 791
783 791
676 783
676 930
428 930
53 428
53 694
236 694
236 268
268 752
617 752
546 617
546 649
341 649
341 362
265 362
265 448
96 448
96 444
444 885
658 885
70 658
70 867
269 867
269 326
326 558
547 558
547 652
543 652
543 823
687 823
687 705
84 705
84 548
156 548
156 646
134 646
82 134
82 674
674 965
372 965
372 468
65 468
65 565
565 621
255 621
255 939
582 939
9 582
9 888
776 888
39 776
39 323
313 323
313 816
439 816
241 439
241 345
345 353
124 353
124 956
400 956
400 815
467 815
221 467
221 865
351 865
351 673
673 847
181 847
157 181
157 860
619 860
619 903
419 903
374 419
331 374
331 841
509 841
509 669
150 669
150 224
224 520
219 520
219 562
140 562
29 140
29 599
36 599
36 397
30 397
30 464
1 464
1 822
104 822
104 170
170 261
261 678
678 689
101 689
101 416
122 416
122 456
456 891
550 891
550 696
288 696
195 288
195 405
371 405
371 971
755 971
324 755
324 805
801 805
430 801
132 430
132 871
327 871
327 680
3 680
3 83
83 177
177 451
292 451
292 979
644 979
555 644
334 555
318 334
318 423
423 478
478 797
797 975
919 975
786 919
786 880
770 880
770 945
31 945
31 842
361 842
361 553
73 553
73 759
759 895
477 895
477 643
643 682
459 682
459 583
450 583
230 450
230 938
441 938
441 634
598 634
598 874
804 874
618 804
618 725
725 870
597 870
127 597
127 832
629 832
85 629
85 116
116 854
580 854
306 580
306 422
113 422
113 310
2 310
2 578
578 645
645 769
769 898
138 898
58 138
58 199
199 908
762 908
593 762
322 593
322 505
505 603
603 902
226 902
212 226
212 961
315 961
315 748
748 935
849 935
218 849
218 912
745 912
745 868
539 868
539 968
21 968
21 202
202 754
252 754
184 252
184 514
152 514
152 714
714 992
518 992
518 839
561 839
561 835
835 927
93 927
78 93
78 119
119 981
708 981
247 708
33 247
33 369
10 369
10 531
531 715
169 715
169 571
571 933
900 933
279 900
279 358
358 614
471 614
471 777
452 777
296 452
296 821
821 954
357 954
357 848
648 848
260 648
260 988
834 988
814 834
671 814
671 743
149 743
149 973
325 973
4 325
4 798
568 798
568 886
886 905
112 905
112 573
573 989
147 989
147 665
663 665
663 736
107 736
107 639
378 639
299 378
299 808
229 808
171 229
171 437
437 937
733 937
576 733
498 576
498 588
43 588
43 59
59 914
167 914
167 799
198 799
198 266
266 487
446 487
332 446
155 332
155 1000
278 1000
23 278
23 688
688 737
737 918
12 918
12 877
707 877
379 707
379 391
391 640
640 861
861 967
125 967
125 386
386 609
6 609
6 501
501 983
858 983
235 858
192 235
192 500
213 500
213 551
551 970
276 970
276 283
283 976
584 976
466 584
466 958
625 958
625 962
92 962
92 131
108 131
108 875
703 875
655 703
49 655
49 88
88 383
253 383
77 253
77 819
300 819
300 305
305 864
151 864
151 920
691 920
445 691
445 897
206 897
203 206
203 210
197 210
87 197
87 141
141 784
729 784
329 729
187 329
164 187
164 686
659 686
659 940
35 940
35 228
228 869
869 949
693 949
538 693
109 538
109 418
418 638
638 711
711 987
328 987
63 328
63 330
238 330
238 700
700 723
227 723
227 813
602 813
602 788
41 788
41 517
517 521
521 577
567 577
567 997
376 997
262 376
262 512
110 512
110 666
666 972
293 972
293 690
473 690
454 473
136 454
136 421
393 421
393 775
513 775
513 742
742 887
349 887
349 355
79 355
79 613
613 855
414 855
414 496
117 496
117 398
24 398
24 631
463 631
463 556
556 594
594 751
751 827
385 827
38 385
38 889
785 889
489 785
333 489
333 516
363 516
363 738
207 738
207 535
304 535
304 616
480 616
480 844
435 844
435 913
781 913
115 781
115 824
308 824
308 771
57 771
57 831
392 831
392 953
793 953
460 793
460 522
316 522
316 763
763 773
704 773
704 904
277 904
277 803
476 803
259 476
