1000 20 8
79 92 34 61 26 27 26 91 90 8 36 48 84 15 29 14 49 27 41 28 10 67 66 66 88 74 77 51 54 54 30 10 44 1 72 12 79 64 89 69 3 61 69 74 67 61 19 86 2 86 47 14 97 90 95 5 28 89 62 96 53 44 91 48 66 25 85 26 54 93 11 98 98 6 13 57 57 31 32 35 2 72 39 57 66 37 70 25 87 73 3 53 72 81 26 81 9 100 38 68 29 13 32 85 94 59 41 88 89 78 60 60 31 31 77 41 39 92 61 77 61 95 29 38 54 86 40 28 29 97 5 69 97 76 14 84 92 49 47 34 60 28 74 2 8 96 53 36 61 53 72 96 21 74 89 68 76 64 13 75 50 31 29 96 84 34 28 46 1 86 91 73 39 72 94 97 74 62 9 17 1 40 28 98 73 79 90 73 94 59 100 79 67 11 43 96 68 78 55 55 93 3 27 95 46 75 49 84 45 82 76 71 48 19 99 68 95 73 68 39 92 90 69 61 13 1 13 35 78 76 18 91 48 91 41 6 85 44 15 65 1 99 83 76 71 24 99 52 65 78 24 61 65 18 68 71 56 98 28 66 1 89 70 14 99 45 60 51 57 6 11 29 14 21 83 33 67 88 32 65 2 81 86 3 74 54 95 28 89 55 3 67 69 48 72 38 34 13 63 21 2 56 86 87 18 42 64 49 33 68 54 47 14 95 8 76 67 30 83 9 3 95 72 7 99 56 45 45 25 79 2 32 41 4 26 29 60 90 71 50 13 89 64 1 42 15 6 45 12 76 85 7 59 98 95 60 24 16 97 23 59 74 77 97 7 6 96 88 44 42 40 89 40 78 73 53 97 83 72 86 30 85 48 69 40 100 16 23 43 13 8 32 49 55 72 91 10 59 26 28 69 65 56 6 90 8 56 97 24 42 50 35 85 27 87 12 23 70 59 12 1 5 86 4 63 9 23 41 2 38 13 48 92 49 61 6 26 91 31 82 89 96 39 12 85 48 56 72 3 1 62 18 66 40 2 24 16 10 54 3 32 86 90 8 45 36 65 13 28 85 56 96 86 50 39 56 16 42 57 10 28 63 49 80 44 32 52 52 97 99 80 39 7 92 2 14 82 52 70 87 78 43 42 56 36 59 100 62 81 75 85 39 14 57 94 74 72 32 53 54 100 24 1 37 1 67 93 47 65 4 82 53 10 34 23 83 90 43 5 70 41 37 66 6 13 73 27 56 26 11 57 89 47 69 15 14 97 27 66 86 82 30 57 89 17 39 99 16 100 23 34 69 30 44 17 29 62 91 25 42 48 48 82 83 90 6 4 50 91 92 69 46 18 46 68 71 39 87 26 3 83 96 29 56 97 21 42 14 47 79 28 4 25 87 87 66 98 69 17 19 45 5 64 80 16 73 44 8 18 27 18 81 58 70 37 59 1 23 75 36 29 15 59 100 28 93 22 41 90 37 44 94 47 22 29 95 19 3 44 97 28 18 86 4 73 77 86 12 67 55 55 43 44 1 51 67 10 35 99 1 83 17 86 94 54 25 22 49 12 76 44 4 24 17 24 86 4 13 18 85 70 8 67 5 85 82 66 73 31 61 88 16 46 94 22 43 66 50 59 49 67 71 97 94 4 68 84 61 15 45 16 15 25 62 26 1 68 73 50 18 19 14 59 80 70 87 76 25 47 88 18 83 72 41 2 36 26 74 48 7 89 18 44 39 85 58 40 95 61 32 54 66 38 91 72 28 98 61 85 92 100 92 41 91 7 14 99 24 91 63 26 22 96 47 79 55 2 24 14 99 47 88 79 13 19 83 85 15 57 59 28 31 2 27 93 67 25 45 56 3 89 85 22 57 36 69 100 11 14 9 36 16 63 55 3 35 16 11 64 75 93 85 82 49 41 25 2 82 3 94 97 21 2 56 80 79 15 8 74 100 67 69 86 25 65 88 30 19 12 3 23 43 88 43 98 89 73 39 14 34 49 32 51 97 60 10 30 18 25 7 22 90 26 39 10 70 82 40 8 30 14 55 86 51 94 50 95 3 9 35 28 73 8 97 43 73 51 9 22 84 28 74 6 45 59 76 45 92 35 53 84 25 87 64 32 2 54 56 27 97 29 52 62 11 81 54 28 92 92 53 10 27 70 35 64 31 22 68 50 18 66 12 26 9 63 51 25 16 100 71 56 12 22 81 38 70 8 36 67 93 83 50 7 95 25 45 71 60 34 57 94 92 23 6 88 58 99 29 47 21 
199 751
199 847
454 751
847 878
392 751
768 878
847 880
454 980
546 880
475 751
664 980
44 880
449 664
42 449
466 880
11 751
44 857
502 768
895 980
664 726
214 726
11 960
42 88
847 926
311 751
44 548
656 878
247 449
174 726
247 412
383 502
24 857
409 926
199 913
412 571
24 89
36 980
163 751
548 814
435 926
247 423
383 579
17 751
89 229
581 878
44 593
24 468
768 788
877 926
159 895
17 37
475 654
475 842
89 340
340 816
394 814
532 593
520 726
311 835
383 427
199 344
435 600
134 199
488 520
36 338
247 714
174 202
409 527
340 803
37 972
715 814
634 877
386 972
826 895
46 449
344 832
602 972
338 805
488 623
454 797
392 404
116 520
176 788
665 814
656 692
579 724
430 788
540 602
156 449
34 715
159 865
617 826
478 665
535 602
176 594
247 743
394 645
567 768
394 899
199 999
523 567
37 512
478 651
449 786
37 471
37 401
656 822
403 454
257 392
202 552
488 576
162 600
774 805
696 913
190 199
450 664
718 999
645 884
44 608
579 995
488 802
163 851
31 478
174 297
280 344
369 435
31 820
409 841
94 999
596 814
31 308
488 839
581 944
202 955
752 797
663 944
871 960
512 514
315 665
478 879
190 970
391 596
89 668
22 805
268 454
602 840
361 392
431 576
210 401
286 634
548 646
383 420
172 851
420 793
46 685
219 268
726 757
382 980
774 988
466 599
24 741
546 605
487 805
857 966
431 506
431 612
552 910
207 338
484 546
24 828
109 623
325 871
244 645
27 871
286 577
44 295
600 669
335 668
864 910
624 857
417 816
207 635
624 781
164 624
738 797
670 781
133 857
375 768
257 779
36 543
653 835
50 577
11 143
143 517
8 546
522 840
772 822
84 502
355 645
471 721
367 685
142 593
221 724
211 506
393 450
496 857
35 315
788 974
668 896
310 974
896 923
63 532
431 800
164 208
157 793
386 993
84 424
164 407
27 227
44 588
51 842
386 920
208 225
62 484
186 340
466 901
776 993
597 779
840 996
458 475
504 913
529 878
358 391
155 484
779 783
433 612
768 848
29 955
33 517
335 717
412 507
424 893
850 996
581 705
585 805
300 394
85 340
578 772
512 673
276 714
111 696
552 876
40 496
501 803
367 702
506 863
593 889
752 775
148 412
167 864
114 520
244 852
899 973
325 904
239 665
418 664
424 609
394 699
412 713
24 313
670 823
785 826
111 917
361 874
6 29
17 212
203 335
2 11
546 734
484 858
864 951
91 605
11 927
214 853
784 840
549 852
230 300
127 828
139 466
418 436
655 899
11 443
248 655
105 623
514 716
87 466
150 484
58 212
221 707
410 910
33 587
259 786
113 466
820 928
128 276
409 619
3 993
36 442
447 848
286 390
723 864
137 369
75 214
512 938
275 471
188 390
209 407
386 962
495 828
30 199
156 817
128 561
434 988
308 389
449 708
607 656
590 832
496 633
404 574
147 608
181 895
250 768
527 941
707 764
295 462
241 826
568 724
176 881
248 989
569 857
62 151
139 267
62 916
122 186
530 751
432 926
490 692
315 912
56 835
40 719
110 708
70 923
257 760
65 407
858 862
15 920
12 970
326 588
777 895
239 305
44 631
113 891
649 865
38 504
317 649
335 336
165 495
37 362
797 846
81 109
336 351
361 497
9 502
30 769
67 188
585 780
341 393
311 455
186 761
62 614
62 414
316 893
227 939
607 658
172 898
367 464
268 886
184 862
477 605
508 522
178 549
164 429
50 603
559 600
304 839
717 903
314 361
735 926
330 752
376 619
61 862
266 724
59 864
408 449
394 553
42 937
313 544
139 303
259 319
29 795
76 305
275 703
732 823
192 995
537 617
517 870
242 590
13 741
177 823
594 759
450 555
244 801
477 986
432 503
192 285
216 579
343 614
831 847
678 820
275 809
715 900
468 666
173 944
723 753
511 764
267 377
524 920
528 986
107 726
614 640
754 797
18 713
25 522
517 762
434 953
18 185
16 63
507 945
868 941
776 807
364 797
657 768
67 987
24 337
762 821
305 897
426 738
205 777
2 789
186 818
225 518
473 871
427 547
381 409
475 902
18 538
181 598
506 625
596 799
630 822
82 848
85 373
948 993
86 817
73 801
702 977
437 518
697 939
610 757
368 673
396 437
27 119
183 800
539 610
480 707
457 654
798 828
439 881
571 998
327 692
574 911
143 400
276 940
165 563
686 960
807 961
150 615
7 612
551 987
763 816
236 308
278 917
84 533
387 605
39 383
61 660
185 324
721 892
214 228
56 562
310 704
413 839
679 999
943 986
715 722
394 405
322 797
180 974
351 601
827 841
542 610
133 659
540 930
280 712
207 472
401 586
238 752
200 827
60 155
402 945
494 640
381 451
378 795
410 829
736 903
51 235
693 876
183 632
219 489
191 708
512 935
56 811
56 695
640 824
130 841
215 717
235 626
198 533
510 734
371 390
574 965
907 938
592 776
443 976
245 970
159 422
318 679
11 233
67 812
312 876
782 993
189 439
578 952
25 838
609 691
546 981
536 712
445 666
674 871
436 700
482 764
241 720
271 821
303 957
100 457
234 779
400 932
296 609
292 654
51 856
144 510
719 984
809 867
96 373
47 407
5 87
269 295
429 992
273 507
854 966
448 488
248 650
226 823
25 652
66 110
147 844
405 492
54 805
825 981
106 753
368 936
226 348
166 609
131 387
28 981
897 956
10 853
815 935
83 732
35 379
957 979
384 418
85 545
99 371
275 796
311 643
399 432
667 911
505 581
66 771
411 856
52 430
376 467
437 729
386 725
295 356
271 994
123 343
134 136
636 685
756 940
68 712
557 659
72 457
501 794
125 303
323 506
256 769
667 740
357 719
137 283
566 592
374 375
401 483
499 865
589 824
224 719
809 813
56 806
289 322
68 744
716 837
4 417
253 821
94 196
155 860
845 937
193 692
479 653
331 776
261 718
179 589
616 811
302 537
676 974
439 618
218 379
748 996
548 746
264 653
259 909
328 659
75 519
829 1000
726 810
101 507
575 870
95 402
443 647
124 448
671 776
109 560
251 597
347 821
74 412
67 108
251 485
170 300
46 298
238 946
634 861
560 698
834 913
175 494
166 701
258 743
350 587
348 770
675 878
330 990
240 974
492 648
159 254
104 716
290 335
101 366
821 887
607 730
410 441
192 706
493 953
167 681
321 496
281 932
88 677
472 766
49 512
135 784
43 517
92 647
260 756
102 256
504 570
188 924
515 887
385 431
598 709
97 102
371 661
380 597
101 222
179 332
316 642
354 877
727 913
55 192
421 768
462 739
231 952
548 565
225 983
146 379
333 998
125 197
453 654
787 865
556 734
466 564
768 967
81 572
215 395
201 718
249 355
802 971
532 819
223 948
246 960
601 808
78 594
64 101
608 628
48 824
439 491
41 150
387 637
613 903
120 760
53 630
843 992
397 702
336 461
263 834
130 914
169 712
697 773
252 426
183 963
376 792
97 758
7 964
15 627
731 923
98 418
438 455
681 918
76 452
77 107
131 284
296 869
337 352
516 667
74 872
521 870
140 254
728 961
346 946
90 110
104 232
138 432
132 948
14 200
748 950
196 921
353 825
149 205
142 160
294 601
622 951
340 446
533 934
626 958
320 636
79 151
258 306
322 672
699 933
124 460
747 893
536 755
418 459
782 885
541 585
103 273
1 369
141 490
50 558
833 957
204 756
359 508
309 886
86 550
582 848
69 774
115 957
117 953
50 388
697 925
502 509
705 767
280 922
74 486
710 945
761 890
161 636
672 749
219 866
816 975
210 299
627 915
465 628
16 688
20 927
152 930
80 776
768 991
33 790
572 745
632 875
282 763
12 463
21 946
122 954
416 907
287 675
360 724
85 641
339 433
495 621
20 694
34 684
248 982
272 492
583 601
31 604
557 830
752 959
363 467
888 993
53 882
129 304
763 949
86 689
606 939
196 444
711 901
251 440
26 331
279 813
66 274
30 126
291 316
513 773
581 737
234 474
134 277
112 505
29 931
35 534
163 255
568 894
86 968
479 997
39 969
583 644
45 578
334 484
238 293
158 452
381 469
145 578
19 672
635 929
383 531
584 797
265 487
440 620
243 543
629 793
638 817
370 926
812 908
552 580
187 403
690 890
24 942
406 430
740 978
248 573
325 791
30 195
430 905
470 795
358 525
153 159
133 372
122 947
23 177
543 591
266 498
530 750
322 611
584 595
225 682
288 295
325 554
57 596
526 970
67 778
171 638
252 639
226 329
338 849
223 270
398 710
472 687
93 633
121 196
118 559
668 765
60 342
237 271
349 504
297 425
415 589
783 836
32 911
268 733
487 859
233 419
345 548
167 481
680 708
429 804
108 742
428 907
22 906
206 681
236 662
307 659
500 879
70 301
519 985
182 543
168 741
217 560
149 883
365 1000
453 476
561 683
154 874
220 382
194 808
789 873
128 456
855 965
71 791
91 262
416 919
213 495
