1000 32410 5
24445 1084 19724 11427 573 32003 20449 11234 32639 23929 18957 32251 3486 21275 353 9863 25245 14709 10898 29053 7273 29006 13206 9219 32349 14368 3409 12163 10251 5067 14449 6912 10554 9865 6551 5803 5931 32549 22711 28081 1825 14696 20417 19032 4639 725 19585 74 17908 22422 10692 20784 10101 2997 956 24451 10762 29839 2981 17311 16492 18054 16041 30490 27308 31479 1025 2643 25976 21100 30302 22606 24218 18194 23687 11455 21185 877 5443 4196 30852 12618 31353 12184 23716 13557 32662 3878 5009 10413 3887 859 9264 11349 27624 7519 4060 23916 6292 709 7083 2879 2973 25440 16114 31581 12710 344 23307 21068 880 32638 8277 29818 13050 27101 17533 29558 13293 11409 28156 23392 9014 27869 30945 29855 20981 30839 30929 19921 30614 16166 7244 8712 20285 2703 21809 28467 9320 26700 27269 20698 4816 31295 22384 29455 32144 8486 7048 12705 392 13679 24659 14226 26372 16973 6150 13003 22169 30475 31123 28687 21840 17057 32227 29486 19463 19845 16992 24443 7699 17859 29879 17535 4906 12624 11228 8943 6273 15003 21070 15836 7473 11110 1436 3114 3551 2516 3880 24131 13212 3011 23083 3084 31242 21595 2809 16153 24768 12263 7047 11549 7152 16868 8490 22180 10311 22872 8097 7684 22037 24422 3414 19088 4014 5150 27873 19472 24336 3482 8142 21102 30406 11590 22176 3506 16908 32639 16917 10800 16435 14688 27052 23808 12103 18648 19301 5295 18928 11008 10440 8756 7318 31916 9512 28198 13768 31041 6441 3628 13791 23494 16256 20148 478 22077 7930 1256 7581 4915 21952 15581 28967 30102 10713 6158 32096 2759 752 28682 17387 25328 12632 4457 26186 17304 9805 8964 16455 26740 381 3430 403 18048 6087 30333 2734 1359 22338 9621 4358 8863 11393 25480 20067 29745 19733 11054 16258 31704 2900 15899 13824 16847 5977 29066 16763 10575 20812 18324 13299 29537 4324 10406 17782 25586 1577 20785 6908 15653 6015 18339 13456 1261 24800 28311 1712 18650 14441 1864 17143 21555 23576 14412 5113 3142 11476 27775 20591 26364 6829 7741 27028 12208 9830 25300 6350 3649 7216 19000 4241 1126 27577 26361 13440 21826 16741 4723 7382 2873 17627 16709 26885 4097 8388 31748 9629 2812 14287 20528 18798 31173 11001 19814 3569 14089 5387 25304 9956 25496 8036 12539 7477 26043 21496 9087 20769 29385 20633 26500 26525 22261 16246 4619 9973 28522 14561 2730 1715 2714 29269 3717 30402 8914 24247 24441 8659 10002 9180 29594 12032 17949 2380 14560 18095 28620 17477 16669 24250 167 17667 27186 4557 19382 26943 22147 1551 30357 14326 18856 9988 23495 2667 15718 14002 26444 18031 17117 31234 8566 3552 1026 1130 23544 1904 31056 26313 13632 9383 10171 17810 26119 2348 31462 6701 3366 30528 3989 9114 28075 25995 613 19032 21292 8731 5819 31621 4187 9898 18938 16198 19419 543 9977 3689 3922 31576 28084 11081 19648 20775 25409 498 19983 15258 24070 21382 17131 4736 25130 12512 24787 15656 25161 2166 18800 20332 30828 19332 11046 30702 11064 28263 20458 9122 4965 18502 3667 31373 30066 5624 20723 6604 9111 9250 10215 11991 15356 25760 6317 22535 5928 29479 8246 28246 31420 19752 6972 7271 25697 16631 2262 26310 255 22572 23370 2416 9264 16714 19234 20118 21492 31902 24706 17054 15526 20586 9912 26987 8494 18499 15893 22750 7033 17336 16379 23708 16678 22580 10552 1810 130 2598 16018 21431 18871 8542 8099 16017 22592 7354 31720 29947 12448 2307 7700 933 9812 16146 16810 9692 32262 19767 26314 6668 3 4059 6219 8067 3823 15715 22539 375 5816 26968 9603 21323 26568 17093 21151 16910 21119 4577 6860 8005 5856 14574 12370 2282 31882 15457 13284 21172 9962 5699 19061 5273 31152 22743 17742 658 8575 25725 4190 29086 5353 13526 23249 11785 8602 2345 11748 1774 22995 27654 26103 13051 30235 24105 16867 29300 32561 10400 31887 4730 21572 6705 9406 13710 24934 13302 10027 1361 6719 2378 16088 12685 3326 22249 16291 24697 8597 5458 28442 29753 22822 2672 24464 18853 8632 7802 369 21579 4655 30744 24274 15287 8827 9159 13644 24050 13327 19070 25099 23368 32405 15250 21538 3918 13536 19927 31009 6948 30242 23560 22506 25848 24415 24680 19904 12491 20769 29610 8609 13944 15726 13070 25046 22770 4599 20942 16328 25293 4754 22968 24085 27648 14314 24348 17635 19689 26229 11240 28789 17041 4519 9746 11772 10290 8038 30006 15023 27126 8125 11137 22813 5378 11476 30157 20674 10419 1824 5901 3033 3367 16855 13036 18290 21248 5031 11185 2500 8292 8103 5990 21188 28488 19086 4153 15095 239 28707 25634 29828 10925 3316 26566 25229 24561 12363 28828 15039 7555 19038 14926 25896 6665 10950 15202 3657 24528 17202 11545 8045 13257 605 19095 4409 28114 23357 2885 19587 9783 19582 23668 3432 23673 31790 7747 31896 31566 15290 26562 29429 24040 2073 22103 7005 14970 23111 27745 26307 5625 23541 17180 1669 9504 21631 5061 24825 16054 25118 23550 13385 17171 21343 8563 23426 7393 13523 6334 27111 16160 26376 13192 4235 17516 20665 23025 543 4995 322 21298 18696 11522 22358 8577 17333 1647 32756 21814 15151 5756 24983 6955 18417 30346 18350 2664 30971 15725 25163 29952 28962 30575 28191 16438 28330 24471 6310 2020 28950 15915 29855 4382 28991 4211 4799 20498 24484 24000 4774 1330 23809 23981 16402 13718 24867 21413 4179 667 17402 17317 5119 9425 23792 25667 12518 3604 11385 29168 14408 30456 17387 18298 11590 23403 24465 24533 20375 10901 26362 9498 15996 11779 18327 12496 18422 27653 23942 24939 14390 2388 24232 26898 15701 28152 31737 14757 13125 12649 11553 29183 27656 4597 23110 12408 18463 31585 22565 28334 13126 24787 27233 19078 22878 28144 16410 24685 10155 21313 7874 6884 28223 12763 12076 6971 13750 27199 8422 8092 7460 21119 6089 2636 21580 6050 6094 28206 1555 20042 25380 17545 18228 30356 32383 12298 23860 30528 20402 28941 29081 21522 2688 28440 1367 9079 24495 31656 14475 1900 8799 12849 14955 11676 22426 6496 30077 6856 25644 
166 759
714 759
133 166
714 751
133 413
133 401
651 751
166 865
374 714
413 971
142 865
133 171
166 762
171 443
142 620
413 553
8 759
133 704
120 443
413 972
413 745
620 927
124 751
927 985
45 759
93 971
704 708
444 553
631 651
166 340
133 492
6 374
345 620
75 401
492 884
182 751
578 759
171 777
20 708
166 420
274 971
239 620
124 615
8 603
492 655
443 646
436 444
189 751
609 865
646 735
400 420
662 759
615 915
246 615
420 671
65 444
65 66
90 239
413 415
631 753
619 777
759 811
143 415
651 877
626 631
345 781
125 444
80 671
570 735
417 671
37 239
37 365
274 625
350 865
613 811
350 632
125 367
461 704
72 865
75 78
444 818
78 371
339 865
171 880
759 881
683 704
578 918
339 607
609 654
105 615
78 500
553 922
559 662
6 261
8 808
732 865
452 759
125 162
607 761
105 640
166 788
195 972
189 872
735 856
166 385
296 704
66 92
108 461
52 133
246 976
350 875
856 975
36 78
452 494
23 182
490 553
638 762
239 780
494 899
512 603
465 640
92 624
20 406
274 458
31 751
352 640
788 1000
490 764
367 518
47 624
82 619
465 684
689 985
550 607
285 512
704 852
48 52
423 985
131 490
406 986
8 739
94 413
710 781
610 631
48 232
232 442
626 700
264 638
93 202
181 811
261 347
210 927
193 607
193 272
82 390
626 981
120 670
339 579
453 704
250 264
209 553
53 94
131 815
158 856
72 472
318 452
311 615
451 856
431 899
136 624
735 930
453 635
96 708
287 367
201 615
193 206
37 319
272 383
541 1000
202 399
23 263
330 443
36 361
8 156
465 916
420 989
610 664
88 918
722 881
189 479
916 958
436 758
263 627
704 892
370 625
189 236
44 852
651 807
956 972
92 100
92 168
379 764
71 452
263 713
187 781
253 714
219 613
126 202
99 261
339 987
219 393
195 726
226 390
53 533
17 345
246 437
53 354
332 393
34 700
102 708
198 340
47 698
382 541
154 187
640 778
436 741
437 601
144 635
578 887
318 407
762 843
746 761
511 512
166 251
128 986
698 905
378 762
175 232
615 742
607 775
276 880
131 499
538 655
420 488
205 354
10 472
54 201
471 640
128 448
159 689
63 613
379 789
218 264
186 631
371 890
10 12
80 152
13 272
78 260
187 256
23 996
44 192
286 354
294 627
158 435
337 352
322 655
435 767
401 796
115 553
400 545
159 517
327 550
90 473
78 486
810 881
79 808
373 887
318 427
128 355
632 858
107 168
23 734
495 710
519 615
505 761
457 538
23 384
374 411
294 502
181 252
247 927
681 987
312 545
365 907
204 264
138 722
53 672
559 784
161 186
322 952
36 845
158 481
252 629
881 979
236 687
80 375
843 959
251 963
143 590
159 298
751 891
56 361
303 726
202 829
113 624
263 901
255 375
23 114
71 480
159 943
266 654
379 551
676 890
105 782
200 877
122 330
178 632
370 821
87 206
296 785
235 452
7 219
333 361
478 1000
235 909
123 182
419 662
120 660
132 327
355 743
398 796
191 619
312 462
189 212
613 823
576 789
744 909
138 527
285 514
90 145
27 286
266 756
749 887
489 958
69 640
74 780
562 811
191 757
418 419
564 1000
23 552
202 208
82 623
318 430
346 624
126 467
789 925
743 902
246 955
87 946
709 810
603 801
265 881
285 608
45 866
326 632
149 884
38 576
27 135
609 677
448 491
329 423
96 667
530 726
649 781
689 724
693 741
351 981
370 826
193 434
223 488
154 957
479 540
535 782
34 325
242 418
274 547
903 916
88 229
480 591
49 823
90 715
32 122
196 789
312 338
857 858
645 745
103 646
440 880
748 749
255 580
5 499
107 577
642 757
856 882
270 345
666 726
565 578
238 458
663 887
9 684
53 117
184 762
741 948
95 210
60 370
55 901
400 786
235 403
25 63
494 637
30 609
440 516
53 67
149 249
361 983
646 849
135 711
660 876
96 791
181 597
385 932
781 910
317 762
610 960
315 615
358 559
152 221
175 291
749 864
248 461
33 253
223 680
723 957
423 543
61 418
13 888
269 642
159 432
266 524
66 97
314 876
341 420
185 371
899 988
656 735
604 698
27 737
252 506
440 483
16 162
401 643
167 317
505 980
628 655
680 752
646 966
129 192
338 871
31 101
213 956
178 701
15 743
652 918
51 890
596 955
169 689
1 625
261 717
9 813
353 948
723 760
872 939
348 708
612 927
733 744
493 849
98 701
332 369
26 782
827 989
728 734
297 535
69 755
905 934
516 529
259 687
907 935
405 632
352 587
272 648
81 927
22 741
310 761
355 482
38 697
31 293
101 387
745 846
476 786
419 923
500 606
281 976
340 509
494 997
507 871
275 371
382 754
733 998
353 364
35 971
268 655
49 575
276 447
602 623
30 357
223 372
536 959
575 898
156 938
179 667
112 909
609 783
309 629
599 946
7 585
2 34
429 898
451 558
302 890
588 998
21 943
65 694
160 223
550 685
323 737
506 940
617 762
396 417
62 694
126 172
74 869
678 971
70 952
84 876
190 623
620 874
71 288
682 700
21 850
4 451
142 729
231 907
421 996
640 991
209 639
676 773
361 798
286 853
483 889
233 610
41 390
198 831
431 886
302 468
648 911
877 947
121 249
159 258
368 490
3 934
20 146
436 897
399 668
151 606
412 845
59 858
505 848
349 905
702 898
68 664
209 422
222 709
55 832
422 618
105 716
90 913
181 622
113 990
780 828
150 601
460 828
328 623
572 864
409 652
99 719
521 987
112 227
73 543
184 441
527 883
18 195
662 929
567 687
98 560
68 282
635 695
435 520
186 816
37 653
372 556
124 446
401 555
124 868
240 405
579 772
750 975
576 805
675 829
28 744
907 951
130 604
390 731
151 921
170 996
322 438
377 773
123 459
372 961
200 243
114 928
174 178
320 946
623 727
356 939
203 698
176 509
95 804
267 519
539 597
580 718
382 799
166 970
497 693
33 439
555 793
484 708
908 963
234 467
957 994
278 507
279 291
212 389
503 604
173 365
257 527
438 584
269 416
198 851
8 740
300 533
268 386
470 684
449 959
78 855
360 497
143 836
526 565
876 914
329 862
806 843
162 802
853 984
28 454
357 463
531 648
77 932
306 952
440 725
26 290
239 688
488 586
397 453
424 531
58 201
305 846
138 139
321 711
76 249
546 607
788 838
87 633
70 621
462 766
153 911
64 625
833 990
424 830
229 900
52 366
40 889
192 308
367 819
184 634
537 889
58 674
741 944
538 977
374 525
109 887
116 282
127 923
85 486
39 419
280 371
549 911
91 424
363 892
442 926
335 429
5 825
64 814
244 300
686 985
812 913
979 999
113 867
48 164
38 515
616 827
556 803
381 830
220 772
48 993
498 848
247 510
304 754
313 943
820 921
250 992
100 978
488 895
43 761
10 46
481 787
844 846
327 861
24 626
350 574
237 510
308 362
277 782
157 362
39 119
519 707
4 110
297 768
21 241
294 690
816 854
839 849
101 359
835 994
642 885
869 945
19 151
49 177
455 786
560 747
179 906
91 343
404 908
145 776
214 819
61 641
273 748
361 954
197 333
771 884
440 469
235 837
307 766
511 706
597 953
18 395
134 152
736 752
516 720
679 905
57 752
479 568
245 347
644 806
542 886
50 367
116 433
292 690
147 493
106 655
534 811
211 373
495 841
17 477
291 408
654 769
179 834
770 802
425 782
120 650
496 852
703 909
410 836
89 413
973 993
120 790
478 774
199 413
450 453
91 917
394 688
224 747
283 768
828 974
83 970
284 450
336 812
794 850
315 847
230 434
189 873
444 924
337 673
211 217
57 691
592 976
466 812
37 528
148 1000
194 929
550 581
216 531
314 561
316 358
423 962
644 809
68 658
216 817
152 428
207 839
266 659
29 173
522 988
358 822
573 610
59 995
108 661
673 860
391 786
118 835
237 657
479 982
625 705
792 924
681 964
348 949
549 605
373 965
883 894
324 905
172 896
402 657
41 464
137 351
370 730
495 696
205 566
426 686
508 670
817 840
6 931
3 712
53 738
132 344
14 255
434 598
475 703
298 920
825 879
611 653
508 583
570 800
485 585
243 893
215 868
163 325
141 560
354 569
665 681
942 970
86 730
254 697
439 593
118 721
388 925
616 933
600 724
160 594
414 598
376 661
647 762
191 262
210 301
672 842
204 636
225 957
589 892
160 863
384 474
255 797
738 870
331 469
873 878
276 765
228 909
360 936
148 544
171 779
94 180
13 532
228 563
208 582
581 595
140 793
554 990
183 291
6 557
295 475
299 668
84 501
439 937
88 824
532 630
583 912
289 434
467 614
502 692
731 859
333 334
487 662
536 571
104 913
42 260
63 669
523 758
470 919
381 504
380 817
456 580
155 921
802 941
111 246
911 969
903 968
171 904
534 548
271 474
699 908
95 392
821 967
151 188
342 884
276 950
763 910
375 513
445 624
165 994
655 795
11 292
