70 70
67 68 960944
25 26 220255
17 18 367229
7 8 223985
61 62 243252
23 24 554386
50 51 359355
56 57 294249
54 54 967143
8 9 400458
58 59 242144
63 64 909170
43 44 266678
55 56 401591
18 18 913147
47 48 107181
2 2 237562
49 50 391173
62 63 740027
10 11 847189
21 22 258085
68 69 620566
26 26 495537
29 29 787389
18 19 56891
19 19 458121
61 61 951789
3 3 733064
19 20 439799
69 70 899042
64 65 987997
13 13 643818
11 12 162848
14 14 623424
12 12 17610
44 45 590835
24 24 114554
27 28 919582
37 38 285216
69 69 747379
47 47 61261
54 55 112261
16 17 432290
39 39 254339
51 51 934108
57 57 439661
3 4 429747
38 39 547173
42 43 766276
41 42 479529
9 9 46593
56 56 949923
52 52 886421
8 8 637545
28 29 278468
6 7 844440
33 33 389512
16 16 575906
60 61 320341
29 30 577141
5 6 162536
52 53 480425
17 17 221687
51 52 415178
45 45 810689
68 68 283290
4 5 372287
46 47 910449
5 5 405969
45 46 583368
-575164 158018 -363750 559914 937161 331079 926497 -61327 -982619 -302877 -630473 504269 -301958 -879652 -53353 927463 159173 -998439 990540 766398 638216 506591 791809 -803004 -876612 117071 -441057 -982093 820934 -112924 -88423 339764 -941544 308836 -839489 -394253 -610236 290147 -925894 -771332 -90501 -237629 -190818 -74705 -144026 -156384 879797 -271752 -229568 -328595 134089 767572 -245174 960456 948122 286787 504509 917747 451095 702669 -845248 279293 -55653 46923 746520 616117 423849 819280 268770 -872655
368255
