638 638
618 618 463532
133 133 538988
252 252 998618
364 364 850976
488 489 869815
100 101 398550
463 464 498929
256 256 855549
424 424 495195
378 378 93679
515 515 800943
355 355 198723
380 381 100935
438 439 889712
437 438 74708
432 433 698691
484 484 18278
332 333 392023
549 550 86290
279 279 376568
65 66 65420
189 189 53914
453 454 746200
150 150 729268
3 3 304536
55 55 81569
343 344 59968
531 532 31980
539 540 891613
354 355 67266
7 8 51773
122 123 147269
202 203 354700
103 104 719116
319 319 720827
266 267 154268
506 507 634502
528 528 585862
619 619 812526
234 234 981790
390 391 567570
495 495 729723
348 349 98021
73 74 514664
294 294 143759
203 204 76942
470 471 803383
394 395 182640
572 572 645494
632 633 178013
213 213 131013
613 613 608907
250 251 616014
614 615 13210
10 10 288836
518 519 730467
266 266 307587
600 600 338427
143 143 502002
225 225 728009
502 503 645294
372 373 796378
237 238 119515
405 406 509205
147 148 672495
373 373 467691
187 188 951554
79 79 156295
35 35 151574
205 206 805354
320 321 829287
226 227 3597
89 89 475828
46 46 28460
371 371 945895
208 209 41768
6 6 476392
525 525 525784
51 51 851257
628 629 605370
68 69 893104
589 590 92257
13 14 152587
161 161 498119
255 255 822170
422 423 390554
402 402 966194
39 40 843130
561 562 584040
196 197 595047
93 94 569856
7 7 628586
197 198 128948
593 593 822788
627 628 161221
326 326 844092
542 543 324181
564 565 11612
2 3 121666
601 602 767714
41 41 763195
216 217 387094
127 127 168745
425 426 735946
172 172 299710
514 514 774605
206 206 611562
350 351 646300
17 17 365894
240 240 591753
312 313 544583
489 489 728823
299 299 473538
30 30 836644
316 316 553836
506 506 489454
480 481 440468
528 529 708133
189 190 359403
246 247 609825
637 638 756001
38 39 27509
417 417 728146
224 225 713826
337 338 917196
147 147 386312
45 46 484089
169 170 90127
142 143 196995
22 23 94747
404 404 466292
561 561 760241
218 219 225272
156 157 29529
167 167 3891
246 246 79547
306 306 322530
74 74 708090
122 122 147678
405 405 710121
292 292 658082
265 266 915123
299 300 272403
215 215 693192
538 538 771398
319 320 633102
131 132 82078
309 309 625752
241 242 347167
313 314 256503
119 119 271020
358 359 951377
209 210 390359
300 301 218630
165 166 658381
498 499 776866
290 290 935296
498 498 694364
15 15 688143
107 107 187684
553 554 24273
301 301 482208
307 307 204467
455 456 897836
400 401 945553
229 229 264422
397 397 444731
406 407 287539
16 17 905529
510 511 728778
262 263 920360
546 547 906826
112 112 897641
93 93 310431
280 281 573437
54 55 909141
49 49 160920
577 577 663455
430 431 528227
372 372 329225
272 272 799037
605 606 767385
237 237 362465
325 325 223294
490 490 377112
331 331 430272
636 637 628960
51 52 917781
114 115 149060
21 22 422197
571 571 341003
170 171 34849
607 607 741344
121 121 888487
587 587 329641
595 596 371300
625 625 653893
423 423 549882
634 635 594815
548 549 704640
287 287 568951
233 234 962718
271 272 156608
251 251 68448
342 342 511919
604 604 309690
487 487 793721
354 354 811470
173 174 820730
52 53 569933
171 171 524768
62 63 54183
417 418 77899
216 216 222105
381 382 48182
117 118 258814
442 443 804670
481 482 630053
139 140 649291
20 20 800458
240 241 835382
485 485 687602
64 65 434088
308 309 849064
238 239 672347
166 166 644016
298 299 8139
360 360 894042
91 92 225354
59 60 290586
102 102 754257
635 636 821881
379 380 847474
182 183 768157
277 277 186463
36 36 326502
69 70 216350
261 262 355561
88 88 878710
37 37 912722
22 22 51446
368 368 193806
369 369 274016
311 312 600565
411 411 240588
121 122 652322
485 486 478699
155 156 91049
410 410 355195
152 153 874070
82 82 357346
139 139 852700
611 612 530278
558 559 355778
183 183 931915
474 474 693282
340 340 962107
26 26 310468
362 363 883018
123 124 982528
403 403 76437
407 407 513749
522 523 947623
342 343 405019
263 263 359261
318 319 976986
284 284 884532
71 71 131942
590 591 110090
157 157 838874
532 533 980433
531 531 431938
554 554 794448
101 102 420408
443 443 530947
599 599 263083
469 470 91927
570 571 872936
516 516 418686
258 259 203081
64 64 72899
307 308 443707
43 44 75685
340 341 492893
221 222 368180
239 239 461664
609 610 778367
377 377 653949
496 497 75063
474 475 825153
110 110 539606
135 136 814495
268 268 592855
16 16 611686
385 386 304094
231 232 504135
377 378 854284
30 31 519841
584 584 104936
184 185 96023
482 482 798385
305 306 482129
599 600 506273
533 534 746396
429 430 725046
384 385 390903
429 429 854003
486 487 454507
517 518 409656
24 24 514494
190 190 38322
545 546 511051
176 177 604810
499 500 407645
441 441 842928
279 280 410930
601 601 942381
475 475 840779
575 576 995989
632 632 997527
211 211 638435
595 595 514444
191 192 47328
41 42 17388
114 114 224392
174 174 260015
18 19 235470
594 594 267792
412 412 70226
154 154 602669
5 5 804272
144 145 927294
581 581 907091
161 162 592386
564 564 165879
618 619 980719
339 339 428774
516 517 194400
524 524 473692
184 184 225255
440 441 723956
27 27 508050
286 287 773842
257 258 766104
448 449 800143
137 138 604660
201 202 676866
230 231 151335
178 178 473064
588 589 324148
61 62 671045
327 327 88360
168 169 735471
252 253 684281
466 467 509073
142 142 606691
551 551 836457
146 146 946592
101 101 49210
480 480 219188
324 325 711061
153 153 93305
186 187 702282
318 318 264527
220 220 633604
563 563 137
615 616 366938
374 374 542611
149 149 544616
457 457 69574
620 621 860756
427 427 168528
229 230 903129
397 398 628368
214 215 695189
158 159 216155
451 451 352580
579 579 108875
118 118 108313
271 271 901478
626 627 236391
146 147 281647
132 133 157366
261 261 694320
370 371 39920
553 553 566810
458 458 607494
496 496 713419
329 330 391965
129 130 380995
431 431 514882
602 603 237007
144 144 554910
236 237 95077
456 457 562985
102 103 530030
68 68 526893
83 84 704226
444 445 247425
98 98 193235
539 539 312735
554 555 512728
633 634 251994
359 359 822114
75 75 8001
504 504 886953
380 380 529046
186 186 442668
291 292 742419
574 574 875441
433 434 144083
278 278 77372
629 630 11976
292 293 938047
325 326 9067
253 253 574006
375 375 518503
194 194 25630
200 200 239028
338 339 757179
176 176 937352
434 435 508987
559 559 244997
345 345 58974
587 588 411032
215 216 803060
344 344 967676
198 199 724882
88 89 46949
188 188 10306
128 128 854563
473 474 369207
33 33 411701
269 270 782909
473 473 481039
507 507 743339
578 579 773394
14 15 316343
341 342 340099
257 257 458273
47 48 348752
213 214 323920
449 449 876404
560 561 260967
543 544 411676
281 281 934470
422 422 115339
465 466 224115
409 409 105349
603 603 256457
529 530 977531
438 438 477348
8 8 553097
323 323 802565
598 599 968976
172 173 653057
453 453 903728
452 453 381391
403 404 690101
70 71 94149
92 93 428297
538 539 225441
150 151 397655
314 315 291311
467 468 996742
391 392 7412
60 61 453736
39 39 388831
80 81 668544
258 258 817146
275 276 764922
472 473 770330
236 236 974575
483 483 321311
66 66 736757
162 163 407584
557 557 226712
116 116 209301
550 550 751131
411 412 558996
441 442 352510
208 208 417433
13 13 465235
133 134 296975
356 357 632648
3 4 976752
482 483 537238
428 429 305558
136 136 362139
202 202 213359
242 243 721373
440 440 794246
562 562 802487
356 356 141340
40 41 111130
631 632 210394
381 381 896781
123 123 357013
190 191 632192
373 374 196485
106 106 912681
395 395 264117
416 417 75710
492 493 93521
26 27 62575
593 594 519853
471 472 953769
459 459 838485
309 310 880606
365 365 496528
515 516 779063
315 315 316161
566 567 597034
227 228 888915
544 544 713785
352 353 507619
566 566 8094
214 214 745179
164 164 182307
461 461 398290
291 291 968564
65 65 358755
359 360 266661
83 83 741836
349 350 961350
248 248 966440
327 328 442084
175 175 556686
442 442 156781
565 565 751538
509 509 455967
63 64 443485
571 572 949772
512 512 643024
609 609 878994
9 9 709398
313 313 514953
278 279 455265
287 288 808858
396 396 128798
81 82 870122
274 275 669031
268 269 18236
130 130 893066
6 7 440542
40 40 130018
432 432 525225
572 573 342132
23 23 248132
590 590 197023
351 351 364227
193 194 272321
157 158 399947
242 242 52366
530 531 842591
559 560 191686
622 622 154492
361 361 217806
28 28 7234
447 448 443531
623 624 87069
194 195 412391
577 578 11786
107 108 195455
260 260 31215
583 584 78338
296 296 135084
296 297 883336
222 223 344765
635 635 411559
551 552 791409
32 32 351517
128 129 671034
99 100 547405
500 500 880363
289 290 919874
125 125 866581
346 346 734452
389 389 54555
582 583 870141
479 479 13968
573 573 39169
1 2 469919
155 155 415866
284 285 809354
38 38 575649
509 510 905051
125 126 747255
425 425 362569
43 43 608757
303 304 899020
379 379 582481
207 208 774223
322 323 882637
29 29 633371
446 447 482603
626 626 422838
602 602 868958
398 398 754551
576 576 868816
478 478 468546
451 452 861764
308 308 587222
260 261 235980
280 280 825152
584 585 818253
273 273 36955
228 229 251744
402 403 994744
360 361 312890
541 541 160063
619 620 438394
367 368 221658
95 96 5694
370 370 620230
53 53 849992
106 107 521250
600 601 346012
634 634 603719
580 580 572223
42 42 722848
591 591 840035
159 160 354344
317 317 655808
493 494 297159
94 94 872226
4 4 909224
328 328 609304
52 52 503402
519 520 71804
100 100 901008
339 340 232963
105 105 11927
620 620 930564
399 400 613210
151 152 829387
148 148 932714
558 558 574496
167729 -525207 -517791 252764 -994883 -275782 -818009 175800 -246705 22816 781090 855795 -775455 -492730 -307995 -570088 -368607 550798 382758 100392 -963285 306555 -864921 -236039 295931 -81316 -55372 50165 46087 -526571 237851 -205038 -795073 815237 -503300 -287456 -638172 -691424 531544 571082 -760333 752388 491377 273727 995593 -286619 145515 -764060 -944361 437762 -309774 -667365 -824656 169170 -139257 -260305 396400 -629845 75798 -867060 -27992 796777 -547238 -386897 753650 120547 243398 617604 -101750 -25084 798730 -429723 646213 535411 815624 -789969 -991195 570848 784973 -722765 363580 597455 537711 -537094 82960 914008 376762 107486 -948487 546843 -488639 -420289 748883 -136530 300789 901272 -971756 -191245 -709431 168099 -71334 320324 -770929 308952 -498414 752898 -57971 243665 -521529 188349 -548483 947634 424373 283430 483531 -343449 -352174 -486856 -435610 528363 975616 494626 -410279 791062 471859 368507 -310259 -158245 587079 -427765 115499 242477 -776218 361850 943664 254744 382784 200241 545109 951803 152317 348620 -397614 399885 -879290 544467 770497 -412912 -19110 -455685 799675 411097 28612 -930719 -460492 -577962 -389120 522248 -120122 783732 589805 30550 -574025 -845751 -698394 -785637 694281 535898 490292 509384 783582 196454 -762150 939084 951742 327480 -110782 -655623 -413186 994203 714498 458428 -89500 903782 -713336 749383 759640 356019 -533736 -90072 254722 -889012 506207 611096 -680968 120138 -536058 731786 -82748 -515655 871099 -84342 852893 891035 -180708 -532368 978586 -218040 525821 819066 293327 280750 -351940 -670848 -168446 -513326 602935 -43448 -817043 150979 -477956 -494960 223739 -159876 -570674 233020 -817648 179199 802031 941166 -617291 982186 219288 -912752 -578387 -704129 738129 -939706 -294887 196090 796485 -72780 95853 -615710 -817642 -477169 -980307 -566655 -741854 -40263 -974437 966583 172212 38672 250904 888699 -667333 138391 -150291 748950 -232394 -838663 619062 494189 -540322 -992453 -860125 -828786 -59193 804459 202224 189249 -114434 -721717 -977073 556899 221862 4050 -459073 -748277 -790403 -396478 -7482 628405 307064 404732 4824 -619050 246797 -483835 -431438 648823 -233716 768760 953545 -242368 -967118 -764569 558528 53923 -798190 67972 736688 -131154 53746 551279 -648764 211434 -81146 -330669 -718881 409334 -853224 -653753 415647 436725 380447 -27149 -958265 -964458 658196 194024 616195 -465059 968493 -275611 -224271 883162 -181417 844534 -601311 -455952 90589 -845771 -741579 660722 472523 633400 -166196 382385 486162 330914 -734141 907684 -964216 357384 153106 -279432 -754195 -853826 -959837 -334707 -795922 -24789 405847 675983 -696804 974424 -551740 32882 178764 948818 475806 -699378 -74425 673931 -392695 -197603 687578 -56997 398327 -898429 486713 -917313 302028 391107 170293 -219890 -667486 -592374 -56755 -747979 450534 650315 -19856 395627 -181560 675645 184861 -667952 189355 552509 534095 -647369 -662569 -670804 -372925 -740549 -329036 -302985 298696 -856174 -705525 -548672 166304 848932 700356 580066 -969407 -72482 -387359 -22315 541774 -937723 -200920 -258058 630918 64697 131546 430853 930513 669130 767690 -473517 847589 13334 -496626 474429 190257 42914 -741222 858405 637330 866665 350566 -893367 39326 -901530 -30431 -106947 475852 -635820 -947578 231243 -446310 218481 110651 -593940 617177 39042 -746079 -298349 93700 -478697 -28084 82432 461899 -956736 138621 470643 -641674 568229 -802292 -325462 -465425 -672014 -309686 828205 -404030 89436 960321 -954465 439105 -245121 409333 -486520 -219841 438194 528559 712222 -513704 703738 101324 613321 93949 796208 -298115 259058 -295762 -941001 913028 -93553 164089 -822013 -734106 -721275 414185 23610 882469 189440 -98300 456985 -866397 -974114 436802 541708 670173 -742256 -20016 559935 -251448 -578323 996338 -879083 692758 642923 -927314 378817 967936 -700942 931494 -979832 752410 -917252 91543 611137 97197 -534719 -958588 280773 -892185 -431282 -497296 -961447 -663517 747639 787913 23071 -130551 -19528 815679 -157106 -604525 777469 47117 -511098 -983150 985063 -838876 -905131 -733495 265614 256373 -311852 -117865 -625548 145427 7955 -257165 574431 -345528 540634 194215 731375 192676 83107 382711 -8967 642345 -12306 -612733 652814 603313 -480405 -628317 -855480 937240 671990 -979486 848181 -452956 460300 -21027 -770335 -748670 83025 -323980 -918792 604808 -447360 408848 133090 -857624 821741 -659081 360261 -167062 224141 990375 -450663 -294616 -292199 -39515 -768509 -649312 -382564 -963310 -109704 664912 622463 -134428 -544761 893851 324393 -566351 -419845 -407355 -322221 300975 -625417 -290812 483220 -515336 188277 -369025 695254 -746774 -653728 806793 -976838 64692 -760020 920647 396636 -542804 518612 329066 -68246
979887
