562 562
4 4 915546
290 291 872254
96 97 975369
298 299 316995
144 145 788671
186 187 574537
134 134 583876
522 522 172041
368 368 19757
189 190 477893
8 9 342604
510 511 841715
518 518 651628
5 6 848287
500 501 287018
395 395 1074
190 191 453058
491 492 934392
550 551 717612
190 190 767925
94 94 671580
38 38 497976
374 375 768415
82 82 851626
173 173 2385
55 56 328326
316 317 692512
425 426 696503
180 180 461902
423 424 994613
224 224 976489
253 254 409353
356 356 835610
225 225 355688
56 56 791973
305 306 152899
349 349 739462
73 74 839607
452 453 765898
118 118 257550
196 196 887974
472 473 494463
215 216 924480
179 179 451058
112 112 499716
256 257 329199
115 115 546797
409 410 463739
554 555 346512
336 337 770938
31 31 180164
428 428 503839
242 242 514042
203 204 423708
76 77 764564
259 260 956573
236 236 219968
79 79 453394
315 315 734974
473 473 706067
250 251 767467
514 514 670829
236 237 923356
445 445 204713
505 505 889981
207 207 988555
124 125 73419
382 383 25852
128 129 674912
303 304 807059
456 456 300142
468 469 96499
210 211 545628
118 119 619293
235 236 156672
166 167 458649
158 159 252332
322 323 166993
351 352 841742
127 128 496961
36 36 340519
175 176 407418
212 213 353600
488 488 307586
360 361 452284
322 322 187260
50 51 368557
58 58 562766
416 417 221258
551 552 833115
497 497 549795
547 547 960401
287 288 678809
138 138 554880
28 29 396035
191 192 75944
68 68 997511
306 306 613834
437 437 43454
179 180 29131
174 174 766593
81 82 185938
188 188 989605
273 274 168923
216 217 959575
70 71 438131
464 465 495545
466 467 765020
362 362 706706
198 199 650048
462 462 692611
257 258 5496
531 532 774854
370 370 237384
365 366 915733
260 260 993010
438 439 414033
552 552 432062
7 8 52655
357 357 720523
527 528 262755
182 182 452006
337 337 531165
92 93 188402
85 86 317316
201 202 842263
483 484 284346
171 171 326205
420 421 69034
264 265 16612
558 559 423593
497 498 124292
193 193 538052
456 457 531594
205 206 803467
387 388 179773
360 360 908461
358 358 973163
477 477 56869
15 15 23358
287 287 16688
424 425 208894
293 294 41579
507 507 749749
109 109 263421
525 526 815495
327 327 948060
383 384 711352
323 324 455768
47 48 168365
194 195 137583
284 285 573590
334 334 667715
278 278 901501
350 350 673485
430 430 115447
168 169 142765
341 342 818796
273 273 853288
117 118 140157
246 247 153635
361 361 70152
22 23 587820
164 164 324784
315 316 11478
371 371 985074
151 151 240224
305 305 665240
310 310 582741
262 262 214130
446 446 477693
411 411 529261
105 105 373415
211 212 595052
368 369 49833
320 321 93467
66 67 118925
413 414 443979
297 297 827743
558 558 998872
466 466 910377
71 71 155303
490 491 746771
48 48 354085
204 204 683518
290 290 741942
403 403 700238
313 314 330458
129 129 85376
532 532 157634
2 3 8577
123 124 910227
85 85 51655
171 172 154693
366 366 683882
342 343 814737
101 101 209291
132 132 31190
562 562 160943
277 277 57934
494 495 872791
112 113 18395
33 34 666501
244 245 533988
499 500 245870
461 462 941514
197 197 414669
31 32 319731
167 167 35772
387 387 991518
150 150 193434
413 413 78464
42 42 304709
175 175 26146
96 96 221479
228 229 909911
3 4 512436
218 218 387727
141 142 5702
496 497 562518
86 87 243242
74 74 282896
553 553 149138
346 346 175723
365 365 617269
223 223 8716
226 227 29443
100 101 3067
533 533 479453
366 367 920142
348 348 750310
170 171 628951
119 120 175720
279 279 97090
319 320 16438
268 268 258538
489 490 751866
460 460 321345
181 182 84361
552 553 99791
67 67 481422
476 477 555821
153 153 285149
537 537 266061
449 449 134740
472 472 602128
477 478 523194
418 418 627602
13 14 776323
317 317 410606
147 148 306945
133 133 382205
72 73 592941
506 507 419363
150 151 386406
425 425 773861
288 289 417398
396 397 505663
215 215 887606
140 141 199746
249 249 197298
157 157 541996
329 330 748766
465 465 153274
228 228 429033
137 138 661397
354 354 156185
422 422 92979
444 444 259777
120 120 713174
218 219 571865
86 86 17797
417 417 248362
6 7 366616
526 527 256078
561 562 843639
19 19 732436
286 286 928567
54 54 483658
527 527 477594
343 344 268336
37 37 125437
382 382 284550
239 239 302819
548 549 724605
480 480 610540
1 2 42070
393 393 826043
125 125 193902
544 544 657137
317 318 93500
187 188 741422
496 496 372441
103 103 775084
462 463 484569
394 395 759090
209 210 630878
213 213 267553
122 123 111257
151 152 612806
490 490 677340
54 55 280165
361 362 185960
187 187 603390
194 194 818664
249 250 913405
501 501 239887
192 192 822488
234 234 703493
146 146 983958
501 502 15046
76 76 634438
105 106 666113
447 447 794684
487 488 810473
493 493 825262
134 135 969946
188 189 440363
43 44 501728
6 6 546995
427 427 835511
202 203 47763
324 325 963592
330 331 271480
538 539 83643
231 231 495278
401 402 75029
139 140 438475
183 184 364360
64 64 94945
476 476 657482
400 401 439232
385 385 186615
214 215 423944
110 111 966033
424 424 478234
314 314 982634
545 545 174734
121 122 729737
373 374 372205
377 378 635007
503 504 433316
269 269 554611
60 61 632763
283 283 482391
256 256 993485
328 329 575897
292 293 701407
415 416 649467
177 177 597355
354 355 959513
83 84 554025
364 365 946339
63 64 998873
520 521 130517
542 542 611896
384 384 648144
62 62 844558
87 88 65260
155 155 882728
528 529 295180
534 535 592148
311 311 76992
66 66 183674
275 276 551450
82 83 898873
410 411 844392
98 98 719594
539 539 864964
163 164 982653
217 218 466193
60 60 234784
309 310 908715
208 209 571097
276 276 63301
337 338 756575
393 394 190149
458 459 539441
152 152 133034
12 12 651018
111 111 78768
136 137 516405
347 348 52598
335 336 686496
300 301 440556
550 550 468532
167 168 78361
272 273 437948
506 506 837123
502 503 663666
255 256 656853
292 292 364868
304 305 630312
334 335 229387
169 169 459579
485 485 721467
429 429 506241
371 372 37111
436 437 316167
170 170 516513
515 516 57871
301 301 439144
312 312 707457
91 91 941922
530 530 252638
251 251 23221
211 211 43688
219 220 699372
311 312 779684
536 536 263854
484 484 851051
141 141 787924
297 298 349369
344 345 851193
125 126 386525
165 165 913437
23 24 102565
536 537 72553
551 551 99605
363 364 723482
470 470 740225
260 261 108990
142 142 804615
137 137 172240
414 415 427369
120 121 422161
232 232 247631
442 443 310019
471 472 143208
399 400 667002
364 364 485341
555 556 778347
289 289 299662
282 282 790189
233 233 273588
149 149 271619
397 398 116809
559 560 435727
61 61 586656
303 303 606671
560 560 600911
226 226 71675
139 139 262970
347 347 581590
143 144 200949
36 37 548922
203 203 587578
221 222 869447
333 334 368558
488 489 819418
402 402 939258
394 394 552706
492 493 984166
262 263 326123
492 492 834991
435 435 87370
45 45 892668
148 148 525236
129 130 662061
135 135 449487
336 336 770372
467 468 108640
330 330 721404
68 69 171666
380 380 71704
186 186 971567
412 413 425729
7 7 645683
524 524 381432
210 210 663127
143 143 386342
343 343 841906
289 290 266678
516 517 523781
541 541 374958
43 43 90342
440 441 645282
107 107 540745
117 117 46386
103 104 768906
331 332 438541
199 199 737564
237 238 559225
427 428 812295
261 262 922604
331 331 508014
145 146 299225
299 299 881344
376 376 36596
92 92 3581
49 50 110269
53 54 930079
523 524 302772
320 320 557713
469 469 859431
212 212 111457
80 80 305303
221 221 587574
176 176 243007
164 165 210773
268 269 169221
18 19 709369
391 392 439555
131 131 26774
557 557 588067
162 162 213952
459 460 964133
20 20 174109
58 59 388402
329 329 525392
282 283 713339
381 382 230332
195 195 82909
265 265 581658
172 172 217243
98 99 84641
95 96 194505
270 271 433233
515 515 295068
410 410 867561
376 377 767760
84 85 382754
441 442 762839
180 181 462669
119 119 312316
326 327 543121
389 390 505684
106 106 737340
428 429 528131
392 393 255156
521 521 218603
278 279 711535
142 143 679162
484 485 444939
177 178 300733
513 514 57619
30 31 747239
77 78 666446
285 286 975369
65 66 558022
113 113 470416
192 193 829426
270 270 9671
554 554 606553
217 217 100588
84 84 87087
313 313 592108
416 416 260453
145 145 342869
157 158 842345
452 452 261973
15 16 842829
340 341 820603
264 264 778231
144 144 283663
448 449 274275
535 536 556231
229 229 716249
243 244 538413
161 162 416389
80 81 527304
385 386 68513
960714 265466 930615 581112 354824 146757 -815792 -331416 349392 -732585 419259 319373 -822996 971674 322418 -117134 638380 616198 -717029 886634 -511245 -566020 557877 -353622 192580 -789668 -269769 849501 773075 -795126 29351 -828216 -979007 119761 -69599 -582437 -183386 704222 -383053 -915766 842215 355870 -127800 368320 -110837 -655147 -647372 251712 -211231 -857098 836861 364296 -143455 -643227 224666 858650 13284 -234932 831937 584038 612161 -632636 880574 942778 374693 -900949 472110 -185513 473750 -330775 224099 -180819 -219105 -314747 196592 -508450 -173453 934435 -525083 139268 -298328 -588393 526822 -82078 249526 -389243 -669997 766778 568641 632170 -882451 -471878 842904 -702953 -480081 -6722 -816742 450162 -865306 608878 50166 566701 -561083 -282742 647011 -701528 -448417 -649456 689018 -299756 675325 -239233 359797 658400 31156 -557237 171480 -436720 56562 -773888 -5203 764899 430423 -152350 -197932 784104 108774 -400599 470361 -240742 877599 -197671 441450 755026 239939 320984 176847 -693061 511246 275220 153218 -633594 579816 -36685 520353 867382 41706 254108 -885113 408435 -275805 -574875 982750 -273981 470574 -705647 -668666 -528196 -259036 631982 456375 -122810 -478528 -207351 171805 280681 -354900 -960241 558897 966875 -328235 98952 -637017 323528 -16617 -172112 -510942 -903448 68667 253093 157599 188455 -637641 -936005 -25963 575275 246281 715638 231194 767673 -931040 -909295 -944940 111856 311244 537437 731202 -168806 -93458 907860 -964927 672835 -771031 615004 357201 -530635 586086 -737943 131228 -918990 267948 -592836 -95014 439199 -805777 -147208 800869 832593 -692205 532084 -676794 -919758 735325 510894 -691032 589322 -334382 250567 520047 738722 643227 191405 66688 -492336 -323689 905074 -262515 -658430 -595205 701227 851085 -601397 562074 -817792 -888058 -7744 872863 -972021 311439 -880802 -701780 796765 473591 -404683 -386175 70710 667665 243885 939878 827274 -435195 926204 342499 -305122 360795 -526121 33413 851504 352555 -91265 202942 -139881 -368653 478459 416361 805281 865863 58061 348284 -441126 -198638 31410 -508315 96025 487447 645482 -273043 -140890 -173108 -73792 -776521 -516471 -559688 -681820 -498266 -376562 614295 7213 95561 934324 872748 335420 109362 461461 -89785 683022 -708592 -84731 512397 398543 -356985 -681162 -339714 -808740 -510161 47189 -388279 -172216 115685 -849326 -742616 808294 314045 -928282 633513 938030 849886 906997 -509801 -259017 496220 198282 782936 646474 -809353 -259417 544858 935919 456428 674519 429648 279496 844496 -119307 384083 77665 219995 712637 -840396 -968225 -115844 -839081 321313 309466 658525 -668803 -558894 747049 -13581 10597 -84343 529214 223550 885846 -356034 913780 815941 -609063 -535817 893968 922644 856214 721902 -469846 987288 -971531 -221016 -318027 -168146 667024 -275881 212798 585915 -449965 47112 -933455 270007 -221244 -435464 174316 -475519 624691 240091 490648 347476 278169 -704839 -928895 23066 439319 -861521 635294 -85673 -450988 -247548 -259242 288986 703185 -161797 274393 842993 -467628 -235543 311240 962839 64710 -477120 -974399 -404476 -658051 877800 -605713 -431796 211204 626223 979193 572118 537922 314751 312043 -744021 -274197 445822 460393 131757 5071 -516578 -929878 775290 167527 847539 283415 452400 -978438 419192 598840 141488 401116 265468 112184 -619308 -509355 880532 853149 201527 -313082 523874 -498801 -536676 -638207 842177 223674 907203 957650 155052 832048 -589416 16110 165790 -251335 -265229 856692 34778 -862597 -351810 -975338 643250 323890 -68823 771713 -615346 -138837 760946 -801748 -257520 558268 376975 789922 -82648 571554 -410509 -303779 -21800 460393 197286 740112 -23990 -231528 667504 -97780 -245056 -696975 908695 765133 -937462 574138 422361 608025 -224322 -907883 -859028 640382 214122 294663 -245804 -581463 -573024 444910 -881960 -564924 -13645 371004 393234 -420900 -794409 -523855 965499 -533765 827549 -764465 -217729 197059 819104 369544 -4743 -580733 642062 24764 148710 71373 111791 757541 774018 576940 232926 -520696 -368141 -909163 167730 -667252 -249240 637582 733099 476437 -13838 884778 798474 978723 204348 -315576 -893019 277194
437556
