36 36
35 35 84519
8 8 644745
10 11 647524
27 27 208958
4 5 580555
17 18 71063
32 33 467234
17 17 91200
31 31 388984
7 8 345521
14 14 254975
35 36 569097
32 32 41507
12 12 632417
29 29 835311
18 18 984780
21 22 399629
20 20 34090
12 13 958321
26 27 669458
3 4 463162
8 9 212240
1 1 288557
6 7 107207
13 13 339768
16 16 683924
36 36 535192
14 15 666106
3 3 113989
27 28 165558
26 26 411500
4 4 593514
21 21 519694
24 25 231690
2 3 957695
25 26 418669
-820436 170966 675752 -84363 405439 830745 -575550 788424 494100 -892132 674473 507172 -140301 66207 -186257 565419 418192 -227500 -581861 -156541 861148 720852 755417 335600 636761 -876588 448952 -35356 -542914 -288977 -871254 865990 -565699 438814 972796 -629219
947324
