90 90
59 59 362569
6 6 608757
6 7 899020
33 33 474436
78 79 594113
23 24 505378
18 19 194623
22 23 352371
29 29 932286
45 45 882637
28 29 633371
61 62 489025
66 66 439060
7 7 44844
43 43 699130
42 42 980393
2 3 705629
67 67 268009
18 18 713082
20 21 570201
77 77 895725
52 52 359577
21 21 572551
36 37 741220
8 9 195954
36 36 280683
39 39 825152
17 18 818253
63 64 895510
37 38 715372
1 1 914879
55 55 797106
78 78 738717
84 85 376210
40 40 570293
14 14 383294
29 30 624452
5 6 197890
0 1 875841
13 13 36653
76 76 620230
46 47 753227
8 8 968395
10 10 165134
65 65 371873
84 84 97469
70 70 603719
40 41 355668
73 73 894494
35 36 912111
75 76 219697
79 79 153415
69 69 127396
31 31 242246
22 22 196306
44 44 655808
69 70 297159
13 14 872226
54 55 909224
81 82 296787
17 17 798593
51 52 414079
20 20 577278
80 81 366919
83 83 980245
87 88 349707
5 5 613210
75 75 625218
85 86 236175
62 62 231145
47 47 874333
89 89 252764
15 16 818009
70 71 22816
44 45 775455
34 35 570088
27 28 963285
26 26 236039
4 5 55372
21 22 526571
25 25 795073
47 48 691424
24 25 760333
74 75 286619
56 56 139257
2 2 867060
34 34 547238
9 9 120547
38 38 798730
73 74 535411991195 570848 -784973 722765 363580 597455 -537711 537094 -82960 914008 -376762 -107486 -948487 546843 -488639 420289 748883 -136530 300789 901272 -971756 191245 709431 -168099 71334 320324 -770929 308952 -498414 752898 -57971 243665 521529 188349 548483 -947634 424373 -283430 -483531 -343449 352174 486856 435610 528363 -975616 494626 -410279 791062 -471859 368507 310259 -158245 -587079 427765 -115499 242477 -776218 -361850 943664 -254744 382784 -200241 -545109 -951803 -152317 348620 397614 -399885 879290 -544467 -770497 412912 -19110 -455685 -799675 411097 28612 930719 460492 577962 -389120 522248 -120122 -783732 589805 30550 574025 -845751 -698394 785637
694281
