518 3129
112 326 0
134 498 0
197 499 0
1 490 0
454 300 0
464 456 0
217 416 0
428 141 0
194 482 0
412 140 0
486 191 0
401 333 0
363 410 0
104 359 0
72 277 0
283 224 0
9 499 0
42 436 0
164 66 0
405 106 0
499 497 0
17 464 0
514 452 0
425 359 0
65 309 0
445 473 0
216 235 0
254 517 0
238 352 0
181 474 0
121 335 0
429 71 0
190 83 0
229 163 0
190 306 0
158 495 0
60 65 0
139 304 0
87 188 0
82 421 0
181 489 0
392 300 0
503 307 0
172 245 0
437 321 0
448 184 0
123 257 0
10 98 0
421 95 0
449 496 0
49 260 0
158 26 0
200 275 0
192 174 0
71 344 0
155 180 0
467 104 0
439 371 0
14 21 0
356 384 0
185 213 0
116 193 0
513 185 0
284 104 0
145 503 0
121 32 0
265 272 0
434 41 0
346 481 0
37 299 0
51 480 0
47 40 0
453 151 0
56 158 0
442 350 0
387 382 0
462 233 0
121 435 0
111 25 0
57 293 0
218 315 0
181 409 0
250 516 0
36 39 0
247 418 0
506 221 0
274 425 0
459 100 0
155 63 0
222 80 0
89 275 0
62 78 0
518 444 0
116 277 0
104 222 0
325 263 0
247 467 0
35 477 0
138 100 0
255 372 0
328 423 0
353 27 0
509 60 0
271 224 0
276 183 0
193 360 0
514 215 0
467 197 0
183 210 0
316 215 0
202 339 0
103 99 0
87 90 0
428 123 0
314 233 0
378 76 0
459 303 0
107 29 0
228 219 0
115 518 0
207 435 0
462 413 0
459 49 0
273 308 0
416 33 0
462 394 0
372 139 0
128 116 0
15 151 0
373 410 0
209 262 0
416 36 0
401 514 0
7 516 0
91 237 0
409 20 0
404 183 0
197 250 0
266 107 0
13 98 0
515 308 0
344 492 0
79 371 0
276 114 0
195 359 0
385 246 0
132 331 0
7 100 0
79 413 0
124 184 0
100 160 0
124 446 0
90 442 0
251 487 0
29 401 0
302 141 0
314 375 0
111 459 0
280 326 0
23 87 0
205 425 0
323 421 0
495 52 0
480 102 0
324 157 0
492 196 0
42 495 0
347 69 0
337 417 0
17 48 0
60 424 0
235 14 0
406 33 0
420 66 0
236 100 0
84 81 0
1 510 0
29 292 0
102 79 0
327 136 0
75 410 0
179 224 0
163 184 0
367 253 0
451 96 0
345 461 0
63 414 0
294 165 0
360 336 0
92 34 0
495 175 0
457 460 0
364 20 0
322 391 0
517 22 0
476 26 0
231 390 0
333 253 0
94 372 0
435 168 0
105 179 0
384 262 0
360 251 0
452 286 0
216 97 0
154 217 0
135 494 0
157 386 0
220 476 0
256 358 0
184 414 0
38 130 0
301 294 0
11 80 0
455 276 0
343 375 0
90 124 0
130 221 0
166 54 0
210 20 0
206 152 0
516 97 0
517 162 0
320 345 0
48 385 0
146 219 0
477 103 0
268 49 0
396 56 0
41 214 0
445 223 0
55 365 0
369 189 0
28 351 0
463 166 0
188 187 0
234 502 0
15 372 0
111 120 0
437 279 0
453 267 0
108 262 0
224 406 0
35 296 0
36 56 0
66 406 0
462 20 0
506 229 0
352 115 0
246 492 0
285 427 0
38 367 0
297 64 0
396 198 0
434 379 0
2 218 0
376 29 0
425 7 0
190 459 0
443 245 0
219 265 0
158 266 0
380 284 0
412 473 0
290 431 0
141 216 0
430 6 0
20 160 0
314 174 0
324 312 0
233 44 0
176 62 0
98 477 0
118 493 0
260 259 0
5 403 0
137 356 0
46 133 0
23 438 0
21 518 0
228 376 0
437 102 0
360 364 0
281 412 0
503 506 0
129 303 0
59 170 0
12 69 0
439 95 0
187 54 0
307 154 0
471 204 0
156 205 0
236 157 0
98 244 0
188 143 0
514 380 0
410 507 0
24 315 0
245 495 0
493 281 0
479 353 0
243 360 0
41 90 0
112 123 0
402 34 0
415 430 0
203 280 0
364 58 0
126 225 0
446 495 0
128 40 0
41 107 0
210 147 0
513 207 0
192 427 0
114 11 0
23 375 0
488 222 0
244 281 0
518 289 0
395 33 0
457 232 0
388 4 0
72 411 0
4 374 0
53 195 0
1 70 0
388 296 0
424 6 0
285 380 0
84 408 0
334 309 0
274 218 0
185 41 0
21 390 0
168 316 0
59 470 0
448 192 0
443 91 0
436 518 0
420 441 0
354 410 0
318 380 0
32 230 0
165 253 0
35 452 0
169 491 0
417 158 0
436 510 0
51 463 0
76 487 0
219 252 0
86 304 0
200 295 0
86 166 0
474 45 0
129 293 0
398 430 0
323 231 0
470 222 0
296 330 0
126 111 0
401 124 0
461 48 0
387 7 0
229 105 0
278 504 0
354 266 0
52 135 0
262 426 0
256 67 0
146 34 0
458 464 0
241 322 0
302 261 0
18 213 0
234 442 0
428 316 0
504 288 0
474 256 0
285 499 0
389 130 0
485 154 0
228 23 0
302 4 0
44 313 0
395 365 0
155 387 0
275 256 0
304 22 0
54 309 0
397 212 0
186 63 0
58 277 0
378 140 0
91 60 0
148 366 0
423 403 0
412 421 0
26 400 0
105 148 0
393 178 0
59 235 0
376 126 0
102 194 0
21 455 0
59 14 0
41 276 0
166 326 0
37 45 0
53 23 0
235 19 0
275 503 0
333 397 0
200 327 0
149 179 0
155 131 0
302 19 0
227 156 0
215 504 0
484 476 0
391 349 0
52 51 0
79 194 0
432 328 0
401 499 0
209 81 0
182 499 0
150 257 0
257 109 0
202 100 0
260 408 0
449 368 0
207 261 0
77 87 0
132 501 0
373 242 0
142 160 0
108 275 0
472 184 0
255 64 0
71 111 0
89 512 0
167 262 0
315 490 0
482 179 0
196 351 0
123 140 0
331 410 0
152 139 0
204 381 0
224 373 0
421 35 0
171 415 0
15 448 0
446 185 0
450 63 0
456 38 0
9 328 0
162 70 0
322 329 0
365 295 0
87 353 0
158 373 0
320 377 0
397 185 0
85 21 0
221 270 0
468 267 0
400 131 0
498 384 0
185 9 0
501 402 0
190 469 0
192 347 0
467 280 0
469 330 0
422 322 0
396 490 0
135 255 0
227 157 0
161 488 0
371 60 0
485 442 0
339 497 0
450 251 0
48 244 0
312 109 0
190 212 0
141 207 0
195 298 0
352 237 0
268 480 0
323 200 0
386 183 0
201 152 0
261 22 0
311 89 0
355 182 0
486 478 0
101 85 0
101 124 0
134 454 0
240 394 0
405 66 0
92 457 0
386 60 0
474 252 0
1 233 0
484 518 0
476 499 0
453 38 0
403 43 0
186 354 0
21 415 0
173 171 0
37 397 0
59 53 0
319 307 0
495 337 0
289 254 0
59 78 0
339 77 0
272 189 0
358 283 0
352 100 0
280 378 0
255 460 0
76 90 0
317 442 0
476 87 0
166 112 0
152 82 0
76 113 0
497 280 0
210 326 0
94 406 0
346 344 0
76 187 0
392 116 0
440 70 0
494 247 0
151 172 0
75 493 0
506 127 0
109 243 0
490 508 0
306 185 0
81 169 0
490 383 0
504 132 0
131 164 0
255 417 0
279 122 0
66 54 0
57 235 0
348 171 0
407 12 0
262 350 0
312 89 0
126 104 0
168 169 0
36 223 0
125 237 0
324 493 0
467 338 0
296 200 0
348 323 0
190 5 0
149 24 0
178 27 0
287 364 0
422 214 0
126 214 0
315 506 0
80 349 0
240 458 0
294 320 0
149 253 0
59 360 0
75 156 0
130 269 0
465 50 0
311 398 0
13 473 0
54 201 0
74 2 0
517 432 0
444 332 0
368 173 0
153 110 0
367 240 0
195 254 0
13 158 0
454 433 0
50 280 0
224 31 0
116 224 0
420 151 0
88 255 0
301 288 0
414 127 0
476 410 0
321 105 0
451 441 0
213 336 0
48 402 0
111 176 0
87 119 0
201 405 0
224 10 0
248 499 0
134 483 0
244 457 0
417 91 0
241 7 0
73 23 0
315 5 0
383 244 0
360 363 0
65 170 0
325 19 0
482 172 0
89 29 0
12 459 0
19 38 0
329 274 0
308 362 0
241 258 0
296 369 0
217 415 0
148 256 0
365 4 0
23 328 0
485 193 0
276 67 0
343 422 0
423 128 0
152 119 0
323 362 0
110 218 0
469 475 0
328 200 0
499 503 0
31 113 0
124 307 0
173 126 0
248 439 0
265 197 0
73 284 0
452 288 0
117 405 0
92 69 0
407 414 0
489 35 0
222 400 0
143 230 0
277 28 0
109 293 0
452 73 0
117 470 0
124 135 0
242 336 0
56 309 0
38 382 0
43 502 0
146 404 0
252 437 0
495 507 0
152 386 0
304 371 0
441 293 0
518 296 0
176 96 0
111 454 0
417 277 0
478 44 0
185 66 0
132 393 0
21 387 0
42 85 0
435 178 0
110 348 0
130 87 0
126 148 0
169 140 0
25 372 0
291 439 0
6 474 0
476 343 0
457 487 0
168 233 0
79 101 0
310 491 0
341 406 0
486 468 0
439 369 0
255 203 0
288 130 0
291 517 0
37 280 0
208 18 0
427 141 0
344 377 0
31 339 0
415 382 0
170 121 0
30 2 0
258 516 0
444 139 0
298 94 0
244 197 0
372 446 0
453 408 0
336 270 0
194 51 0
62 196 0
211 150 0
78 43 0
491 81 0
89 473 0
218 311 0
167 347 0
442 204 0
63 432 0
214 167 0
363 142 0
66 225 0
421 203 0
464 337 0
154 260 0
314 53 0
437 20 0
452 374 0
47 423 0
411 23 0
65 54 0
390 344 0
427 100 0
293 112 0
153 173 0
251 326 0
132 90 0
417 175 0
64 380 0
204 111 0
148 437 0
499 418 0
2 222 0
239 477 0
200 229 0
493 136 0
293 406 0
473 2 0
82 328 0
261 330 0
139 308 0
273 312 0
253 89 0
117 155 0
39 321 0
10 29 0
132 9 0
440 100 0
506 202 0
247 424 0
492 130 0
297 116 0
39 37 0
270 260 0
340 261 0
421 308 0
226 367 0
132 303 0
309 102 0
16 511 0
119 22 0
147 479 0
168 507 0
9 458 0
421 436 0
420 415 0
386 345 0
114 431 0
484 254 0
482 189 0
189 323 0
161 64 0
332 185 0
59 142 0
77 40 0
290 195 0
237 504 0
299 94 0
472 434 0
443 69 0
311 353 0
275 381 0
190 324 0
33 187 0
486 338 0
5 448 0
263 380 0
469 459 0
233 453 0
290 175 0
350 494 0
351 99 0
338 54 0
373 329 0
155 425 0
368 426 0
415 230 0
3 178 0
205 348 0
169 518 0
358 51 0
240 195 0
248 350 0
283 177 0
258 340 0
245 424 0
221 517 0
216 200 0
450 247 0
309 82 0
343 161 0
469 506 0
96 213 0
1 152 0
76 15 0
86 155 0
374 321 0
119 1 0
409 83 0
402 1 0
316 155 0
34 217 0
215 202 0
12 474 0
278 221 0
226 344 0
48 384 0
382 51 0
111 48 0
69 376 0
370 66 0
271 137 0
305 207 0
1 411 0
264 493 0
224 236 0
358 78 0
238 370 0
357 167 0
213 507 0
220 417 0
463 412 0
460 99 0
201 88 0
252 236 0
497 391 0
247 220 0
272 467 0
131 150 0
506 111 0
170 224 0
365 218 0
381 63 0
354 485 0
63 275 0
139 481 0
451 317 0
161 171 0
267 303 0
192 139 0
470 373 0
76 208 0
16 33 0
320 417 0
337 135 0
183 376 0
492 157 0
91 503 0
159 308 0
169 466 0
369 338 0
107 200 0
47 485 0
170 463 0
198 351 0
464 126 0
125 238 0
166 156 0
278 177 0
510 65 0
104 190 0
124 327 0
449 86 0
338 492 0
19 463 0
95 119 0
28 452 0
126 135 0
76 275 0
433 282 0
233 329 0
269 427 0
272 379 0
491 478 0
116 76 0
8 332 0
425 363 0
514 447 0
62 472 0
175 326 0
20 382 0
218 377 0
509 266 0
382 245 0
290 388 0
401 437 0
171 177 0
193 300 0
501 104 0
322 378 0
133 342 0
287 7 0
147 280 0
163 508 0
313 500 0
75 242 0
36 297 0
288 194 0
198 411 0
10 486 0
477 411 0
483 450 0
304 241 0
123 216 0
73 454 0
437 195 0
173 48 0
514 131 0
486 96 0
125 429 0
338 113 0
211 388 0
206 210 0
352 90 0
226 95 0
395 412 0
496 255 0
420 175 0
188 317 0
124 485 0
35 73 0
171 490 0
305 281 0
224 217 0
438 187 0
300 23 0
67 456 0
18 449 0
481 324 0
157 358 0
157 108 0
438 431 0
294 169 0
511 220 0
38 498 0
40 276 0
188 269 0
196 427 0
275 393 0
119 216 0
127 102 0
165 38 0
470 443 0
175 484 0
354 22 0
391 222 0
239 295 0
503 315 0
346 252 0
85 167 0
198 95 0
402 431 0
355 10 0
192 94 0
408 207 0
30 109 0
65 350 0
511 399 0
421 219 0
374 410 0
9 244 0
118 2 0
467 56 0
190 53 0
340 404 0
356 181 0
66 337 0
329 504 0
95 338 0
112 97 0
84 42 0
130 424 0
488 292 0
181 292 0
462 182 0
487 246 0
225 131 0
228 503 0
427 200 0
300 447 0
176 204 0
233 151 0
190 484 0
208 421 0
490 81 0
196 148 0
327 143 0
136 388 0
86 149 0
372 181 0
464 407 0
399 23 0
316 107 0
62 340 0
56 474 0
336 188 0
199 107 0
301 482 0
453 275 0
223 224 0
38 338 0
11 372 0
381 187 0
299 119 0
487 377 0
395 167 0
280 246 0
85 192 0
258 429 0
508 372 0
412 63 0
245 408 0
227 339 0
231 499 0
229 432 0
248 12 0
458 518 0
340 497 0
85 76 0
474 403 0
452 381 0
472 367 0
81 37 0
102 409 0
459 298 0
141 191 0
212 263 0
247 80 0
136 410 0
509 103 0
493 204 0
425 406 0
342 373 0
347 441 0
509 296 0
133 324 0
106 163 0
418 254 0
485 92 0
48 313 0
423 93 0
509 310 0
515 107 0
180 394 0
295 512 0
423 269 0
433 439 0
42 110 0
123 458 0
173 374 0
402 267 0
140 409 0
433 364 0
65 104 0
393 119 0
312 163 0
435 340 0
329 397 0
116 319 0
458 50 0
92 507 0
352 475 0
284 309 0
82 502 0
420 270 0
39 346 0
469 46 0
464 428 0
122 247 0
362 2 0
111 289 0
391 72 0
517 8 0
482 165 0
517 374 0
72 352 0
72 439 0
23 425 0
165 443 0
31 417 0
322 501 0
446 494 0
86 491 0
282 467 0
196 408 0
296 452 0
66 261 0
68 49 0
310 415 0
316 191 0
363 403 0
18 88 0
160 436 0
467 28 0
127 508 0
247 484 0
451 485 0
251 290 0
384 189 0
507 359 0
11 24 0
249 283 0
511 65 0
216 404 0
389 105 0
202 195 0
158 86 0
510 500 0
169 112 0
352 314 0
203 232 0
377 386 0
411 181 0
235 170 0
90 27 0
98 74 0
82 50 0
402 451 0
498 194 0
136 214 0
216 501 0
363 36 0
84 445 0
198 181 0
310 429 0
214 336 0
484 248 0
103 383 0
42 24 0
251 221 0
118 469 0
328 293 0
372 158 0
243 25 0
273 406 0
447 342 0
148 8 0
252 97 0
251 49 0
119 327 0
120 416 0
57 109 0
250 263 0
167 512 0
248 406 0
22 156 0
33 225 0
28 329 0
366 461 0
388 170 0
485 290 0
364 115 0
325 469 0
179 506 0
40 341 0
491 106 0
312 12 0
496 456 0
33 59 0
464 285 0
479 461 0
448 416 0
12 193 0
62 134 0
128 50 0
487 490 0
240 56 0
287 353 0
103 120 0
496 492 0
162 77 0
336 398 0
446 233 0
72 399 0
117 101 0
422 301 0
501 315 0
195 98 0
126 354 0
378 71 0
253 426 0
140 33 0
30 500 0
438 312 0
235 418 0
506 342 0
17 312 0
249 83 0
235 36 0
80 420 0
35 351 0
414 338 0
135 172 0
448 262 0
92 306 0
359 76 0
73 382 0
45 389 0
66 173 0
334 404 0
136 344 0
382 239 0
247 157 0
275 278 0
177 202 0
451 384 0
408 2 0
41 25 0
91 332 0
453 466 0
55 358 0
196 137 0
35 285 0
436 274 0
470 1 0
270 500 0
232 103 0
487 229 0
56 319 0
338 200 0
497 133 0
433 445 0
508 97 0
120 342 0
286 172 0
86 104 0
240 197 0
274 295 0
121 111 0
161 74 0
334 296 0
124 488 0
468 153 0
79 22 0
26 114 0
216 54 0
8 277 0
214 467 0
101 156 0
324 235 0
165 338 0
148 508 0
27 19 0
395 406 0
395 59 0
428 446 0
341 155 0
458 32 0
210 470 0
469 1 0
155 208 0
54 364 0
445 48 0
146 436 0
60 514 0
73 437 0
244 340 0
343 258 0
429 209 0
52 492 0
146 184 0
317 241 0
394 38 0
293 42 0
191 372 0
391 350 0
301 280 0
389 502 0
200 201 0
221 22 0
371 104 0
176 162 0
162 171 0
62 57 0
248 137 0
444 453 0
55 397 0
202 385 0
363 285 0
464 298 0
184 338 0
77 251 0
68 379 0
63 413 0
334 274 0
270 233 0
296 426 0
32 296 0
157 65 0
373 98 0
194 130 0
168 319 0
442 328 0
210 315 0
340 283 0
453 457 0
177 246 0
116 125 0
35 499 0
75 208 0
211 375 0
327 286 0
268 116 0
258 66 0
362 221 0
495 270 0
187 338 0
68 130 0
101 36 0
237 148 0
162 381 0
483 514 0
334 49 0
427 435 0
273 384 0
359 227 0
440 423 0
480 513 0
122 463 0
481 85 0
63 511 0
67 503 0
200 225 0
70 458 0
348 69 0
264 19 0
165 301 0
90 34 0
458 137 0
125 80 0
469 288 0
18 80 0
104 265 0
243 402 0
126 301 0
375 345 0
260 41 0
175 304 0
498 58 0
322 169 0
508 168 0
358 336 0
398 255 0
77 194 0
460 132 0
2 315 0
513 241 0
433 455 0
46 512 0
261 2 0
257 213 0
437 76 0
108 279 0
386 363 0
422 292 0
132 24 0
69 290 0
239 482 0
140 127 0
195 408 0
451 304 0
231 474 0
505 478 0
320 355 0
420 92 0
428 442 0
299 386 0
173 26 0
448 443 0
468 107 0
380 215 0
506 76 0
129 285 0
481 441 0
499 299 0
352 502 0
360 413 0
472 178 0
163 213 0
215 174 0
150 474 0
400 391 0
92 513 0
53 139 0
170 212 0
440 79 0
35 139 0
340 46 0
39 365 0
449 485 0
21 400 0
171 488 0
264 328 0
379 500 0
101 236 0
118 158 0
396 399 0
467 184 0
134 60 0
187 265 0
26 377 0
331 376 0
455 302 0
23 193 0
264 307 0
134 511 0
179 484 0
435 156 0
429 349 0
86 361 0
433 238 0
189 467 0
107 322 0
290 226 0
486 226 0
97 502 0
143 515 0
87 464 0
412 408 0
433 398 0
98 59 0
176 199 0
39 181 0
473 272 0
364 76 0
343 445 0
281 201 0
363 94 0
388 24 0
321 70 0
428 3 0
317 52 0
363 491 0
183 75 0
11 163 0
512 6 0
490 210 0
445 468 0
148 22 0
137 444 0
250 188 0
294 52 0
390 89 0
490 349 0
50 384 0
98 27 0
332 165 0
237 416 0
308 518 0
501 31 0
247 272 0
308 95 0
152 427 0
455 315 0
77 373 0
22 471 0
138 251 0
155 339 0
181 135 0
485 195 0
450 443 0
7 122 0
225 5 0
140 238 0
464 65 0
385 432 0
250 253 0
397 222 0
427 6 0
77 269 0
256 12 0
249 22 0
356 330 0
334 407 0
393 276 0
339 433 0
431 336 0
344 433 0
182 438 0
479 145 0
28 407 0
221 347 0
341 304 0
101 354 0
302 453 0
174 191 0
269 217 0
148 490 0
466 239 0
171 393 0
149 385 0
367 79 0
57 379 0
268 71 0
167 195 0
338 456 0
236 32 0
452 321 0
498 225 0
495 317 0
122 450 0
204 327 0
27 208 0
283 90 0
156 366 0
487 204 0
34 501 0
30 311 0
8 344 0
350 32 0
246 425 0
426 390 0
109 349 0
92 299 0
433 486 0
202 492 0
327 455 0
63 470 0
121 427 0
268 161 0
252 57 0
169 368 0
46 510 0
104 506 0
45 210 0
413 257 0
220 295 0
20 517 0
339 160 0
265 189 0
127 21 0
271 141 0
59 282 0
194 414 0
14 390 0
245 27 0
412 471 0
111 84 0
81 339 0
364 311 0
174 168 0
125 227 0
221 379 0
280 506 0
235 218 0
380 431 0
140 407 0
140 161 0
501 148 0
422 466 0
491 165 0
277 33 0
33 10 0
143 509 0
318 322 0
429 131 0
38 24 0
108 147 0
27 4 0
224 265 0
123 29 0
200 419 0
97 416 0
415 181 0
71 4 0
65 143 0
339 58 0
54 300 0
282 49 0
403 344 0
237 492 0
153 345 0
406 321 0
446 84 0
425 289 0
78 412 0
504 346 0
304 228 0
378 274 0
167 457 0
206 392 0
396 227 0
71 32 0
393 347 0
478 191 0
73 491 0
214 390 0
119 490 0
64 306 0
361 220 0
395 491 0
86 71 0
441 113 0
46 242 0
74 16 0
494 518 0
193 264 0
127 183 0
482 9 0
50 491 0
227 367 0
413 110 0
313 33 0
314 465 0
35 164 0
143 428 0
299 303 0
317 440 0
385 219 0
210 411 0
19 73 0
494 26 0
229 110 0
56 308 0
77 393 0
440 82 0
469 235 0
394 153 0
423 319 0
480 159 0
256 300 0
354 497 0
287 267 0
249 445 0
407 390 0
210 396 0
516 318 0
46 460 0
304 72 0
369 217 0
49 133 0
399 58 0
51 2 0
198 443 0
124 460 0
255 288 0
69 337 0
242 367 0
356 5 0
370 417 0
383 24 0
30 410 0
359 388 0
452 207 0
165 306 0
425 90 0
266 513 0
68 92 0
85 115 0
101 224 0
516 444 0
41 272 0
396 51 0
309 90 0
410 4 0
186 88 0
490 329 0
252 108 0
186 507 0
353 262 0
228 465 0
183 215 0
321 397 0
508 188 0
318 340 0
430 173 0
52 233 0
98 207 0
114 32 0
367 343 0
192 279 0
329 389 0
29 436 0
453 291 0
81 168 0
409 324 0
356 437 0
206 242 0
56 133 0
339 188 0
215 416 0
216 147 0
292 455 0
148 176 0
195 378 0
62 67 0
314 505 0
129 274 0
467 328 0
381 55 0
485 281 0
142 97 0
389 377 0
260 130 0
510 413 0
60 442 0
373 83 0
177 375 0
88 408 0
148 335 0
118 129 0
255 302 0
323 413 0
287 185 0
335 470 0
81 281 0
129 392 0
287 151 0
348 274 0
86 272 0
7 77 0
234 46 0
28 119 0
312 236 0
144 452 0
416 247 0
99 365 0
466 112 0
354 507 0
448 358 0
391 422 0
147 386 0
281 371 0
129 287 0
59 273 0
140 268 0
175 71 0
383 479 0
22 369 0
38 97 0
454 246 0
206 469 0
321 184 0
392 143 0
325 258 0
432 350 0
142 481 0
244 243 0
230 98 0
246 239 0
353 426 0
281 258 0
336 211 0
161 178 0
329 194 0
267 312 0
516 341 0
400 49 0
336 129 0
371 245 0
514 445 0
129 47 0
8 394 0
187 388 0
308 261 0
377 450 0
292 234 0
471 343 0
221 498 0
255 125 0
246 238 0
95 174 0
131 258 0
77 94 0
98 446 0
377 106 0
427 25 0
92 104 0
114 324 0
468 39 0
232 282 0
269 328 0
385 235 0
185 296 0
163 280 0
403 390 0
140 179 0
310 467 0
273 170 0
250 136 0
167 232 0
508 27 0
415 170 0
187 134 0
108 220 0
229 72 0
83 400 0
328 248 0
434 100 0
336 476 0
503 308 0
389 102 0
29 477 0
474 465 0
313 237 0
425 476 0
509 139 0
503 319 0
61 366 0
466 126 0
164 506 0
107 149 0
451 75 0
6 406 0
26 222 0
397 100 0
108 153 0
222 207 0
340 57 0
211 38 0
393 351 0
360 362 0
400 182 0
377 94 0
363 14 0
418 316 0
129 391 0
163 377 0
156 42 0
161 59 0
295 441 0
236 105 0
491 333 0
418 376 0
36 402 0
42 329 0
56 165 0
314 321 0
348 133 0
517 206 0
335 15 0
299 22 0
60 339 0
45 24 0
15 41 0
513 412 0
511 429 0
253 486 0
150 91 0
49 35 0
478 79 0
306 321 0
433 440 0
318 402 0
78 182 0
388 288 0
471 2 0
453 128 0
433 409 0
88 304 0
153 30 0
317 404 0
470 86 0
42 33 0
80 497 0
145 168 0
232 8 0
164 478 0
319 20 0
377 515 0
503 159 0
241 274 0
19 353 0
202 32 0
143 204 0
408 154 0
115 34 0
400 47 0
150 259 0
220 450 0
250 441 0
325 516 0
133 467 0
118 430 0
60 184 0
20 220 0
324 217 0
78 285 0
340 260 0
392 46 0
227 314 0
516 398 0
381 208 0
492 381 0
461 428 0
394 403 0
351 205 0
2 421 0
14 323 0
205 363 0
338 91 0
273 96 0
173 515 0
401 132 0
14 11 0
58 417 0
38 448 0
75 470 0
505 492 0
390 217 0
265 267 0
3 256 0
54 464 0
285 36 0
505 343 0
101 67 0
401 102 0
46 432 0
13 69 0
6 497 0
275 231 0
286 207 0
231 482 0
441 297 0
297 491 0
381 291 0
93 125 0
434 328 0
37 213 0
21 137 0
286 63 0
59 332 0
30 269 0
254 167 0
431 106 0
423 279 0
131 458 0
205 216 0
175 410 0
421 184 0
247 442 0
476 96 0
466 208 0
42 431 0
283 175 0
432 325 0
281 83 0
310 251 0
397 502 0
123 72 0
483 423 0
328 64 0
6 367 0
261 410 0
1 508 0
248 317 0
142 55 0
184 196 0
479 66 0
245 254 0
1 44 0
353 34 0
148 489 0
21 465 0
164 48 0
394 209 0
186 69 0
116 139 0
246 339 0
128 429 0
211 88 0
512 57 0
103 221 0
294 202 0
507 296 0
212 106 0
372 20 0
133 345 0
39 197 0
189 325 0
191 266 0
426 514 0
516 429 0
496 464 0
222 205 0
12 50 0
385 243 0
495 115 0
138 447 0
18 429 0
58 112 0
410 52 0
174 127 0
55 363 0
355 99 0
116 16 0
204 293 0
268 262 0
280 328 0
173 343 0
483 185 0
517 188 0
201 376 0
420 508 0
234 355 0
73 279 0
376 352 0
148 273 0
501 484 0
281 77 0
407 69 0
12 1 0
147 419 0
272 342 0
381 225 0
21 438 0
29 247 0
487 228 0
109 254 0
63 306 0
330 154 0
100 294 0
337 361 0
156 259 0
160 43 0
262 85 0
225 416 0
356 267 0
217 232 0
395 108 0
47 198 0
244 175 0
52 447 0
384 140 0
82 484 0
56 364 0
514 171 0
224 251 0
267 86 0
56 315 0
37 405 0
190 353 0
457 256 0
297 123 0
83 396 0
365 486 0
183 237 0
284 405 0
125 502 0
133 283 0
301 362 0
201 398 0
39 250 0
256 334 0
359 44 0
427 392 0
199 89 0
302 439 0
235 257 0
228 437 0
451 210 0
447 517 0
497 402 0
29 375 0
201 155 0
130 442 0
176 169 0
425 18 0
505 217 0
455 454 0
335 507 0
127 156 0
347 367 0
81 181 0
351 6 0
168 133 0
234 99 0
339 490 0
490 432 0
476 192 0
404 173 0
72 370 0
206 263 0
432 109 0
131 10 0
35 319 0
311 181 0
18 146 0
88 169 0
291 16 0
277 21 0
140 157 0
175 328 0
6 290 0
360 493 0
197 143 0
421 264 0
261 232 0
496 133 0
48 37 0
428 517 0
150 75 0
266 342 0
148 107 0
116 43 0
36 112 0
105 184 0
103 454 0
512 323 0
45 43 0
487 299 0
316 144 0
274 22 0
60 161 0
2 263 0
410 199 0
237 480 0
68 430 0
100 180 0
395 256 0
460 10 0
175 122 0
498 144 0
282 340 0
253 423 0
28 234 0
191 222 0
236 53 0
309 468 0
406 327 0
462 80 0
50 118 0
91 358 0
349 48 0
506 436 0
137 146 0
163 472 0
55 267 0
33 144 0
83 47 0
210 184 0
154 84 0
180 8 0
104 56 0
101 340 0
294 275 0
242 281 0
48 49 0
48 149 0
299 323 0
290 318 0
181 497 0
517 108 0
40 118 0
32 349 0
429 140 0
518 318 0
46 445 0
267 428 0
338 217 0
502 252 0
433 54 0
325 129 0
290 468 0
475 337 0
360 484 0
404 436 0
459 170 0
420 117 0
459 454 0
189 92 0
84 484 0
260 140 0
135 249 0
268 449 0
14 185 0
423 320 0
412 323 0
133 450 0
157 239 0
508 72 0
38 399 0
228 480 0
455 107 0
270 226 0
458 18 0
108 127 0
318 393 0
174 219 0
374 131 0
164 47 0
512 389 0
188 225 0
246 131 0
291 106 0
215 262 0
198 207 0
462 23 0
192 397 0
445 128 0
175 292 0
414 199 0
16 178 0
499 484 0
396 53 0
333 288 0
126 294 0
356 431 0
251 336 0
98 467 0
377 240 0
19 317 0
130 110 0
7 34 0
382 275 0
136 484 0
279 207 0
103 23 0
130 105 0
452 33 0
225 342 0
177 385 0
17 455 0
86 414 0
381 178 0
384 260 0
439 63 0
69 195 0
168 231 0
394 100 0
453 359 0
486 264 0
320 302 0
329 2 0
478 493 0
94 227 0
292 431 0
315 249 0
366 117 0
28 445 0
145 444 0
178 282 0
34 451 0
197 319 0
287 261 0
226 490 0
179 404 0
212 120 0
494 123 0
419 75 0
383 107 0
103 478 0
129 87 0
9 295 0
40 214 0
501 237 0
361 97 0
280 159 0
499 137 0
116 251 0
202 74 0
19 456 0
452 300 0
450 362 0
215 245 0
310 238 0
416 232 0
436 308 0
455 87 0
125 337 0
134 377 0
70 388 0
360 316 0
200 511 0
359 357 0
382 183 0
315 317 0
92 29 0
494 149 0
464 286 0
23 145 0
212 469 0
389 248 0
485 422 0
347 374 0
11 374 0
329 210 0
140 250 0
329 344 0
64 59 0
197 370 0
364 379 0
43 100 0
111 474 0
473 73 0
242 268 0
85 81 0
449 255 0
226 185 0
80 314 0
186 37 0
297 275 0
118 349 0
431 283 0
417 314 0
338 283 0
421 390 0
385 115 0
204 156 0
232 181 0
466 456 0
12 52 0
10 56 0
336 157 0
161 277 0
365 73 0
138 400 0
420 265 0
226 328 0
7 67 0
455 334 0
9 427 0
249 245 0
159 54 0
315 83 0
350 244 0
142 379 0
401 145 0
393 299 0
464 233 0
335 42 0
347 51 0
86 270 0
504 472 0
334 434 0
67 68 0
467 64 0
200 248 0
446 507 0
12 243 0
484 319 0
471 364 0
311 102 0
197 345 0
268 75 0
245 439 0
173 207 0
392 101 0
145 134 0
91 68 0
13 493 0
422 10 0
408 340 0
24 114 0
350 351 0
320 372 0
404 443 0
283 301 0
445 513 0
488 242 0
213 7 0
90 146 0
102 81 0
281 69 0
498 262 0
302 20 0
423 39 0
69 504 0
277 412 0
177 336 0
497 60 0
160 164 0
236 349 0
219 239 0
471 274 0
345 504 0
110 220 0
469 328 0
249 514 0
73 150 0
304 76 0
195 462 0
310 47 0
407 180 0
204 62 0
186 144 0
14 379 0
17 37 0
489 388 0
306 232 0
162 24 0
354 90 0
228 39 0
268 428 0
385 94 0
161 370 0
322 454 0
207 465 0
389 140 0
78 423 0
346 73 0
472 13 0
336 14 0
426 405 0
512 326 0
388 18 0
402 246 0
318 500 0
185 329 0
486 132 0
340 339 0
322 337 0
337 360 0
303 488 0
214 512 0
465 200 0
352 464 0
193 243 0
88 247 0
451 71 0
361 367 0
280 461 0
110 471 0
33 268 0
279 302 0
423 314 0
258 25 0
366 485 0
201 6 0
29 313 0
168 486 0
132 297 0
421 215 0
446 20 0
82 224 0
505 426 0
446 188 0
370 416 0
413 191 0
209 428 0
137 25 0
48 76 0
91 228 0
444 495 0
204 22 0
145 99 0
436 339 0
227 366 0
305 335 0
16 91 0
108 188 0
42 323 0
331 202 0
167 435 0
201 375 0
109 262 0
170 331 0
337 230 0
54 439 0
377 126 0
220 357 0
294 378 0
508 207 0
26 353 0
320 4 0
325 106 0
388 12 0
379 328 0
213 189 0
468 73 0
89 360 0
149 347 0
397 326 0
181 281 0
44 332 0
505 366 0
313 438 0
335 407 0
329 291 0
98 288 0
411 328 0
137 311 0
56 465 0
267 296 0
361 56 0
394 359 0
71 439 0
492 472 0
190 263 0
65 63 0
102 34 0
458 273 0
235 249 0
262 501 0
323 216 0
227 436 0
286 447 0
164 222 0
100 64 0
438 215 0
21 238 0
378 126 0
452 258 0
112 289 0
252 173 0
8 478 0
124 491 0
100 503 0
151 428 0
428 29 0
491 22 0
328 67 0
242 103 0
244 245 0
181 460 0
315 152 0
406 133 0
97 389 0
176 516 0
500 337 0
380 26 0
503 209 0
135 97 0
104 364 0
471 142 0
130 493 0
305 59 0
290 63 0
489 116 0
447 417 0
55 200 0
488 381 0
130 441 0
99 66 0
253 439 0
274 78 0
337 344 0
203 472 0
440 333 0
467 6 0
510 29 0
148 420 0
53 84 0
202 226 0
455 504 0
22 106 0
479 359 0
354 466 0
259 127 0
173 311 0
493 433 0
260 38 0
501 170 0
71 233 0
126 151 0
518 498 0
350 142 0
138 413 0
410 426 0
58 153 0
418 485 0
286 174 0
475 179 0
225 237 0
476 21 0
512 222 0
428 319 0
242 308 0
495 315 0
304 315 0
12 328 0
212 36 0
180 174 0
451 227 0
482 363 0
179 421 0
32 414 0
63 74 0
469 485 0
133 86 0
311 315 0
506 390 0
270 140 0
436 235 0
180 487 0
75 511 0
1 104 0
283 262 0
383 289 0
390 113 0
223 240 0
279 107 0
227 172 0
162 299 0
212 85 0
73 504 0
367 3 0
39 182 0
411 194 0
351 20 0
63 321 0
355 162 0
316 85 0
244 84 0
225 19 0
43 166 0
244 221 0
40 37 0
140 400 0
108 391 0
72 22 0
480 378 0
12 267 0
238 413 0
301 284 0
79 294 0
97 63 0
316 185 0
436 422 0
37 423 0
311 174 0
387 244 0
304 392 0
183 60 0
159 135 0
476 184 0
273 489 0
471 7 0
12 118 0
297 268 0
14 458 0
30 255 0
206 351 0
114 375 0
175 301 0
2 11 0
155 9 0
134 421 0
483 253 0
203 224 0
381 299 0
424 380 0
303 392 0
408 132 0
296 2 0
504 478 0
373 171 0
314 377 0
464 165 0
336 244 0
415 155 0
194 496 0
456 461 0
390 144 0
96 72 0
68 101 0
385 42 0
182 498 0
269 362 0
308 180 0
97 238 0
145 404 0
362 201 0
204 194 0
343 20 0
82 197 0
119 99 0
309 515 0
231 302 0
373 235 0
92 389 0
509 47 0
66 239 0
515 99 0
221 445 0
442 191 0
134 2 0
123 149 0
454 85 0
430 165 0
469 238 0
471 82 0
118 379 0
22 269 0
243 370 0
167 243 0
189 99 0
256 1 0
412 139 0
68 456 0
60 472 0
14 169 0
262 137 0
230 233 0
19 186 0
458 311 0
39 316 0
335 150 0
280 146 0
33 176 0
377 20 0
505 514 0
331 275 0
411 94 0
377 127 0
347 243 0
465 148 0
444 80 0
128 376 0
303 268 0
378 248 0
48 238 0
298 150 0
261 215 0
311 324 0
505 278 0
172 212 0
200 443 0
47 508 0
149 491 0
24 172 0
317 175 0
265 40 0
18 404 0
271 207 0
357 401 0
233 420 0
47 37 0
278 258 0
437 246 0
123 186 0
245 202 0
267 5 0
83 91 0
382 334 0
452 4 0
434 515 0
289 357 0
229 384 0
40 81 0
238 268 0
473 402 0
105 114 0
135 189 0
276 457 0
188 221 0
311 510 0
171 169 0
436 179 0
493 427 0
517 128 0
398 53 0
11 378 0
30 468 0
173 49 0
304 379 0
103 304 0
473 279 0
109 148 0
285 372 0
196 43 0
399 24 0
109 255 0
156 175 0
264 30 0
41 51 0
378 249 0
244 211 0
118 427 0
453 10 0
249 56 0
489 194 0
42 186 0
256 420 0
315 151 0
490 55 0
206 414 0
321 289 0
420 374 0
308 148 0
137 393 0
311 454 0
442 272 0
252 423 0
485 59 0
327 55 0
392 3 0
465 232 0
287 398 0
301 470 0
90 81 0
402 62 0
404 420 0
488 423 0
19 500 0
150 122 0
108 110 0
155 474 0
292 326 0
288 75 0
366 286 0
80 412 0
57 479 0
478 365 0
38 113 0
180 307 0
137 151 0
474 462 0
441 367 0
419 191 0
490 366 0
281 479 0
295 57 0
481 12 0
182 154 0
381 343 0
272 174 0
342 171 0
76 312 0
426 221 0
62 76 0
431 282 0
27 290 0
276 384 0
236 454 0
487 183 0
450 91 0
340 446 0
302 43 0
270 61 0
392 336 0
213 198 0
233 458 0
420 287 0
452 86 0
323 232 0
512 463 0
10 426 0
252 177 0
315 319 0
358 328 0
446 10 0
349 65 0
295 137 0
193 513 0
94 508 0
113 218 0
342 131 0
76 446 0
511 49 0
86 508 0
98 464 0
188 394 0
232 392 0
462 82 0
314 493 0
277 27 0
470 485 0
72 292 0
123 395 0
87 125 0
276 349 0
19 234 0
60 29 0
324 150 0
219 516 0
367 207 0
83 38 0
268 317 0
37 392 0
279 372 0
413 135 0
357 358 0
92 218 0
355 32 0
154 467 0
261 160 0
111 133 0
293 123 0
43 486 0
154 235 0
212 90 0
262 233 0
17 262 0
267 64 0
384 74 0
413 488 0
500 496 0
381 470 0
38 488 0
338 315 0
347 146 0
283 192 0
368 134 0
377 361 0
206 377 0
442 379 0
171 186 0
283 326 0
460 364 0
358 85 0
493 290 0
4 284 0
483 196 0
32 341 0
33 381 0
240 442 0
494 278 0
27 362 0
304 385 0
475 63 0
278 155 0
248 103 0
128 48 0
369 285 0
358 481 0
424 450 0
316 472 0
463 274 0
430 46 0
407 37 0
361 208 0
517 261 0
177 384 0
40 181 0
44 22 0
279 21 0
509 305 0
144 413 0
328 194 0
358 288 0
35 87 0
36 151 0
67 216 0
146 71 0
304 5 0
152 299 0
232 25 0
148 455 0
188 340 0
416 443 0
448 175 0
208 131 0
190 283 0
137 209 0
97 173 0
431 467 0
352 340 0
505 504 0
401 193 0
123 26 0
123 126 0
327 458 0
356 462 0
346 491 0
32 332 0
473 62 0
16 156 0
322 174 0
374 226 0
357 74 0
367 332 0
368 5 0
57 85 0
467 472 0
408 143 0
450 189 0
148 219 0
142 222 0
394 362 0
452 36 0
139 63 0
494 183 0
367 78 0
203 334 0
124 455 0
157 97 0
493 350 0
74 163 0
150 246 0
373 144 0
305 378 0
299 346 0
107 467 0
349 21 0
18 513 0
110 209 0
385 365 0
124 384 0
25 343 0
14 509 0
5 141 0
498 371 0
389 117 0
404 118 0
315 499 0
357 283 0
319 453 0
139 204 0
490 225 0
365 287 0
182 142 0
88 93 0
17 238 0
463 258 0
391 292 0
226 379 0
508 75 0
84 128 0
296 153 0
19 57 0
271 376 0
431 347 0
470 71 0
421 265 0
305 125 0
417 252 0
23 454 0
308 168 0
150 502 0
237 224 0
106 26 0
294 491 0
36 289 0
199 239 0
158 257 0
491 212 0
258 395 0
154 39 0
226 507 0
27 83 0
247 292 0
497 240 0
10 337 0
339 360 0
168 107 0
499 3 0
252 72 0
197 399 0
132 164 0
382 102 0
105 421 0
156 18 0
12 375 0
381 474 0
68 362 0
66 344 0
83 307 0
504 206 0
126 421 0
441 127 0
38 417 0
207 126 0
431 430 0
244 3 0
485 498 0
246 29 0
486 331 0
513 183 0
46 179 0
59 405 0
316 278 0
93 362 0
73 265 0
203 93 0
176 246 0
440 404 0
426 31 0
333 452 0
141 397 0
466 272 0
313 332 0
313 203 0
127 68 0
392 40 0
41 24 0
347 259 0
187 221 0
193 121 0
260 184 0
247 28 0
40 126 0
239 17 0
305 338 0
226 393 0
303 477 0
336 403 0
273 177 0
328 219 0
13 304 0
36 210 0
174 359 0
207 512 0
417 305 0
315 59 0
474 311 0
168 332 0
252 300 0
164 166 0
422 508 0
477 481 0
177 418 0
-232141 405953 572226 -157440 -441238 -977107 89509 777668 -298452 233488 -665365 32122 868807 -660187 -666487 -458598 -291129 -979516 122164 977909 -906984 -108201 -719701 785061 -544887 178287 -990013 979531 573047 -271362 776885 -467076 394420 747686 -754056 704580 805925 -947026 -870671 -444358 -350074 37920 813969 340577 -272896 -76170 -692571 -923609 104308 -751329 -820577 -333050 867013 -122771 -684999 -286557 189845 -480921 -925385 758885 -568324 81857 -774452 558678 -579665 -998999 -793838 621601 -382477 323620 768244 -634260 439251 -75544 -41532 58869 -56950 -230851 -531572 -679783 672465 -808620 -573074 -937601 -771420 630991 602189 420177 -998475 -806471 234659 -854743 -112367 -485511 -355117 -800920 699979 -251496 -840997 -7318 -531510 351715 898364 -966085 228744 -439098 432240 -957191 328982 -257615 878305 -781453 -184988 291951 477240 -842045 804992 -985066 -100140 -518353 703263 -189374 122617 22216 -720108 117463 -347782 -897713 -666452 -502865 -950693 -41434 741756 -265892 602359 89526 633215 563111 473982 426023 -940923 -963760 -425148 498608 -323710 445949 -982288 323855 -963947 831418 190981 -152196 953508 -714698 847194 51833 -239072 472201 -112542 409495 -306156 496713 -703048 -798697 -364231 15342 201574 201341 564 244042 -571869 746863 622138 -640188 -61605 -157878 -750138 504429 431280 -89794 953568 -356456 -571230 -416428 -175217 -896112 -205407 775420 -557039 -152573 108594 499458 407547 710342 110672 932317 976524 911072 886254 -864904 -849539 640245 298597 -790141 -623602 507186 -514261 712038 -977613 812116 696937 620055 45761 -438760 -897681 -735613 422872 -774917 -7603 -135750 -833017 -739682 118097 -251890 -447639 -120529 355136 750438 -808594 -459343 -829331 -515597 768167 -817921 -604333 -573505 460607 -756349 611837 235238 503040 159291 272553 -830565 -761962 178955 -266337 125126 -92530 -133395 483581 -401334 -852610 -908005 125698 -172974 852821 -325643 460449 30020 -212662 -264104 -889342 641152 -303168 904999 -203750 -529552 -562262 220504 -975246 213843 -448664 -939331 -543002 912251 646246 273599 -921857 419142 -214952 246594 -516345 107423 -327119 -595479 -28954 -931314 771946 -982719 -243354 -454156 651039 -709720 -976574 325192 292267 743517 -317829 927871 -13385 -772059 439813 -16681 51610 -593739 259781 -956078 547222 168605 -874599 225190 438881 -884314 356320 -176187 658734 -414302 321609 718962 650637 525913 -342744 -244271 211114 -863856 387438 -381972 -464040 255156 84067 75144 959316 942214 455855 -147672 -364812 -443055 -874989 520573 -343233 477485 845754 -141237 -982693 -661062 178656 -685502 601653 747997 629807 984557 716923 460826 235925 -277185 -835632 -535026 -282945 -437700 123936 -659651 -303662 643662 -988878 62813 -380173 582351 -254192 -651155 -757070 -940194 -161088 -588971 266207 -760581 650070 374680 912786 -769517 865731 807809 -62736 -717046 -190318 -256542 361059 944484 -723514 613036 -85570 667703 274299 166310 703091 -383012 -245853 116494 -257008 -264361 -269342 -498045 -29292 506591 -375292 -833062 700049 -174329 372063 45863 -286257 -627491 -877067 -33426 455601 -553785 -878547 -772180 -641813 609234 -839268 711722 -442342 -787661 43940 861318 76940 506957 852531 734270 -655088 -724744 -640611 401486 508885 -684130 568603 471296 -856446 -628737 -403633 956181 44802 -910574 -970836 652490 -364905 -474465 567296 778859 836429 395144 -46677 -182510 306145 -932597 286949 -68639 -331907 -456704 213894 903253 259028 -902762 728592 752999 -962501 -312346 476466 -150015 656055 120339 321496 290842 736403 -767127 235364 -779569 -466777 -821409 -649618 -202524 571222 -587952 250313 613901 359630 -53376 -890904 -814356 -516826 286543 -696206 991022 501997 -60414 20332 -569461 -503934 -170964 582121 223992 636716 -533479 -813369 26259 138259 -845033 -574077 -277063 17774 -245975 111023 -909256 -99434 -237528 422602 -211613
700454
