921 1766
746 774 0
829 425 0
147 757 0
623 438 0
218 238 0
886 348 0
821 599 0
494 182 0
617 641 0
408 585 0
828 561 0
101 514 0
804 59 0
724 614 0
885 539 0
512 440 0
290 624 0
70 626 0
120 621 0
623 792 0
219 633 0
733 137 0
629 395 0
429 916 0
822 646 0
674 60 0
378 239 0
874 559 0
493 236 0
789 454 0
498 624 0
186 423 0
105 441 0
478 307 0
299 634 0
586 93 0
171 852 0
600 153 0
479 23 0
638 763 0
87 669 0
329 782 0
132 22 0
436 46 0
452 612 0
2 405 0
399 708 0
759 406 0
227 400 0
699 448 0
800 534 0
548 530 0
629 833 0
158 317 0
338 358 0
201 672 0
898 526 0
45 93 0
560 569 0
378 312 0
777 819 0
519 894 0
396 227 0
579 616 0
13 689 0
689 252 0
246 790 0
49 886 0
171 119 0
697 233 0
488 174 0
166 778 0
327 546 0
723 237 0
765 411 0
814 531 0
430 191 0
34 715 0
877 744 0
26 300 0
527 601 0
862 683 0
397 180 0
478 44 0
182 259 0
487 163 0
380 170 0
858 544 0
498 165 0
218 691 0
449 643 0
491 154 0
854 76 0
312 809 0
579 887 0
461 56 0
812 206 0
715 184 0
343 671 0
101 111 0
234 713 0
206 503 0
161 525 0
213 819 0
403 756 0
337 26 0
733 532 0
499 728 0
645 532 0
539 633 0
279 567 0
619 186 0
151 805 0
203 885 0
294 347 0
335 441 0
305 231 0
631 234 0
601 160 0
60 324 0
561 14 0
881 378 0
607 186 0
431 341 0
489 831 0
339 621 0
136 110 0
69 818 0
613 538 0
891 561 0
382 588 0
883 804 0
343 121 0
77 837 0
742 699 0
648 54 0
602 793 0
376 65 0
153 590 0
834 135 0
177 917 0
300 548 0
687 613 0
870 687 0
545 308 0
685 272 0
445 292 0
350 558 0
319 890 0
750 618 0
496 343 0
493 585 0
318 717 0
184 173 0
479 754 0
507 207 0
111 4 0
522 488 0
857 752 0
888 260 0
868 715 0
832 708 0
102 832 0
476 395 0
646 667 0
167 727 0
829 12 0
295 411 0
844 820 0
94 513 0
865 63 0
144 352 0
7 17 0
284 278 0
898 350 0
581 207 0
622 897 0
257 874 0
640 40 0
131 309 0
815 527 0
71 321 0
127 167 0
676 375 0
758 398 0
285 136 0
724 453 0
228 596 0
101 47 0
619 355 0
459 894 0
886 687 0
246 20 0
7 32 0
162 564 0
330 531 0
647 292 0
819 524 0
739 740 0
795 306 0
472 623 0
920 214 0
62 226 0
35 296 0
723 444 0
612 761 0
908 131 0
703 78 0
59 406 0
916 897 0
491 9 0
817 116 0
713 747 0
248 914 0
778 420 0
722 274 0
638 314 0
196 637 0
167 513 0
181 653 0
275 484 0
320 867 0
532 559 0
557 659 0
121 416 0
736 204 0
436 23 0
896 73 0
622 273 0
229 909 0
274 558 0
476 741 0
328 620 0
112 554 0
170 860 0
24 790 0
220 275 0
840 532 0
381 484 0
847 851 0
27 487 0
633 85 0
425 67 0
619 738 0
325 888 0
646 877 0
714 130 0
406 284 0
692 7 0
428 426 0
891 569 0
17 337 0
444 409 0
641 51 0
243 138 0
430 659 0
64 49 0
290 248 0
820 673 0
215 304 0
624 771 0
319 724 0
487 81 0
384 203 0
186 572 0
686 456 0
367 701 0
410 146 0
477 303 0
513 294 0
720 232 0
513 466 0
50 842 0
765 517 0
908 308 0
903 134 0
641 116 0
109 345 0
473 331 0
881 896 0
917 291 0
871 725 0
242 429 0
415 848 0
143 92 0
86 362 0
467 217 0
402 144 0
316 869 0
678 727 0
632 520 0
670 390 0
576 613 0
637 20 0
556 748 0
717 693 0
890 47 0
821 204 0
731 371 0
13 97 0
112 127 0
9 277 0
571 819 0
643 466 0
773 407 0
908 17 0
178 665 0
894 824 0
159 317 0
834 23 0
104 266 0
74 508 0
187 804 0
496 657 0
633 232 0
279 73 0
288 680 0
615 725 0
465 70 0
751 95 0
885 165 0
878 762 0
188 199 0
273 370 0
702 553 0
505 839 0
38 153 0
676 232 0
413 713 0
19 476 0
68 224 0
727 910 0
83 919 0
871 919 0
270 98 0
684 328 0
780 118 0
900 382 0
699 408 0
54 587 0
557 743 0
444 485 0
576 214 0
664 769 0
262 337 0
613 601 0
74 638 0
877 437 0
290 173 0
170 101 0
478 110 0
722 845 0
153 283 0
633 917 0
442 381 0
669 816 0
404 212 0
341 14 0
484 492 0
543 827 0
253 12 0
366 649 0
740 221 0
602 290 0
234 600 0
200 110 0
793 299 0
854 259 0
18 4 0
15 537 0
805 85 0
524 262 0
865 285 0
667 189 0
903 373 0
106 781 0
720 528 0
76 733 0
201 3 0
916 712 0
133 352 0
739 299 0
100 403 0
913 756 0
54 893 0
387 405 0
537 154 0
553 57 0
578 736 0
62 212 0
433 276 0
244 327 0
94 531 0
77 441 0
438 872 0
616 504 0
410 530 0
185 452 0
348 67 0
59 798 0
712 911 0
440 646 0
127 382 0
900 678 0
173 285 0
583 427 0
809 13 0
627 642 0
294 186 0
832 181 0
152 583 0
200 526 0
203 880 0
756 508 0
74 495 0
497 404 0
677 715 0
743 126 0
904 628 0
908 192 0
317 178 0
136 455 0
109 742 0
514 469 0
345 298 0
587 413 0
697 154 0
200 371 0
279 438 0
510 579 0
14 760 0
416 311 0
299 18 0
298 778 0
622 360 0
539 908 0
862 617 0
541 876 0
98 24 0
495 417 0
798 299 0
57 828 0
421 524 0
765 751 0
669 541 0
788 436 0
20 871 0
293 447 0
179 386 0
81 145 0
408 324 0
387 497 0
3 902 0
720 502 0
813 65 0
382 688 0
376 235 0
8 516 0
666 385 0
144 815 0
729 757 0
504 512 0
383 345 0
414 638 0
518 875 0
236 597 0
136 160 0
518 428 0
728 406 0
250 563 0
585 596 0
190 454 0
174 344 0
145 46 0
388 829 0
14 436 0
151 851 0
322 631 0
166 614 0
629 316 0
519 387 0
539 510 0
50 727 0
546 289 0
860 352 0
920 756 0
459 404 0
376 282 0
653 94 0
605 447 0
94 111 0
185 284 0
690 652 0
541 182 0
782 13 0
64 434 0
300 293 0
323 737 0
853 866 0
549 527 0
106 790 0
164 662 0
544 128 0
631 433 0
217 920 0
817 578 0
746 530 0
919 264 0
171 821 0
107 407 0
864 171 0
920 253 0
730 795 0
639 566 0
187 42 0
846 404 0
304 96 0
9 379 0
214 800 0
429 833 0
340 287 0
589 745 0
439 169 0
576 857 0
161 801 0
911 835 0
741 317 0
804 525 0
230 446 0
888 381 0
826 722 0
286 502 0
155 703 0
387 896 0
476 139 0
337 906 0
230 402 0
627 549 0
239 590 0
460 562 0
672 767 0
853 433 0
339 148 0
270 555 0
774 438 0
1 277 0
698 610 0
421 498 0
866 170 0
329 903 0
463 413 0
379 688 0
200 431 0
474 865 0
6 288 0
213 328 0
451 210 0
270 661 0
593 417 0
351 152 0
61 331 0
761 68 0
349 289 0
330 100 0
140 212 0
514 269 0
776 519 0
436 736 0
307 303 0
501 36 0
773 280 0
25 822 0
632 728 0
460 670 0
355 33 0
176 120 0
213 33 0
20 810 0
306 509 0
612 903 0
635 279 0
245 458 0
342 385 0
73 130 0
60 23 0
483 798 0
346 400 0
179 271 0
528 362 0
138 9 0
39 425 0
478 177 0
490 725 0
699 400 0
463 790 0
153 890 0
662 682 0
588 214 0
148 316 0
645 245 0
463 868 0
850 490 0
625 857 0
660 118 0
566 514 0
724 166 0
846 74 0
861 212 0
613 872 0
719 199 0
773 149 0
363 175 0
909 631 0
584 330 0
696 118 0
751 222 0
178 562 0
318 591 0
72 547 0
41 224 0
855 285 0
614 745 0
615 911 0
718 20 0
172 62 0
781 136 0
911 81 0
498 831 0
246 441 0
739 269 0
323 842 0
120 550 0
87 591 0
358 765 0
830 115 0
181 117 0
639 258 0
848 92 0
24 671 0
445 744 0
883 219 0
683 459 0
709 612 0
148 726 0
24 269 0
143 754 0
425 470 0
195 284 0
715 887 0
189 553 0
730 605 0
650 746 0
475 454 0
407 471 0
369 154 0
220 331 0
590 540 0
461 75 0
874 617 0
237 776 0
87 376 0
908 793 0
578 799 0
392 164 0
194 345 0
592 770 0
878 152 0
326 356 0
753 64 0
707 21 0
293 301 0
43 374 0
754 495 0
258 115 0
14 524 0
209 46 0
788 31 0
142 100 0
527 713 0
790 182 0
43 414 0
476 207 0
900 828 0
228 575 0
842 865 0
17 325 0
324 676 0
322 882 0
252 880 0
481 213 0
833 264 0
326 593 0
91 860 0
172 726 0
465 66 0
428 806 0
74 736 0
185 289 0
403 217 0
362 346 0
68 885 0
619 905 0
80 243 0
468 427 0
309 30 0
526 395 0
654 835 0
694 245 0
848 753 0
447 495 0
18 733 0
765 884 0
581 322 0
283 832 0
179 635 0
267 249 0
533 197 0
649 745 0
830 358 0
183 916 0
161 449 0
525 749 0
185 227 0
537 737 0
127 397 0
368 176 0
804 88 0
787 552 0
116 602 0
564 66 0
89 232 0
921 490 0
832 4 0
449 311 0
301 481 0
488 844 0
818 841 0
464 12 0
147 697 0
42 244 0
99 192 0
519 466 0
180 219 0
451 839 0
361 174 0
579 134 0
691 498 0
669 802 0
196 105 0
217 706 0
495 310 0
166 529 0
299 534 0
378 421 0
566 791 0
648 557 0
297 222 0
360 210 0
877 123 0
785 483 0
797 299 0
43 192 0
329 269 0
3 874 0
275 767 0
369 416 0
686 705 0
728 819 0
43 369 0
813 418 0
328 307 0
520 684 0
400 764 0
817 464 0
873 326 0
513 308 0
398 688 0
656 511 0
804 262 0
706 762 0
821 921 0
582 522 0
893 330 0
486 124 0
397 302 0
30 218 0
326 703 0
766 160 0
278 269 0
742 125 0
95 442 0
140 32 0
428 513 0
840 631 0
824 782 0
329 356 0
499 577 0
904 192 0
682 840 0
881 338 0
833 102 0
758 411 0
331 426 0
205 219 0
417 817 0
910 788 0
480 12 0
141 53 0
262 149 0
848 462 0
869 340 0
844 544 0
851 17 0
478 150 0
325 331 0
866 205 0
654 745 0
203 69 0
441 677 0
619 692 0
309 679 0
853 586 0
147 332 0
511 207 0
544 625 0
238 362 0
411 474 0
140 123 0
15 714 0
3 888 0
400 263 0
66 614 0
320 871 0
709 667 0
738 204 0
428 300 0
638 608 0
727 222 0
293 754 0
774 718 0
64 485 0
79 359 0
747 592 0
569 303 0
702 307 0
180 676 0
577 437 0
877 80 0
487 25 0
378 769 0
785 594 0
864 493 0
85 3 0
274 814 0
435 551 0
532 370 0
215 808 0
300 518 0
717 17 0
644 901 0
27 859 0
449 913 0
69 891 0
842 753 0
255 84 0
247 148 0
544 697 0
286 320 0
163 342 0
658 464 0
165 733 0
269 410 0
293 101 0
741 758 0
611 405 0
361 230 0
227 457 0
548 526 0
286 808 0
464 838 0
107 84 0
545 6 0
261 387 0
137 883 0
155 77 0
760 277 0
166 315 0
682 317 0
264 148 0
779 110 0
812 363 0
578 323 0
317 241 0
187 386 0
870 469 0
761 436 0
66 426 0
149 784 0
704 848 0
291 617 0
680 864 0
228 438 0
116 607 0
802 755 0
45 570 0
225 502 0
524 321 0
520 604 0
751 758 0
23 511 0
445 137 0
688 213 0
92 785 0
336 201 0
507 862 0
249 912 0
420 69 0
898 878 0
196 244 0
536 141 0
74 445 0
660 769 0
277 481 0
59 313 0
111 481 0
525 217 0
900 534 0
27 814 0
550 365 0
917 656 0
536 877 0
453 372 0
275 635 0
705 904 0
852 406 0
112 608 0
887 374 0
143 142 0
150 540 0
483 407 0
865 737 0
733 19 0
143 623 0
804 364 0
154 875 0
594 275 0
780 195 0
62 66 0
278 341 0
407 416 0
716 666 0
36 193 0
237 876 0
531 146 0
295 347 0
204 589 0
80 451 0
204 342 0
712 472 0
744 126 0
423 879 0
220 921 0
703 386 0
216 451 0
763 289 0
188 360 0
421 509 0
853 874 0
423 61 0
807 559 0
904 296 0
298 656 0
118 309 0
879 763 0
171 641 0
831 845 0
733 579 0
911 13 0
544 178 0
106 905 0
21 830 0
669 259 0
819 909 0
356 630 0
132 324 0
684 435 0
361 894 0
659 172 0
101 327 0
595 361 0
505 73 0
245 345 0
149 882 0
76 455 0
789 129 0
650 792 0
548 731 0
46 817 0
224 878 0
234 595 0
835 823 0
419 259 0
646 733 0
437 399 0
161 673 0
229 290 0
436 657 0
7 558 0
902 619 0
504 106 0
243 119 0
532 859 0
639 282 0
177 487 0
67 715 0
105 713 0
751 333 0
188 184 0
607 901 0
726 8 0
453 151 0
593 771 0
126 407 0
268 578 0
98 857 0
514 318 0
708 864 0
600 490 0
637 684 0
252 497 0
724 610 0
711 579 0
156 777 0
718 609 0
438 582 0
310 219 0
87 475 0
58 801 0
749 143 0
910 457 0
913 140 0
332 667 0
413 90 0
783 688 0
884 28 0
259 392 0
193 540 0
251 34 0
146 887 0
62 667 0
534 182 0
735 608 0
878 547 0
320 520 0
97 840 0
773 600 0
121 66 0
424 777 0
769 184 0
226 265 0
554 553 0
645 493 0
706 646 0
26 755 0
437 6 0
518 239 0
406 793 0
818 240 0
913 773 0
3 887 0
143 661 0
234 316 0
302 565 0
188 520 0
882 98 0
533 736 0
667 770 0
365 385 0
393 516 0
316 692 0
364 840 0
738 605 0
596 26 0
444 727 0
676 792 0
218 917 0
28 245 0
88 357 0
911 161 0
231 419 0
353 875 0
49 395 0
770 409 0
563 820 0
708 166 0
802 690 0
177 152 0
545 3 0
763 749 0
540 520 0
249 629 0
536 792 0
639 116 0
796 755 0
277 437 0
501 382 0
883 139 0
375 649 0
296 245 0
854 500 0
579 870 0
27 672 0
185 563 0
24 218 0
603 287 0
109 793 0
711 629 0
394 876 0
675 54 0
723 140 0
506 440 0
167 210 0
644 506 0
66 475 0
227 813 0
345 668 0
407 372 0
743 850 0
559 199 0
914 494 0
3 896 0
312 652 0
464 670 0
479 367 0
81 109 0
682 721 0
507 308 0
730 621 0
728 816 0
692 65 0
453 682 0
802 653 0
624 727 0
846 368 0
471 736 0
405 760 0
189 858 0
504 528 0
348 621 0
187 453 0
519 40 0
185 479 0
328 209 0
797 58 0
487 259 0
226 469 0
446 369 0
565 67 0
167 835 0
576 330 0
462 324 0
800 364 0
4 258 0
494 693 0
139 64 0
372 336 0
86 686 0
415 754 0
31 821 0
262 486 0
675 618 0
497 107 0
673 762 0
218 803 0
802 764 0
686 209 0
776 490 0
458 540 0
15 508 0
136 178 0
71 644 0
415 34 0
483 536 0
600 412 0
590 759 0
561 540 0
788 393 0
733 918 0
719 661 0
37 541 0
673 463 0
475 490 0
679 287 0
284 910 0
630 380 0
308 3 0
172 496 0
756 546 0
383 789 0
100 324 0
2 709 0
785 812 0
918 703 0
872 865 0
442 656 0
386 620 0
327 438 0
771 666 0
828 17 0
245 110 0
549 694 0
372 44 0
470 42 0
326 277 0
369 687 0
291 584 0
150 642 0
538 273 0
708 870 0
215 145 0
225 429 0
74 709 0
689 267 0
371 318 0
874 705 0
123 904 0
674 542 0
892 193 0
554 338 0
860 416 0
800 810 0
413 544 0
17 293 0
866 868 0
748 90 0
614 887 0
918 21 0
862 436 0
414 647 0
185 269 0
391 115 0
196 483 0
844 507 0
518 136 0
523 620 0
398 300 0
689 351 0
772 899 0
332 378 0
197 148 0
422 631 0
820 405 0
309 211 0
124 917 0
183 285 0
489 674 0
295 841 0
595 851 0
835 700 0
34 488 0
100 483 0
591 743 0
416 595 0
5 647 0
114 265 0
893 489 0
556 673 0
102 637 0
205 4 0
299 381 0
329 637 0
8 602 0
290 820 0
313 840 0
692 888 0
662 280 0
799 278 0
434 186 0
452 116 0
772 876 0
452 158 0
406 622 0
649 388 0
459 629 0
568 437 0
266 505 0
908 535 0
680 340 0
565 700 0
144 489 0
809 782 0
575 545 0
166 600 0
663 701 0
847 845 0
667 75 0
819 173 0
9 835 0
529 372 0
405 748 0
902 737 0
59 582 0
647 77 0
841 822 0
667 444 0
44 66 0
724 120 0
833 173 0
429 775 0
371 842 0
574 601 0
644 2 0
569 438 0
276 379 0
449 870 0
593 491 0
332 124 0
484 102 0
490 487 0
212 653 0
105 93 0
611 308 0
397 268 0
871 727 0
454 191 0
426 745 0
79 200 0
549 401 0
80 505 0
266 877 0
898 764 0
66 276 0
749 197 0
806 69 0
673 571 0
707 510 0
861 557 0
22 176 0
156 775 0
915 24 0
867 559 0
86 452 0
740 313 0
318 891 0
744 845 0
539 806 0
367 679 0
794 519 0
138 696 0
228 610 0
600 866 0
759 407 0
393 678 0
873 904 0
273 289 0
191 337 0
629 504 0
469 767 0
805 325 0
635 757 0
295 538 0
501 850 0
798 503 0
368 815 0
279 337 0
119 255 0
591 773 0
61 674 0
167 560 0
440 387 0
264 886 0
296 797 0
489 126 0
873 713 0
906 151 0
843 900 0
791 905 0
254 571 0
252 347 0
384 702 0
414 217 0
57 781 0
148 173 0
585 578 0
649 488 0
808 199 0
28 518 0
329 740 0
63 919 0
326 87 0
634 578 0
235 921 0
731 312 0
19 207 0
786 108 0
861 578 0
747 7 0
267 747 0
544 742 0
684 437 0
578 100 0
81 40 0
601 573 0
441 203 0
107 576 0
630 762 0
370 11 0
351 563 0
640 278 0
169 672 0
742 879 0
418 170 0
212 739 0
706 710 0
672 912 0
911 464 0
598 24 0
13 518 0
176 820 0
52 351 0
210 352 0
339 487 0
20 37 0
131 79 0
526 115 0
246 66 0
766 356 0
590 566 0
69 445 0
597 344 0
255 65 0
106 622 0
178 532 0
476 452 0
223 85 0
682 94 0
366 67 0
714 778 0
345 518 0
413 605 0
702 462 0
283 264 0
15 284 0
573 519 0
422 420 0
483 806 0
240 430 0
741 669 0
212 442 0
11 876 0
417 559 0
515 234 0
384 192 0
458 147 0
488 700 0
803 179 0
231 366 0
913 352 0
695 584 0
529 584 0
638 732 0
55 795 0
601 904 0
249 841 0
668 637 0
743 445 0
839 150 0
124 191 0
452 424 0
896 72 0
367 333 0
34 768 0
363 392 0
326 148 0
412 650 0
419 192 0
383 886 0
800 276 0
798 714 0
339 898 0
684 789 0
564 630 0
220 612 0
175 865 0
311 848 0
587 341 0
51 326 0
324 4 0
782 171 0
321 122 0
722 854 0
379 265 0
214 85 0
253 888 0
276 149 0
376 669 0
818 446 0
453 831 0
226 525 0
695 235 0
172 109 0
456 675 0
95 799 0
476 383 0
31 631 0
253 380 0
719 198 0
238 738 0
486 209 0
303 890 0
20 919 0
154 120 0
339 110 0
466 888 0
384 468 0
631 682 0
464 199 0
756 685 0
380 859 0
178 797 0
681 652 0
542 276 0
791 453 0
629 82 0
89 644 0
118 38 0
471 40 0
172 409 0
167 430 0
130 394 0
390 685 0
10 822 0
921 143 0
772 421 0
153 545 0
60 332 0
867 760 0
826 378 0
406 215 0
152 238 0
785 360 0
796 459 0
309 51 0
566 474 0
522 813 0
444 113 0
612 58 0
35 763 0
425 345 0
171 900 0
531 498 0
753 428 0
330 683 0
665 902 0
647 646 0
561 665 0
733 502 0
210 432 0
634 292 0
284 82 0
349 175 0
858 820 0
906 247 0
752 483 0
436 872 0
898 920 0
607 876 0
713 166 0
490 203 0
336 720 0
331 269 0
648 462 0
528 98 0
668 690 0
10 450 0
421 369 0
884 507 0
723 782 0
196 449 0
272 447 0
638 388 0
394 176 0
717 568 0
302 646 0
289 573 0
76 904 0
722 33 0
271 352 0
682 885 0
140 263 0
435 911 0
701 591 0
403 303 0
719 326 0
6 566 0
20 769 0
816 162 0
776 132 0
578 142 0
531 39 0
263 376 0
339 709 0
920 643 0
415 739 0
772 710 0
648 167 0
628 312 0
98 647 0
822 253 0
476 571 0
350 865 0
547 41 0
782 63 0
569 537 0
778 494 0
445 357 0
248 26 0
211 856 0
122 157 0
790 90 0
557 40 0
100 305 0
654 168 0
890 772 0
38 623 0
695 548 0
524 317 0
247 54 0
738 874 0
672 910 0
457 393 0
434 345 0
378 46 0
36 840 0
145 728 0
919 302 0
628 269 0
607 507 0
335 379 0
654 129 0
737 539 0
820 715 0
328 837 0
540 527 0
188 79 0
542 500 0
404 780 0
757 569 0
70 390 0
758 240 0
527 780 0
907 120 0
373 365 0
402 308 0
842 196 0
422 69 0
846 686 0
38 835 0
475 911 0
592 382 0
633 642 0
350 113 0
252 646 0
545 551 0
604 155 0
188 553 0
68 349 0
771 898 0
70 537 0
44 881 0
849 372 0
355 91 0
574 536 0
719 919 0
127 333 0
849 758 0
64 881 0
626 888 0
382 723 0
520 30 0
192 362 0
761 609 0
137 789 0
769 806 0
649 661 0
889 85 0
422 48 0
56 438 0
300 290 0
310 485 0
873 517 0
344 627 0
918 514 0
34 152 0
299 852 0
917 325 0
894 215 0
94 213 0
179 905 0
378 748 0
24 328 0
186 864 0
746 815 0
119 206 0
342 753 0
654 752 0
425 822 0
41 803 0
724 389 0
336 451 0
161 344 0
685 482 0
654 116 0
134 833 0
300 724 0
344 599 0
781 153 0
448 793 0
847 151 0
601 837 0
711 41 0
140 538 0
765 401 0
687 914 0
566 128 0
42 781 0
249 568 0
911 302 0
528 558 0
33 315 0
596 729 0
164 656 0
677 655 0
821 654 0
714 694 0
872 807 0
56 541 0
805 137 0
895 448 0
504 158 0
743 698 0
582 482 0
298 519 0
866 28 0
672 174 0
738 111 0
363 247 0
784 63 0
625 746 0
115 682 0
638 785 0
693 308 0
688 309 0
166 16 0
333 85 0
606 675 0
577 111 0
226 724 0
623 674 0
483 366 0
645 117 0
671 440 0
870 133 0
78 613 0
473 258 0
78 391 0
-338439 -762019 -323121 291117 -49796 -867147 -359006 677051 -883752 311508 564828 -288968 -189679 614398 607303 755994 827121 -153525 -316348 353441 -70417 751671 -15871 -618477 415966 -559064 449967 -48666 -184827 133950 131751 705832 -970894 37785 -995094 865160 -278325 855622 791417 -55903 509564 -690563 497987 -841461 219439 668363 758672 -492588 313962 139157 -577850 -757733 879040 -192042 48377 -705798 -293146 65284 78245 -404164 28180 -771104 265146 393813 -6563 566931 782340 283856 55997 -879214 195198 767772 350765 -398946 661766 256493 368841 62938 12798 -20069 410898 699893 899646 -794016 -256744 -623384 -941594 -56656 -150603 264864 -104005 597163 -458787 -500151 -371812 -708560 -838653 -403348 -32578 -321646 639007 601665 690446 -123486 251482 350173 -135084 -524104 -125738 -596416 -195113 -731837 445324 -192160 607421 -954599 636345 490018 721791 -179272 306887 956247 670858 788681 194526 1361 710340 -313168 -261641 -822806 -490977 491798 -348046 -564859 -887800 -468933 448681 -860955 -950446 -282096 -882618 -966621 -727423 -301565 -420808 -940915 260924 -882460 -332831 -645145 797003 -484567 -768714 46753 -330103 -227636 446488 -51770 193169 977006 -758728 -887043 -580933 256238 -399128 455156 646377 -362764 470492 617866 -904516 943196 392667 811932 -195229 569806 -312594 -980944 626463 -770240 466053 -633157 865926 857404 385942 -999245 219942 -521400 347047 -113822 229845 -132868 -300416 -57196 975839 -729821 -607098 -989894 -797988 241640 359402 995017 696322 256453 -412566 604210 -931316 -955173 -615232 205044 -862250 450245 689858 262301 -732881 -684185 -716636 -251128 737837 -228363 770054 93409 493334 -316209 -378588 -301446 103672 -717244 -519829 -412484 -961797 344904 233410 -441883 409699 -70470 722055 671860 16429 354279 -816539 77193 -562094 217917 -950843 36466 637266 106065 735153 891789 -655530 90375 -212188 220756 -257347 470056 403153 396164 674886 957422 164250 -965740 -870024 -324165 922059 -900076 580955 -989674 184336 -789917 -189310 952418 347412 -107626 951391 -468653 -75983 -903688 388208 195982 -835519 -576263 61307 -278986 -943227 -806532 -95847 -146207 507218 -461659 798039 469921 -666167 562733 144539 614556 125619 -668876 884728 700231 325025 -851605 718335 -533256 6559 -40939 380077 -179549 498974 323918 -920498 697431 921775 950788 259978 599750 888313 56447 -79336 -999378 -438406 897395 -797420 -258225 675611 725469 -899884 140907 843734 -566127 -84359 459678 481856 689035 278715 206411 -932709 528387 219447 -833393 74873 -61784 436816 914725 920094 -494773 727415 -985710 816873 397271 -404534 548264 -702429 -115554 -981723 -612812 -224880 751125 -135624 81362 132025 383536 -765925 -117039 145899 392961 -922881 321783 -819666 966873 408663 569970 -109058 469019 -803001 -624919 -185768 -273796 -658852 -513127 -167001 896420 163824 -729455 76782 24186 -522046 380087 -893353 748408 -448901 927401 -370064 974219 -335326 -503594 -981474 537886 377889 -807315 777615 -726037 5084 53413 -577489 920851 311751 -6803 695853 119628 -242877 -630196 -104141 -55311 -540255 -668663 863128 -628057 900995 573123 -629615 288961 -456904 256179 -621269 -720032 132143 969458 730402 228771 -545298 401789 283811 924530 580339 -862677 857996 -834469 286173 -65317 747882 567763 -289013 92464 -714823 652076 417297 59076 -133339 -33104 805257 -927399 -312043 -538782 49906 194719 821253 340997 -700307 523157 -142752 297445 -345821 459531 -477790 864383 -850406 -778650 -96871 987662 333122 521677 -766035 859829 -355862 863030 -748263 208472 262261 -734014 204053 -997361 423474 -1595 793671 -574737 42475 981469 174173 -550747 -732148 -106856 -482341 -641964 -858384 -111564 462353 914220 311281 249956 894125 780911 -793445 622364 -676503 800433 -114302 -14563 537586 803297 -230723 -380281 -782369 -735693 934618 996092 708661 614716 987456 369302 -644628 -124391 -587455 956000 941366 312081 448640 -440857 -770927 593250 962053 678778 -188845 934013 873636 334538 -485708 -956235 470182 -679995 -654824 -487698 921062 36257 323225 -7558 -697450 -233170 -176854 282192 333574 846957 -815134 756891 953918 356543 97779 -539092 -412044 -831498 664495 324235 128325 -813686 875707 817959 -109325 -917480 434881 -453951 -370918 150121 209282 -480297 -986251 750470 -648125 -975602 -656225 -575748 -252329 768580 316664 490855 778858 902403 495004 676660 -226175 247280 -38023 357214 -826394 -546671 783594 -762277 -280935 551119 -219254 -679382 837605 883092 -225401 333539 -80056 75219 -604128 71727 999650 712256 -370721 344636 856327 -151571 466469 797847 -298879 342365 545774 682769 -252710 234513 -680927 -989585 473542 482851 952785 280933 157591 848031 -168212 -732150 124576 -530658 -739382 -671414 -872300 -32560 -586778 -204036 -24521 -622871 763605 -925372 90719 -718366 -157101 -975197 997351 225479 -754455 994725 800181 -490736 -446908 -6174 -409708 -902089 -557707 637619 -319408 -840785 689114 -136133 150696 110254 -533175 -315471 -148125 429630 146968 800903 633813 299011 -268747 -495761 -610025 337322 -299750 554488 -936770 949135 836579 -749035 -293375 -383896 402160 369189 979932 820927 -489311 -711078 -807008 452627 -885287 663394 692754 528215 -757280 330697 -676622 -73488 -637749 759152 -548791 -544832 -524077 932355 895047 608973 941443 490573 806458 370959 916146 357969 679707 172283 -706701 448123 -944519 -185860 -486341 -576455 -446818 349790 -880047 -558316 550855 -906354 439823 -531550 191263 -98984 442949 -796905 136096 808117 400635 -811046 -542243 134553 -445989 -950035 -95408 -874733 56597 -541519 44293 -502031 -841605 495553 -396695 625086 121030 -996830 -644276 -406044 -666268 779136 657316 -495453 959467 -190794 157422 691856 881817 -678748 875742 368073 -349096 738937 -308592 842463 636363 -146121 212546 289924 -652218 -321268 220781 -249775 -972208 -451783 19910 828302 -682270 298417 814666 670138 499477 764207 565301 -347829 654471 -724559 -887399 -382219 -501415 -670467 -623500 -638385 782729 185109 -627691 44245 977066 -353584 -237903 -614836 -406327 -653351 281408 -35635 761214 -476586 571774 146737 -284616 -242315 847968 -856935 -866182 -266 551523 -233241 -735222 -707092 -776917 819585 399745 769045 -431019 -565865 -169095 221902 -317985 -410776 133764 874942 564264 373593 -150926 -364690 327340 898855 -699935 -522524 -108172 751041 555682 714452 -324833 425395 204109 12527 120435 -664265 215242 -899883 220197 -894195 -686662 849606 995692 -670252 -565488 329487 -674026 34294 733496 -801653 600799 -881628 -712833 62959 459542 -607204 772902 91820 -266939 802604 -694156 -635801 986012 840611 132142 794873 -364197 250843 950128 449781 975508 -764177 409378 812992 718593 404927 -463383 -918142 55160 -93194 -365125 347938 -574245 -112850 657020 -647488 34390 -610928 214576 716609 447079 291430 794692 -211196 -539024 -17291 169138 673066 -404029
0
