562 3632
4 335 0
290 539 0
96 372 0
298 395 0
144 42 0
186 190 0
134 18 0
522 543 0
368 439 0
189 38 0
8 234 0
510 160 0
518 321 0
5 315 0
500 411 0
395 148 0
190 126 0
491 269 0
550 498 0
190 396 0
94 341 0
38 364 0
374 465 0
82 300 0
173 278 0
55 233 0
316 352 0
425 324 0
180 437 0
423 328 0
224 101 0
253 81 0
356 324 0
225 87 0
56 277 0
305 471 0
349 71 0
73 66 0
452 249 0
118 38 0
196 191 0
472 475 0
215 449 0
179 157 0
112 76 0
256 399 0
115 496 0
409 191 0
554 537 0
336 74 0
31 197 0
428 311 0
242 480 0
203 42 0
76 115 0
259 96 0
236 223 0
79 14 0
315 329 0
473 271 0
250 557 0
514 11 0
236 492 0
445 537 0
505 199 0
207 111 0
124 461 0
382 256 0
128 382 0
173 358 0
514 169 0
447 55 0
32 307 0
49 348 0
110 89 0
169 258 0
498 142 0
192 158 0
94 322 0
473 351 0
280 127 0
192 36 0
229 175 0
199 212 0
173 395 0
488 238 0
360 263 0
322 414 0
50 3 0
58 398 0
416 486 0
551 91 0
497 195 0
547 419 0
287 107 0
138 485 0
31 407 0
414 287 0
28 429 0
191 232 0
68 496 0
306 496 0
437 367 0
179 417 0
174 84 0
81 69 0
188 203 0
273 143 0
216 21 0
70 183 0
464 187 0
466 269 0
362 267 0
198 415 0
462 302 0
94 169 0
110 436 0
188 134 0
391 515 0
113 558 0
334 233 0
77 243 0
200 30 0
344 405 0
312 148 0
319 254 0
195 299 0
157 173 0
337 497 0
92 455 0
85 57 0
438 225 0
529 160 0
261 184 0
432 39 0
172 420 0
10 264 0
239 189 0
558 400 0
497 41 0
193 158 0
456 5 0
166 558 0
169 102 0
61 511 0
333 547 0
395 32 0
540 14 0
472 10 0
305 118 0
459 24 0
531 422 0
312 149 0
240 55 0
109 191 0
525 370 0
327 206 0
383 491 0
323 188 0
47 243 0
194 510 0
284 518 0
334 179 0
278 443 0
350 138 0
430 104 0
168 11 0
341 9 0
273 65 0
117 494 0
246 395 0
361 219 0
22 149 0
164 347 0
158 333 0
428 554 0
284 135 0
347 374 0
260 328 0
155 121 0
233 269 0
494 298 0
503 210 0
288 335 0
526 28 0
490 368 0
53 320 0
67 66 0
250 413 0
466 297 0
562 558 0
512 466 0
88 71 0
420 81 0
256 214 0
541 199 0
527 48 0
385 204 0
417 290 0
394 403 0
186 313 0
48 129 0
89 532 0
5 2 0
512 472 0
123 92 0
85 172 0
235 334 0
78 385 0
155 458 0
279 118 0
371 18 0
156 91 0
98 33 0
74 491 0
120 494 0
11 112 0
375 33 0
301 244 0
139 499 0
530 134 0
461 328 0
197 95 0
31 162 0
167 514 0
387 76 0
150 523 0
413 32 0
42 46 0
175 470 0
96 324 0
228 73 0
112 199 0
309 3 0
429 4 0
450 317 0
514 137 0
522 167 0
4 544 0
77 159 0
528 499 0
74 462 0
553 297 0
346 225 0
235 467 0
370 5 0
401 223 0
17 341 0
226 491 0
100 484 0
533 83 0
366 130 0
348 505 0
170 458 0
119 313 0
279 104 0
319 223 0
268 382 0
489 138 0
460 25 0
181 555 0
552 193 0
67 490 0
322 344 0
237 476 0
161 153 0
150 348 0
537 536 0
449 210 0
472 163 0
477 561 0
418 311 0
13 427 0
317 510 0
147 390 0
133 213 0
13 297 0
218 72 0
236 506 0
218 150 0
435 425 0
235 288 0
285 396 0
499 215 0
113 411 0
140 504 0
316 338 0
162 305 0
365 421 0
62 87 0
49 242 0
80 228 0
372 411 0
137 153 0
354 125 0
422 18 0
268 193 0
113 401 0
72 322 0
283 10 0
281 140 0
557 206 0
4 144 0
517 526 0
475 561 0
412 19 0
522 555 0
286 188 0
507 237 0
86 269 0
332 151 0
339 71 0
259 160 0
186 171 0
233 408 0
381 558 0
129 46 0
399 344 0
399 24 0
308 465 0
386 393 0
109 125 0
370 544 0
53 317 0
417 187 0
210 496 0
436 103 0
273 462 0
427 394 0
355 209 0
151 213 0
63 122 0
345 151 0
381 490 0
158 54 0
105 361 0
340 187 0
460 194 0
514 249 0
135 501 0
463 192 0
396 234 0
553 146 0
9 501 0
357 128 0
76 184 0
105 505 0
447 287 0
487 418 0
493 132 0
336 96 0
108 248 0
107 282 0
380 308 0
146 470 0
63 27 0
289 542 0
109 153 0
57 330 0
47 538 0
279 157 0
134 53 0
293 231 0
43 401 0
247 139 0
205 290 0
183 540 0
64 439 0
476 398 0
456 215 0
345 105 0
24 239 0
265 214 0
543 110 0
269 424 0
553 264 0
314 334 0
545 387 0
121 199 0
373 518 0
286 557 0
18 244 0
419 312 0
71 356 0
19 272 0
458 283 0
559 256 0
324 473 0
337 539 0
545 395 0
433 365 0
374 336 0
452 540 0
201 354 0
312 83 0
532 364 0
562 63 0
74 520 0
344 542 0
365 384 0
475 62 0
37 87 0
496 155 0
166 528 0
333 534 0
44 311 0
104 66 0
310 275 0
506 82 0
475 410 0
405 98 0
486 539 0
553 163 0
262 490 0
545 193 0
360 107 0
217 152 0
177 530 0
369 511 0
242 321 0
276 182 0
337 154 0
393 543 0
458 174 0
152 485 0
12 4 0
121 342 0
31 291 0
235 30 0
50 386 0
369 248 0
493 300 0
264 368 0
202 87 0
134 45 0
393 247 0
438 471 0
374 373 0
183 497 0
87 83 0
245 502 0
370 255 0
206 292 0
355 304 0
129 334 0
259 169 0
406 330 0
322 444 0
91 285 0
335 429 0
21 371 0
178 56 0
436 233 0
170 212 0
329 390 0
461 515 0
247 301 0
398 67 0
76 511 0
92 312 0
530 91 0
142 530 0
14 251 0
25 211 0
393 219 0
439 311 0
149 536 0
479 413 0
212 38 0
461 443 0
15 197 0
277 479 0
536 218 0
554 193 0
152 146 0
2 313 0
125 100 0
15 266 0
497 125 0
226 15 0
473 8 0
165 228 0
23 500 0
536 161 0
551 220 0
363 313 0
470 98 0
260 126 0
142 41 0
429 526 0
168 241 0
237 238 0
63 140 0
344 175 0
255 81 0
2 375 0
359 273 0
165 438 0
303 555 0
169 81 0
289 363 0
282 342 0
393 511 0
225 153 0
531 66 0
518 397 0
245 559 0
330 61 0
341 303 0
338 560 0
41 56 0
226 14 0
139 384 0
347 148 0
143 18 0
36 216 0
203 467 0
221 107 0
333 350 0
488 89 0
402 55 0
394 93 0
492 432 0
514 380 0
562 470 0
373 506 0
492 491 0
435 551 0
45 9 0
393 552 0
334 148 0
372 129 0
253 371 0
135 105 0
336 431 0
467 438 0
125 341 0
183 330 0
97 68 0
41 380 0
546 186 0
240 412 0
363 224 0
7 193 0
524 510 0
544 233 0
286 210 0
218 67 0
143 427 0
8 32 0
353 343 0
150 19 0
289 432 0
425 456 0
290 211 0
449 51 0
210 363 0
468 530 0
440 240 0
107 404 0
395 281 0
526 499 0
141 5 0
39 83 0
117 236 0
103 207 0
331 503 0
414 14 0
463 315 0
305 237 0
457 174 0
231 68 0
167 519 0
344 286 0
328 467 0
331 354 0
55 163 0
260 496 0
496 21 0
207 134 0
558 188 0
156 3 0
437 62 0
504 523 0
310 171 0
246 523 0
314 67 0
320 443 0
469 178 0
212 556 0
80 245 0
317 283 0
134 221 0
137 223 0
534 337 0
170 176 0
119 364 0
218 105 0
309 164 0
96 268 0
399 18 0
247 524 0
85 223 0
19 16 0
43 331 0
527 121 0
548 542 0
54 98 0
417 219 0
561 296 0
63 401 0
107 130 0
409 47 0
533 327 0
55 123 0
508 48 0
451 98 0
110 207 0
329 426 0
29 109 0
95 333 0
95 162 0
369 190 0
270 53 0
515 553 0
377 345 0
301 432 0
357 7 0
297 456 0
217 376 0
216 316 0
84 172 0
163 204 0
385 260 0
116 180 0
176 119 0
306 326 0
285 389 0
415 106 0
297 428 0
144 392 0
123 389 0
81 518 0
320 346 0
521 72 0
278 287 0
410 423 0
83 262 0
64 524 0
474 142 0
250 484 0
169 219 0
177 311 0
513 369 0
118 174 0
161 375 0
442 549 0
379 73 0
285 88 0
65 62 0
113 445 0
192 154 0
207 129 0
549 270 0
341 428 0
416 466 0
157 554 0
57 217 0
49 342 0
84 65 0
313 188 0
416 288 0
464 101 0
96 145 0
474 435 0
157 19 0
452 487 0
155 240 0
101 550 0
15 438 0
340 262 0
416 420 0
18 160 0
518 155 0
319 448 0
313 535 0
403 229 0
303 243 0
234 161 0
297 80 0
39 385 0
540 150 0
327 200 0
459 187 0
412 236 0
463 546 0
66 359 0
403 499 0
319 314 0
109 444 0
478 435 0
17 466 0
68 40 0
104 396 0
515 474 0
72 207 0
369 364 0
119 482 0
205 81 0
127 483 0
133 468 0
344 356 0
530 211 0
266 105 0
186 126 0
124 177 0
286 98 0
296 79 0
331 297 0
141 219 0
431 320 0
496 266 0
395 270 0
459 253 0
343 29 0
316 159 0
395 252 0
388 169 0
135 203 0
18 314 0
246 32 0
3 430 0
86 112 0
62 226 0
136 494 0
249 425 0
181 100 0
288 155 0
356 326 0
293 488 0
143 498 0
155 324 0
154 265 0
376 297 0
356 257 0
269 117 0
158 200 0
315 544 0
56 358 0
10 97 0
508 39 0
89 106 0
526 15 0
139 403 0
432 524 0
531 63 0
302 411 0
53 511 0
379 434 0
201 299 0
415 74 0
151 334 0
247 453 0
450 468 0
299 381 0
414 288 0
332 188 0
293 416 0
108 38 0
182 509 0
370 335 0
479 338 0
460 499 0
491 547 0
495 395 0
267 228 0
40 376 0
529 465 0
521 193 0
203 296 0
479 199 0
115 79 0
269 234 0
487 33 0
248 112 0
286 54 0
363 154 0
98 42 0
291 315 0
280 212 0
5 54 0
491 189 0
260 51 0
399 48 0
224 201 0
191 455 0
27 219 0
65 478 0
455 177 0
356 528 0
510 287 0
279 112 0
364 455 0
307 526 0
379 242 0
475 68 0
44 124 0
473 545 0
472 181 0
371 376 0
420 8 0
48 298 0
498 201 0
459 343 0
503 519 0
406 264 0
546 125 0
95 375 0
120 330 0
27 525 0
125 245 0
268 351 0
276 196 0
397 522 0
247 485 0
49 254 0
146 163 0
91 155 0
263 133 0
541 37 0
548 228 0
494 341 0
119 352 0
322 303 0
176 419 0
251 259 0
3 291 0
436 95 0
160 255 0
236 337 0
226 150 0
348 287 0
480 114 0
295 281 0
359 474 0
510 539 0
468 332 0
94 142 0
482 20 0
198 549 0
182 39 0
346 79 0
451 145 0
212 444 0
322 231 0
13 259 0
416 14 0
376 55 0
392 511 0
527 323 0
342 127 0
483 360 0
166 139 0
322 250 0
318 8 0
221 237 0
295 543 0
465 430 0
111 461 0
3 327 0
14 84 0
63 426 0
325 131 0
207 511 0
375 141 0
412 268 0
498 449 0
115 178 0
156 246 0
425 118 0
544 430 0
117 460 0
222 266 0
320 207 0
430 312 0
88 36 0
408 540 0
226 330 0
374 395 0
333 132 0
454 81 0
313 126 0
335 445 0
386 25 0
385 353 0
381 307 0
426 318 0
49 484 0
212 246 0
37 57 0
31 167 0
420 399 0
410 132 0
172 3 0
46 48 0
34 302 0
18 467 0
501 475 0
38 312 0
30 7 0
83 108 0
200 178 0
405 91 0
406 281 0
87 234 0
357 446 0
330 465 0
457 546 0
552 206 0
319 343 0
411 436 0
56 307 0
290 65 0
81 259 0
44 179 0
452 414 0
103 347 0
363 504 0
101 557 0
74 187 0
343 540 0
347 234 0
220 389 0
541 562 0
9 255 0
456 316 0
235 494 0
320 387 0
182 283 0
223 410 0
267 363 0
296 448 0
427 68 0
318 287 0
413 378 0
306 263 0
281 535 0
167 88 0
87 86 0
53 453 0
159 466 0
55 3 0
113 268 0
445 79 0
16 40 0
532 327 0
24 183 0
268 188 0
5 515 0
462 348 0
45 344 0
553 136 0
60 85 0
519 217 0
12 223 0
142 56 0
225 10 0
372 250 0
354 500 0
35 496 0
494 429 0
173 312 0
82 464 0
6 103 0
174 145 0
523 343 0
553 547 0
287 252 0
478 31 0
497 296 0
2 253 0
530 344 0
36 100 0
190 201 0
112 182 0
375 408 0
151 303 0
453 537 0
181 433 0
308 47 0
15 473 0
212 40 0
275 234 0
431 415 0
264 56 0
27 348 0
234 398 0
92 276 0
207 446 0
248 423 0
398 465 0
202 166 0
343 217 0
425 561 0
16 33 0
410 367 0
402 181 0
197 469 0
297 544 0
130 359 0
40 536 0
149 522 0
125 56 0
19 284 0
356 548 0
494 359 0
192 457 0
138 237 0
147 378 0
217 23 0
270 403 0
15 145 0
303 65 0
83 117 0
91 67 0
218 399 0
266 370 0
535 515 0
225 154 0
299 263 0
390 497 0
189 311 0
474 449 0
281 178 0
115 506 0
272 72 0
212 229 0
275 366 0
105 410 0
529 404 0
82 220 0
207 123 0
188 370 0
531 437 0
480 526 0
245 391 0
121 387 0
276 106 0
13 14 0
78 271 0
246 115 0
161 505 0
548 532 0
80 353 0
149 202 0
250 350 0
162 358 0
509 14 0
410 449 0
518 231 0
510 481 0
505 99 0
175 82 0
323 246 0
511 48 0
91 43 0
373 509 0
297 378 0
185 327 0
449 239 0
432 533 0
204 554 0
209 155 0
522 259 0
461 212 0
236 242 0
95 354 0
329 516 0
194 84 0
532 238 0
391 192 0
359 20 0
34 417 0
516 500 0
402 107 0
186 426 0
49 482 0
9 209 0
326 524 0
368 551 0
309 372 0
335 100 0
558 550 0
70 534 0
154 320 0
414 541 0
144 88 0
535 39 0
559 221 0
288 302 0
175 430 0
532 378 0
429 180 0
312 396 0
153 458 0
46 492 0
43 484 0
265 31 0
321 44 0
16 125 0
197 190 0
28 335 0
146 353 0
234 453 0
287 453 0
525 355 0
373 365 0
234 450 0
503 470 0
86 387 0
389 244 0
207 478 0
89 378 0
248 209 0
362 146 0
5 263 0
503 317 0
127 80 0
164 52 0
424 90 0
462 559 0
477 334 0
432 161 0
105 244 0
184 32 0
122 61 0
200 230 0
494 77 0
513 32 0
29 19 0
109 324 0
154 325 0
338 117 0
529 100 0
446 136 0
57 362 0
367 325 0
107 48 0
427 113 0
137 395 0
362 15 0
134 438 0
72 544 0
123 331 0
538 376 0
492 457 0
161 456 0
509 292 0
299 83 0
23 221 0
319 536 0
109 134 0
355 429 0
359 468 0
460 130 0
301 345 0
232 160 0
280 10 0
82 343 0
387 250 0
75 63 0
62 520 0
472 138 0
551 468 0
243 468 0
447 488 0
237 89 0
299 391 0
148 528 0
52 413 0
491 502 0
236 455 0
115 227 0
41 57 0
250 270 0
43 38 0
277 300 0
207 194 0
260 211 0
438 536 0
368 332 0
43 437 0
464 327 0
550 232 0
549 474 0
103 269 0
177 418 0
304 97 0
458 119 0
334 236 0
344 14 0
171 339 0
284 204 0
480 332 0
293 481 0
27 395 0
514 476 0
162 374 0
425 90 0
269 341 0
385 440 0
518 528 0
420 469 0
408 378 0
220 107 0
339 156 0
378 450 0
428 395 0
455 319 0
21 498 0
147 55 0
390 288 0
276 340 0
501 230 0
118 474 0
45 231 0
508 530 0
537 473 0
351 560 0
313 561 0
402 359 0
10 290 0
512 27 0
80 10 0
130 127 0
412 147 0
132 133 0
136 151 0
192 40 0
218 339 0
98 452 0
491 522 0
179 127 0
510 512 0
333 142 0
94 497 0
552 545 0
241 298 0
110 528 0
356 70 0
342 267 0
242 127 0
65 407 0
110 286 0
543 435 0
519 431 0
314 450 0
452 340 0
261 121 0
381 60 0
60 352 0
43 86 0
256 266 0
332 183 0
377 378 0
49 54 0
50 288 0
414 301 0
540 423 0
397 148 0
385 222 0
287 411 0
397 470 0
69 532 0
5 28 0
295 265 0
89 169 0
231 108 0
331 423 0
400 286 0
53 2 0
230 68 0
535 395 0
476 149 0
360 357 0
3 194 0
1 399 0
496 386 0
542 281 0
330 364 0
395 286 0
477 150 0
132 286 0
403 221 0
126 476 0
376 142 0
201 528 0
349 488 0
45 1 0
253 122 0
397 488 0
325 331 0
295 61 0
339 507 0
545 133 0
315 159 0
119 5 0
519 223 0
215 128 0
89 116 0
391 230 0
23 278 0
326 466 0
146 108 0
348 342 0
90 40 0
403 517 0
437 200 0
289 82 0
336 542 0
289 290 0
85 134 0
248 312 0
528 54 0
206 317 0
24 298 0
398 90 0
297 60 0
396 74 0
140 334 0
391 9 0
86 466 0
475 375 0
488 181 0
558 192 0
469 268 0
366 403 0
188 535 0
66 179 0
485 177 0
220 298 0
306 249 0
110 418 0
275 88 0
256 472 0
506 332 0
382 405 0
245 47 0
554 415 0
257 304 0
562 316 0
360 286 0
323 335 0
523 169 0
2 292 0
90 292 0
331 355 0
413 100 0
307 135 0
525 426 0
182 527 0
177 286 0
444 382 0
138 493 0
34 304 0
231 517 0
452 189 0
544 303 0
408 174 0
27 437 0
78 409 0
166 78 0
299 482 0
405 208 0
164 232 0
498 440 0
16 271 0
145 135 0
13 435 0
40 178 0
73 192 0
57 301 0
258 227 0
196 41 0
183 188 0
493 395 0
147 494 0
232 478 0
526 247 0
65 226 0
101 441 0
217 126 0
56 60 0
186 145 0
38 428 0
531 259 0
466 210 0
386 243 0
7 140 0
90 538 0
176 545 0
509 367 0
120 31 0
151 177 0
399 476 0
334 131 0
311 388 0
271 355 0
53 334 0
222 279 0
362 241 0
229 127 0
536 492 0
157 380 0
98 224 0
313 164 0
205 276 0
561 253 0
411 448 0
344 276 0
53 460 0
34 501 0
71 306 0
227 33 0
385 421 0
189 442 0
357 560 0
351 433 0
414 548 0
164 208 0
181 426 0
414 61 0
58 71 0
143 397 0
491 232 0
102 40 0
316 319 0
93 315 0
389 303 0
184 172 0
31 341 0
341 26 0
11 180 0
117 415 0
314 556 0
404 361 0
547 302 0
137 424 0
172 377 0
204 120 0
120 178 0
406 257 0
213 20 0
542 230 0
330 451 0
47 80 0
438 63 0
336 126 0
431 29 0
355 36 0
119 488 0
556 321 0
336 396 0
210 557 0
227 356 0
125 111 0
307 513 0
367 149 0
322 15 0
348 301 0
366 311 0
433 465 0
312 522 0
53 293 0
424 536 0
387 472 0
64 495 0
207 273 0
279 427 0
523 525 0
306 322 0
438 104 0
46 528 0
369 31 0
454 327 0
277 352 0
474 286 0
285 500 0
540 402 0
562 479 0
286 311 0
5 498 0
419 188 0
103 410 0
145 298 0
89 379 0
348 530 0
285 50 0
507 406 0
545 256 0
202 147 0
58 198 0
197 55 0
252 151 0
317 305 0
74 28 0
308 191 0
218 56 0
288 289 0
161 109 0
493 154 0
89 223 0
389 556 0
498 322 0
529 106 0
397 363 0
449 535 0
56 99 0
171 271 0
176 362 0
525 493 0
451 367 0
537 498 0
131 466 0
441 290 0
499 256 0
386 455 0
111 253 0
73 349 0
489 71 0
376 241 0
11 16 0
236 257 0
115 463 0
127 331 0
144 74 0
539 296 0
448 380 0
477 546 0
291 193 0
373 101 0
74 71 0
433 140 0
383 20 0
111 520 0
205 309 0
154 454 0
245 390 0
413 225 0
78 30 0
368 474 0
274 116 0
108 198 0
323 504 0
389 357 0
257 108 0
215 87 0
398 548 0
123 325 0
556 487 0
373 5 0
43 250 0
134 531 0
504 315 0
303 49 0
532 232 0
86 7 0
377 110 0
171 18 0
326 45 0
247 76 0
548 497 0
205 194 0
441 232 0
239 445 0
13 198 0
497 378 0
306 308 0
81 87 0
495 166 0
441 269 0
90 472 0
427 254 0
487 110 0
413 41 0
152 362 0
463 305 0
31 343 0
489 23 0
548 187 0
113 513 0
8 422 0
23 89 0
162 475 0
77 265 0
58 1 0
234 368 0
137 246 0
250 411 0
335 514 0
43 509 0
67 420 0
51 110 0
204 375 0
343 38 0
506 40 0
267 208 0
334 490 0
284 146 0
110 116 0
198 42 0
140 94 0
182 349 0
284 209 0
181 215 0
386 32 0
417 383 0
47 272 0
270 238 0
269 489 0
18 531 0
424 350 0
489 507 0
264 321 0
421 504 0
397 203 0
272 322 0
14 417 0
439 227 0
111 45 0
54 401 0
229 151 0
247 497 0
111 560 0
399 391 0
232 389 0
8 21 0
346 241 0
142 201 0
559 491 0
212 529 0
321 176 0
256 317 0
90 476 0
247 545 0
125 112 0
324 493 0
336 21 0
13 349 0
427 478 0
424 293 0
545 54 0
93 68 0
209 407 0
55 529 0
340 440 0
200 483 0
249 322 0
530 503 0
455 458 0
513 407 0
225 37 0
472 354 0
497 154 0
433 521 0
200 487 0
140 562 0
279 535 0
434 508 0
511 3 0
343 289 0
283 315 0
281 509 0
449 41 0
284 507 0
457 233 0
88 325 0
298 207 0
33 505 0
551 523 0
197 546 0
345 34 0
352 475 0
133 533 0
130 388 0
492 414 0
296 291 0
559 155 0
99 139 0
439 481 0
277 174 0
208 310 0
57 542 0
486 133 0
46 32 0
26 296 0
116 447 0
283 162 0
389 299 0
428 423 0
154 560 0
82 430 0
246 175 0
464 96 0
147 223 0
43 488 0
448 308 0
424 68 0
348 58 0
449 242 0
301 459 0
557 321 0
407 205 0
303 302 0
514 212 0
533 308 0
237 421 0
170 507 0
108 399 0
41 180 0
174 281 0
33 137 0
106 309 0
239 160 0
193 198 0
245 297 0
278 231 0
266 208 0
89 330 0
65 137 0
204 531 0
216 113 0
535 86 0
224 225 0
306 433 0
11 257 0
231 17 0
259 325 0
294 68 0
332 18 0
476 393 0
391 302 0
287 441 0
429 528 0
185 63 0
233 559 0
258 51 0
401 422 0
201 300 0
144 500 0
344 383 0
302 412 0
290 490 0
480 501 0
300 550 0
296 461 0
158 198 0
95 289 0
85 269 0
126 90 0
131 460 0
451 529 0
552 124 0
325 396 0
111 448 0
54 346 0
269 551 0
417 23 0
544 97 0
141 500 0
78 85 0
131 472 0
278 304 0
484 466 0
453 114 0
65 406 0
313 125 0
258 421 0
223 5 0
173 228 0
348 139 0
243 365 0
432 536 0
314 31 0
39 414 0
31 310 0
119 46 0
404 230 0
246 214 0
539 542 0
110 347 0
545 155 0
497 102 0
338 257 0
476 417 0
266 356 0
215 274 0
413 511 0
201 87 0
424 480 0
189 448 0
229 380 0
548 311 0
101 534 0
393 42 0
221 112 0
33 224 0
274 516 0
220 96 0
376 333 0
421 254 0
103 380 0
376 107 0
301 364 0
377 210 0
185 171 0
482 397 0
94 477 0
326 545 0
218 13 0
527 113 0
355 37 0
243 523 0
432 267 0
8 280 0
107 25 0
483 359 0
197 502 0
507 18 0
268 358 0
130 251 0
63 334 0
22 420 0
53 269 0
47 260 0
78 265 0
320 451 0
262 378 0
466 228 0
540 537 0
138 230 0
124 247 0
401 289 0
57 345 0
448 168 0
167 529 0
53 93 0
413 406 0
14 496 0
56 257 0
548 246 0
377 418 0
315 142 0
560 494 0
362 522 0
544 394 0
551 423 0
52 344 0
301 539 0
502 243 0
541 373 0
443 13 0
11 459 0
340 437 0
288 553 0
472 509 0
150 145 0
67 352 0
5 145 0
195 304 0
411 109 0
216 6 0
7 345 0
339 270 0
481 527 0
551 477 0
259 12 0
421 47 0
517 340 0
230 75 0
462 371 0
94 126 0
254 166 0
23 432 0
215 542 0
374 350 0
307 503 0
319 236 0
182 170 0
164 272 0
106 208 0
420 368 0
549 37 0
518 223 0
292 185 0
551 20 0
370 48 0
439 363 0
308 364 0
538 118 0
82 327 0
29 40 0
471 263 0
247 52 0
521 219 0
455 195 0
409 144 0
430 219 0
320 543 0
24 494 0
356 181 0
470 448 0
554 493 0
267 409 0
96 550 0
369 20 0
2 300 0
539 451 0
494 437 0
261 377 0
293 394 0
261 34 0
120 258 0
114 425 0
254 511 0
48 61 0
384 191 0
126 385 0
380 301 0
227 375 0
145 142 0
206 442 0
117 174 0
103 94 0
524 420 0
232 398 0
24 293 0
4 193 0
326 274 0
118 389 0
396 539 0
438 22 0
236 472 0
178 504 0
509 375 0
461 97 0
48 228 0
324 443 0
502 379 0
79 38 0
318 235 0
327 88 0
406 425 0
358 493 0
20 306 0
490 487 0
247 547 0
533 4 0
56 299 0
126 24 0
62 501 0
347 323 0
504 283 0
184 437 0
371 3 0
270 497 0
270 527 0
31 101 0
31 559 0
472 135 0
531 141 0
196 237 0
131 172 0
51 83 0
485 162 0
177 10 0
401 311 0
445 349 0
433 362 0
64 228 0
511 505 0
150 339 0
226 442 0
514 144 0
61 377 0
134 11 0
220 390 0
416 498 0
477 79 0
146 141 0
165 313 0
544 16 0
207 286 0
375 458 0
317 32 0
476 258 0
66 535 0
301 484 0
412 20 0
248 537 0
148 16 0
14 413 0
510 556 0
92 362 0
477 92 0
512 351 0
146 10 0
535 91 0
332 349 0
65 187 0
517 549 0
212 1 0
488 312 0
208 420 0
12 35 0
180 64 0
353 243 0
441 143 0
275 525 0
88 402 0
248 388 0
452 517 0
447 275 0
115 144 0
24 472 0
305 218 0
330 307 0
325 37 0
295 562 0
512 72 0
534 445 0
499 414 0
359 57 0
157 212 0
222 525 0
42 60 0
258 35 0
129 499 0
150 479 0
293 46 0
444 257 0
536 325 0
187 93 0
227 297 0
532 133 0
29 270 0
275 125 0
326 234 0
120 407 0
456 504 0
357 465 0
539 435 0
539 427 0
336 512 0
170 88 0
402 485 0
328 229 0
543 328 0
98 324 0
205 315 0
187 521 0
553 171 0
284 170 0
30 522 0
561 557 0
359 285 0
452 493 0
248 552 0
64 50 0
530 174 0
222 343 0
521 434 0
134 108 0
81 88 0
153 129 0
76 432 0
540 533 0
284 516 0
395 475 0
32 27 0
347 239 0
152 491 0
553 55 0
216 30 0
382 352 0
313 67 0
512 23 0
195 534 0
44 460 0
45 330 0
446 297 0
10 143 0
124 142 0
138 196 0
370 179 0
491 265 0
195 388 0
80 548 0
88 27 0
136 353 0
336 124 0
141 226 0
118 175 0
170 290 0
452 298 0
99 310 0
149 517 0
88 515 0
350 337 0
257 432 0
425 506 0
292 488 0
218 458 0
239 247 0
16 393 0
126 108 0
57 131 0
200 215 0
128 417 0
145 107 0
366 367 0
393 58 0
337 416 0
169 311 0
363 522 0
557 371 0
522 4 0
222 421 0
561 355 0
65 2 0
361 71 0
483 247 0
345 471 0
87 514 0
239 283 0
127 451 0
187 478 0
65 20 0
522 479 0
106 120 0
453 9 0
528 322 0
408 561 0
207 388 0
360 12 0
135 361 0
177 461 0
66 445 0
147 364 0
129 252 0
436 61 0
21 124 0
220 553 0
416 390 0
502 482 0
540 210 0
108 360 0
75 263 0
29 496 0
168 162 0
309 390 0
479 203 0
230 25 0
404 284 0
492 556 0
495 49 0
493 507 0
537 278 0
388 292 0
188 241 0
240 322 0
393 452 0
528 232 0
294 374 0
264 530 0
362 102 0
298 384 0
498 68 0
463 313 0
505 168 0
411 327 0
29 28 0
507 104 0
499 63 0
141 540 0
424 531 0
444 461 0
296 399 0
288 560 0
232 444 0
133 275 0
176 111 0
464 453 0
348 95 0
490 98 0
400 454 0
518 494 0
507 272 0
253 350 0
472 493 0
6 88 0
201 245 0
231 380 0
112 427 0
222 252 0
343 550 0
524 428 0
410 494 0
460 197 0
544 371 0
495 83 0
336 306 0
363 33 0
358 22 0
103 240 0
386 119 0
467 352 0
409 316 0
382 551 0
165 145 0
485 399 0
281 490 0
441 415 0
104 460 0
7 222 0
461 114 0
168 169 0
183 13 0
32 425 0
178 428 0
406 369 0
476 188 0
443 356 0
83 322 0
426 103 0
436 498 0
468 288 0
90 186 0
205 475 0
405 65 0
16 397 0
62 499 0
124 354 0
108 268 0
521 20 0
469 181 0
519 363 0
377 170 0
495 454 0
414 233 0
112 135 0
130 121 0
438 542 0
411 399 0
187 133 0
18 430 0
172 479 0
407 127 0
44 69 0
102 509 0
152 368 0
166 464 0
233 322 0
361 526 0
137 242 0
396 189 0
498 464 0
239 455 0
127 334 0
424 71 0
159 298 0
221 354 0
427 392 0
208 451 0
117 230 0
427 452 0
54 273 0
189 283 0
360 4 0
468 153 0
187 75 0
306 513 0
12 212 0
468 376 0
338 203 0
520 430 0
84 90 0
402 340 0
552 66 0
538 403 0
449 398 0
387 421 0
336 457 0
295 159 0
39 512 0
393 102 0
115 401 0
123 473 0
284 169 0
380 467 0
548 63 0
135 196 0
405 391 0
50 356 0
193 109 0
529 234 0
187 169 0
70 379 0
64 312 0
358 431 0
259 498 0
220 59 0
339 350 0
212 84 0
504 537 0
178 487 0
213 408 0
13 192 0
534 235 0
346 375 0
511 308 0
248 482 0
28 478 0
561 417 0
379 127 0
549 265 0
112 103 0
181 116 0
236 439 0
4 6 0
7 6 0
486 549 0
22 483 0
552 498 0
459 453 0
422 119 0
101 157 0
254 41 0
492 423 0
121 248 0
276 342 0
372 58 0
454 417 0
253 250 0
470 510 0
402 11 0
215 77 0
351 169 0
173 234 0
97 537 0
291 56 0
524 311 0
187 30 0
419 305 0
401 146 0
30 322 0
295 254 0
234 125 0
447 180 0
415 425 0
232 153 0
350 325 0
78 478 0
315 187 0
427 421 0
198 371 0
106 42 0
101 433 0
337 334 0
290 276 0
331 160 0
460 48 0
210 5 0
458 462 0
6 489 0
316 86 0
514 292 0
35 404 0
75 244 0
106 264 0
187 208 0
352 51 0
19 9 0
465 322 0
318 406 0
140 268 0
249 526 0
273 272 0
468 11 0
511 176 0
413 21 0
123 380 0
72 315 0
350 159 0
455 240 0
449 83 0
133 509 0
105 510 0
309 481 0
36 317 0
28 249 0
293 50 0
59 455 0
551 175 0
499 441 0
132 534 0
41 130 0
281 97 0
189 24 0
337 101 0
285 496 0
160 355 0
181 53 0
476 490 0
273 542 0
520 472 0
473 159 0
360 152 0
50 509 0
474 168 0
524 269 0
182 138 0
257 273 0
205 553 0
354 545 0
197 34 0
535 125 0
163 73 0
210 10 0
380 553 0
506 524 0
542 185 0
395 404 0
144 509 0
24 188 0
222 299 0
523 273 0
188 230 0
425 498 0
313 213 0
265 341 0
461 254 0
368 355 0
17 421 0
16 118 0
188 413 0
353 538 0
401 544 0
95 16 0
543 57 0
352 42 0
356 103 0
443 385 0
366 32 0
424 508 0
324 240 0
283 221 0
485 67 0
347 194 0
31 378 0
393 56 0
6 126 0
10 286 0
509 154 0
382 231 0
447 426 0
204 207 0
50 427 0
490 539 0
200 360 0
295 3 0
517 560 0
20 258 0
277 324 0
255 162 0
354 53 0
177 280 0
149 113 0
430 460 0
409 393 0
249 271 0
529 54 0
129 317 0
97 393 0
401 266 0
395 104 0
520 170 0
30 276 0
315 257 0
115 63 0
58 536 0
459 177 0
466 216 0
284 531 0
74 310 0
285 553 0
117 344 0
256 490 0
47 138 0
131 482 0
125 182 0
363 77 0
145 524 0
142 144 0
96 238 0
186 410 0
166 440 0
434 331 0
118 159 0
395 285 0
407 282 0
455 5 0
169 319 0
371 272 0
371 84 0
411 246 0
368 52 0
410 155 0
341 233 0
266 19 0
79 436 0
425 130 0
214 196 0
370 218 0
340 242 0
119 174 0
326 182 0
331 391 0
358 204 0
430 473 0
72 440 0
26 14 0
186 485 0
228 217 0
232 324 0
175 379 0
184 237 0
253 270 0
210 367 0
127 83 0
348 428 0
99 314 0
25 191 0
222 369 0
404 76 0
500 408 0
431 510 0
334 15 0
206 426 0
405 524 0
518 33 0
295 231 0
88 312 0
468 48 0
201 30 0
299 102 0
466 452 0
227 487 0
489 477 0
264 403 0
223 31 0
450 539 0
137 35 0
153 431 0
208 330 0
25 331 0
231 314 0
3 534 0
296 13 0
97 345 0
285 413 0
497 178 0
211 368 0
501 462 0
195 128 0
106 534 0
351 141 0
356 329 0
340 33 0
36 407 0
100 222 0
237 368 0
350 211 0
488 166 0
310 109 0
27 177 0
116 258 0
323 321 0
426 133 0
108 219 0
35 75 0
215 233 0
6 188 0
22 166 0
409 513 0
105 162 0
254 58 0
40 266 0
259 288 0
173 404 0
252 137 0
370 176 0
305 474 0
559 551 0
250 14 0
335 257 0
316 266 0
180 58 0
493 492 0
402 93 0
328 34 0
158 311 0
125 487 0
551 431 0
55 34 0
123 238 0
293 497 0
144 522 0
117 222 0
200 222 0
359 62 0
491 279 0
312 49 0
327 480 0
153 189 0
242 204 0
344 379 0
471 520 0
203 286 0
553 283 0
8 213 0
373 533 0
469 410 0
200 166 0
262 359 0
298 94 0
494 548 0
557 131 0
290 129 0
465 19 0
31 533 0
529 173 0
297 11 0
117 114 0
324 510 0
274 494 0
560 529 0
463 198 0
500 307 0
168 493 0
53 162 0
417 236 0
417 442 0
170 424 0
401 21 0
160 81 0
229 234 0
156 348 0
551 466 0
246 125 0
500 463 0
454 547 0
81 218 0
106 170 0
463 482 0
484 23 0
277 332 0
286 79 0
2 12 0
289 426 0
60 308 0
303 122 0
230 254 0
424 295 0
21 557 0
285 270 0
375 401 0
338 174 0
122 446 0
15 29 0
489 9 0
68 455 0
78 140 0
160 549 0
385 352 0
197 161 0
335 550 0
191 287 0
486 447 0
34 543 0
363 502 0
236 437 0
359 290 0
90 373 0
562 170 0
336 108 0
18 510 0
549 259 0
530 416 0
469 57 0
346 279 0
461 470 0
128 130 0
492 196 0
509 101 0
204 5 0
110 151 0
255 530 0
443 250 0
413 91 0
15 132 0
489 143 0
350 355 0
41 215 0
49 115 0
151 516 0
172 206 0
535 444 0
519 172 0
208 562 0
306 287 0
168 80 0
146 508 0
460 7 0
339 267 0
108 488 0
136 298 0
447 89 0
335 36 0
108 320 0
350 301 0
440 367 0
344 367 0
354 44 0
163 188 0
7 150 0
329 127 0
196 64 0
472 68 0
128 153 0
114 520 0
10 279 0
411 161 0
60 255 0
250 146 0
27 77 0
55 459 0
36 31 0
434 207 0
448 480 0
527 250 0
239 513 0
558 197 0
300 184 0
249 25 0
237 335 0
451 336 0
159 539 0
484 390 0
343 36 0
140 214 0
202 355 0
527 429 0
206 135 0
2 514 0
206 312 0
378 102 0
527 307 0
324 446 0
327 142 0
17 288 0
29 267 0
268 1 0
215 9 0
231 12 0
263 532 0
336 183 0
66 547 0
462 133 0
515 301 0
497 149 0
255 555 0
336 367 0
311 217 0
143 26 0
162 59 0
139 377 0
233 43 0
382 88 0
114 65 0
406 408 0
85 191 0
342 341 0
552 561 0
54 24 0
504 543 0
260 141 0
270 33 0
287 102 0
273 349 0
352 372 0
140 498 0
395 522 0
254 432 0
143 233 0
467 41 0
481 311 0
256 156 0
55 442 0
103 483 0
441 20 0
20 220 0
41 298 0
333 56 0
246 198 0
477 226 0
21 225 0
161 503 0
344 77 0
460 480 0
443 97 0
163 70 0
43 544 0
134 390 0
45 411 0
13 335 0
172 70 0
389 514 0
206 49 0
370 481 0
81 113 0
165 189 0
225 556 0
389 72 0
301 143 0
20 560 0
108 325 0
100 62 0
86 39 0
69 502 0
62 18 0
227 490 0
524 324 0
420 219 0
163 149 0
450 448 0
402 494 0
470 214 0
488 366 0
386 559 0
322 132 0
219 225 0
207 118 0
472 16 0
483 5 0
211 30 0
318 138 0
355 376 0
346 510 0
472 65 0
210 504 0
111 341 0
206 89 0
21 443 0
418 460 0
389 434 0
490 504 0
127 164 0
160 541 0
527 286 0
106 542 0
287 119 0
65 370 0
358 77 0
469 278 0
228 115 0
445 224 0
398 14 0
47 120 0
421 176 0
317 460 0
180 126 0
25 42 0
293 142 0
322 350 0
48 288 0
87 395 0
425 347 0
526 431 0
44 467 0
19 225 0
181 305 0
33 24 0
503 380 0
289 325 0
11 530 0
442 139 0
67 421 0
204 283 0
19 264 0
477 368 0
189 457 0
455 385 0
313 435 0
51 486 0
76 218 0
407 92 0
543 518 0
474 385 0
533 208 0
359 302 0
147 473 0
254 120 0
108 376 0
416 375 0
297 174 0
71 12 0
149 453 0
530 240 0
445 417 0
307 217 0
207 364 0
305 458 0
395 232 0
504 198 0
316 482 0
224 61 0
334 192 0
499 302 0
421 346 0
486 132 0
479 139 0
543 281 0
541 449 0
434 147 0
420 550 0
221 461 0
512 65 0
333 370 0
319 552 0
17 91 0
205 22 0
268 420 0
455 95 0
373 6 0
155 187 0
421 36 0
389 74 0
293 132 0
361 384 0
123 338 0
550 411 0
545 373 0
303 70 0
428 194 0
45 163 0
477 163 0
417 306 0
437 190 0
381 367 0
495 47 0
76 319 0
35 369 0
394 76 0
143 477 0
348 525 0
9 148 0
189 7 0
115 103 0
242 130 0
513 444 0
260 415 0
56 39 0
179 243 0
36 232 0
296 364 0
123 114 0
197 424 0
371 516 0
439 254 0
21 520 0
448 385 0
523 113 0
223 63 0
223 247 0
357 356 0
493 321 0
134 290 0
367 369 0
150 368 0
124 498 0
151 127 0
381 34 0
464 25 0
312 509 0
393 355 0
308 266 0
88 142 0
256 311 0
200 507 0
438 198 0
456 264 0
41 410 0
94 302 0
250 280 0
177 215 0
490 357 0
188 363 0
370 31 0
533 479 0
533 62 0
54 310 0
545 304 0
531 428 0
439 13 0
289 201 0
476 494 0
50 217 0
52 66 0
92 327 0
44 16 0
62 178 0
149 161 0
261 165 0
526 204 0
356 333 0
534 189 0
412 414 0
158 35 0
222 482 0
237 352 0
186 503 0
550 229 0
46 237 0
559 260 0
97 418 0
392 399 0
276 235 0
249 315 0
549 250 0
212 160 0
108 554 0
120 253 0
22 300 0
280 487 0
181 251 0
495 85 0
345 248 0
444 193 0
340 273 0
9 345 0
488 394 0
519 208 0
558 223 0
276 237 0
381 204 0
77 272 0
534 271 0
256 279 0
46 438 0
190 89 0
87 362 0
444 39 0
111 114 0
187 262 0
86 231 0
417 422 0
200 544 0
325 258 0
131 523 0
178 249 0
203 351 0
144 237 0
506 213 0
39 129 0
145 267 0
332 548 0
140 517 0
11 206 0
159 333 0
431 190 0
402 53 0
333 28 0
432 224 0
132 448 0
111 310 0
503 402 0
446 328 0
210 447 0
141 152 0
447 314 0
457 141 0
332 263 0
427 327 0
122 275 0
490 108 0
377 192 0
410 124 0
39 457 0
95 305 0
397 6 0
101 366 0
57 235 0
399 113 0
284 508 0
92 248 0
46 348 0
363 341 0
544 141 0
555 103 0
350 371 0
274 2 0
400 439 0
206 447 0
109 140 0
546 512 0
374 282 0
168 81 0
231 544 0
42 280 0
355 518 0
418 214 0
346 7 0
121 419 0
464 542 0
161 423 0
103 517 0
436 308 0
524 455 0
241 390 0
280 69 0
429 162 0
112 397 0
195 411 0
480 388 0
53 519 0
71 89 0
356 190 0
365 162 0
417 81 0
77 451 0
493 183 0
473 378 0
206 458 0
504 221 0
381 210 0
204 509 0
490 263 0
460 15 0
128 352 0
45 538 0
75 216 0
257 392 0
329 444 0
218 534 0
326 300 0
373 321 0
353 467 0
339 83 0
364 5 0
162 99 0
465 480 0
444 188 0
417 78 0
471 500 0
126 283 0
527 55 0
239 137 0
293 406 0
242 436 0
286 285 0
375 427 0
335 195 0
155 258 0
252 466 0
431 298 0
126 461 0
114 253 0
533 491 0
436 112 0
329 105 0
222 47 0
284 115 0
9 294 0
432 297 0
562 386 0
118 22 0
457 555 0
484 79 0
123 128 0
453 508 0
391 453 0
78 110 0
10 91 0
74 551 0
192 554 0
86 114 0
375 335 0
226 546 0
363 547 0
29 232 0
165 479 0
422 465 0
207 82 0
395 287 0
437 203 0
196 356 0
430 243 0
201 59 0
298 321 0
473 507 0
384 532 0
425 166 0
462 339 0
348 350 0
437 444 0
344 410 0
440 319 0
29 434 0
542 5 0
480 145 0
121 27 0
283 82 0
387 65 0
98 430 0
497 141 0
386 192 0
56 490 0
434 142 0
377 334 0
463 496 0
57 78 0
453 422 0
48 31 0
132 538 0
329 3 0
479 400 0
557 228 0
336 57 0
308 163 0
198 369 0
237 278 0
101 18 0
329 301 0
341 297 0
344 85 0
144 523 0
356 115 0
346 77 0
60 244 0
531 107 0
323 507 0
294 505 0
335 222 0
236 501 0
541 546 0
288 282 0
74 92 0
297 518 0
407 454 0
556 193 0
527 147 0
211 1 0
74 556 0
271 302 0
507 151 0
463 506 0
453 41 0
167 542 0
46 525 0
34 444 0
362 368 0
355 181 0
463 212 0
151 126 0
164 193 0
323 359 0
83 197 0
7 541 0
356 362 0
406 545 0
251 104 0
127 550 0
276 388 0
528 549 0
485 471 0
562 3 0
175 381 0
29 451 0
514 427 0
279 9 0
512 367 0
79 499 0
427 517 0
432 99 0
87 411 0
519 380 0
320 159 0
552 45 0
424 219 0
282 555 0
235 352 0
26 469 0
393 378 0
103 19 0
516 544 0
330 528 0
451 504 0
372 284 0
377 175 0
110 474 0
245 298 0
107 555 0
356 417 0
132 499 0
340 10 0
430 1 0
392 160 0
281 397 0
379 184 0
47 413 0
315 267 0
308 390 0
223 466 0
343 374 0
2 72 0
288 473 0
562 329 0
23 294 0
239 136 0
453 125 0
412 25 0
438 143 0
382 437 0
92 70 0
28 237 0
113 348 0
97 259 0
101 47 0
101 250 0
295 426 0
332 258 0
193 140 0
556 167 0
392 357 0
34 523 0
397 68 0
536 356 0
406 105 0
17 274 0
296 109 0
342 508 0
448 156 0
178 444 0
310 476 0
289 458 0
513 533 0
529 73 0
191 135 0
295 232 0
349 350 0
540 144 0
460 386 0
254 548 0
167 471 0
31 417 0
522 336 0
56 414 0
561 1 0
361 120 0
408 207 0
397 303 0
562 67 0
434 33 0
162 492 0
210 371 0
178 406 0
71 66 0
376 126 0
8 461 0
460 550 0
11 264 0
298 160 0
19 4 0
230 459 0
225 242 0
224 94 0
114 309 0
473 34 0
17 176 0
156 490 0
167 144 0
413 442 0
464 366 0
151 254 0
412 482 0
405 184 0
486 289 0
222 345 0
74 450 0
295 349 0
401 524 0
493 23 0
209 401 0
404 503 0
507 529 0
488 300 0
389 430 0
313 136 0
402 31 0
329 278 0
378 343 0
440 330 0
304 347 0
448 43 0
1 538 0
248 233 0
62 157 0
382 211 0
18 529 0
458 444 0
144 236 0
435 416 0
226 213 0
274 161 0
280 74 0
335 355 0
463 95 0
251 157 0
112 213 0
407 482 0
278 511 0
84 268 0
348 223 0
153 57 0
487 498 0
336 295 0
292 98 0
191 117 0
429 29 0
109 101 0
17 488 0
390 99 0
359 208 0
245 198 0
28 499 0
285 75 0
416 71 0
279 177 0
499 541 0
113 496 0
115 34 0
29 115 0
478 475 0
452 173 0
53 159 0
497 108 0
239 276 0
298 199 0
558 227 0
551 358 0
385 264 0
345 532 0
131 255 0
31 112 0
135 442 0
194 165 0
444 288 0
390 560 0
4 262 0
27 481 0
219 446 0
63 266 0
251 324 0
178 274 0
522 74 0
516 311 0
509 231 0
424 107 0
541 447 0
437 535 0
212 58 0
492 315 0
517 538 0
553 214 0
439 186 0
462 301 0
504 302 0
422 165 0
403 409 0
493 193 0
40 138 0
158 221 0
144 470 0
194 353 0
145 552 0
163 58 0
95 6 0
85 236 0
260 4 0
170 510 0
363 278 0
225 266 0
266 250 0
429 261 0
546 70 0
168 218 0
426 544 0
519 551 0
379 268 0
458 524 0
180 557 0
302 199 0
105 454 0
36 476 0
518 172 0
552 220 0
216 408 0
219 475 0
557 502 0
460 274 0
134 144 0
35 398 0
339 309 0
374 174 0
31 524 0
44 343 0
20 260 0
351 421 0
523 66 0
62 279 0
331 147 0
336 420 0
107 81 0
558 152 0
371 541 0
392 352 0
381 546 0
391 432 0
48 144 0
408 329 0
356 485 0
326 454 0
497 221 0
236 120 0
508 273 0
158 211 0
342 288 0
515 290 0
562 143 0
465 216 0
378 517 0
21 117 0
494 70 0
414 274 0
87 406 0
516 253 0
173 387 0
97 326 0
396 201 0
146 490 0
347 348 0
552 258 0
299 234 0
373 408 0
206 424 0
271 513 0
131 457 0
73 518 0
500 528 0
380 422 0
206 514 0
416 476 0
129 137 0
65 192 0
252 370 0
465 161 0
499 245 0
548 467 0
133 179 0
195 235 0
85 271 0
229 381 0
107 473 0
467 89 0
277 269 0
537 256 0
7 513 0
524 287 0
15 172 0
323 150 0
487 359 0
399 505 0
409 22 0
78 434 0
315 417 0
56 132 0
334 45 0
180 262 0
228 448 0
471 238 0
515 66 0
221 168 0
43 174 0
324 366 0
186 62 0
245 484 0
477 289 0
167 93 0
375 90 0
439 395 0
257 47 0
522 499 0
359 10 0
425 287 0
82 53 0
531 262 0
274 435 0
528 78 0
423 489 0
117 430 0
413 16 0
471 504 0
22 182 0
266 6 0
519 236 0
108 498 0
508 328 0
442 292 0
11 225 0
244 315 0
202 516 0
597236 -57560 590582 212080 32966 -226627 339208 -438892 941153 -112314 900161 517336 -683645 561931 787546 990380 -337653 -739074 471797 -135615 -761769 191440 103112 742033 861349 180020 106796 784123 421636 544822 -341355 14427 634430 105765 -946338 410999 451502 -984325 -748846 399399 455109 -111298 794289 595687 -712878 -655720 -21281 -535092 -40716 -531717 -493375 -988554 139132 -728172 641707 302587 372158 281440 325579 170362 81506 -136260 766209 803045 -267106 -794966 112394 597944 -359293 -538279 -827392 -887562 -465808 -305924 -373773 -369315 355889 -592139 -336746 740563 532678 634214 700635 134498 -229756 814664 -260147 498518 438218 704966 -467602 -607216 -569046 -663611 -727431 -52042 303682 -889286 -599026 828282 809921 -252488 -122677 -895995 -771686 658818 -722942 -667609 -259397 470554 -684790 494146 -672796 -477378 -853491 701081 -147777 920827 -823339 423331 -836067 582794 608186 -532568 -967096 116379 -552572 235591 575316 222306 64261 252389 138303 236530 654537 423216 -218233 862562 -744268 733292 -705671 488245 -852991 -920295 -900618 -403896 616637 -609693 -316263 25133 887085 430394 409975 940491 -334120 -220684 -805150 -827112 -783038 246372 639002 707546 -599326 -836667 -832775 -925502 -245444 -345682 -479832 858106 -609889 -761786 -956117 -522164 -217219 723013 -806365 188619 -457995 -242391 766146 197164 434056 49210 236324 -205424 891077 -91970 736517 -393212 278857 -466282 934272 807135 11929 49018 834453 610953 710978 23210 102190 -148348 68578 791122 -685853 -670896 272395 525853 609335 548414 567731 492635 -453563 828941 -991970 -160803 344450 634535 787536 -963105 -935713 727049 471231 -901246 -435947 -779928 -253962 -338424 431576 607124 749211 -458176 -394217 -780846 761978 900177 -440206 418684 453318 798907 -807780 53449 -425053 -615338 -658173 -411391 946187 28720 930949 190749 -433847 -628729 -407396 -238965 -337517 973988 918985 219573 -714272 127455 378692 840708 199135 -778459 -314925 256278 991619 -109182 143601 -719939 988711 467734 -48702 -24452 729569 -302588 -77315 105769 -527398 -323954 -560568 -973056 791742 515027 -80888 185158 931850 -656118 415435 755978 573317 431393 -623670 345285 883695 695164 -999748 -742284 44883 -524992 544753 -710823 8117 92252 771780 332647 556955 592678 252712 -747715 -520426 470657 -815943 -332907 600595 -234945 464249 906047 -359326 -579553 155423 -359942 -377959 -411688 978480 627387 -573664 873638 -44906 -74801 -541316 -823841 253095 -907185 -198184 244240 -687256 -649196 -190426 386904 751487 -576340 -732552 504925 519595 -404099 -128547 641741 441131 709543 727945 767281 -174849 -308358 -671033 -749393 377921 -32660 -741641 464640 811645 -872562 -825705 -83874 -604877 -676533 -746835 -714283 600943 679358 -66724 785796 856844 -535294 -731899 -199365 933937 104310 312009 -515218 411481 480047 -498615 241652 711272 -577726 544030 -684388 653359 250420 151852 -600287 700916 -832266 -997779 -382803 692572 -449211 223457 284130 -518000 -821020 333399 500728 -233941 -116678 -392447 -978580 -580224 -977938 -417499 220020 696268 -562155 809809 -473559 632115 439279 669107 -809009 -155307 415416 466973 108491 227064 -726340 -285218 948474 965708 510216 -492989 698598 -658722 128638 123891 370290 35027 105411 36510 -795870 608872 721467 -599887 397689 -537863 313291 -516233 660483 -15970 304072 -356384 482504 -225733 -55590 440868 480089 431679 -169712 781266 634683 -961838 -274370 604381 -335765 -563290 -23819 -714515 -270362 910265 -557690 -754071 607017 642250 -982700 79009 137690 -699826 -988391 169140 -878330 899562 -733305 -376457 935919 -410901 754416 546314 688374 -965523 -939816 526466 -128826 122949 -229802 822168 977847 -590534 816512 -11385 -485459 64423 738277 43071 -3634 865590 666018 -632289 7491 114329 -106840 912483 385612 -736282 786176 -674098 -693453 587566 475731 -52443 -495085 710767 -659502 -696049 428636 -422036 138165 -152637 -299127 177754 -316292 -144992 918445 -164470 443020 408334 125408 785558 -434355 -855265 718821 316912 745245 -586929 442949 683346 -197638 -337318 327951 -106673 -568700 695451 139036 -937395 -899801 -413110 -425263 8508 107305 238425 914698 449793 510980
35577
