241 2522
177 74 0
192 198 0
62 77 0
186 223 0
183 29 0
192 36 0
8 200 0
16 31 0
117 176 0
204 61 0
61 81 0
104 211 0
133 228 0
152 138 0
237 145 0
18 25 0
184 22 0
40 114 0
214 52 0
220 180 0
4 140 0
58 65 0
83 110 0
181 183 0
7 213 0
116 198 0
147 217 0
36 195 0
209 110 0
3 223 0
106 171 0
209 200 0
207 148 0
20 106 0
62 124 0
64 70 0
212 207 0
78 108 0
64 28 0
188 32 0
72 241 0
202 59 0
62 94 0
215 122 0
6 60 0
59 95 0
222 49 0
141 97 0
228 68 0
173 9 0
133 209 0
193 100 0
141 60 0
193 205 0
157 36 0
125 64 0
226 136 0
238 54 0
161 194 0
119 157 0
117 49 0
139 117 0
227 98 0
164 49 0
74 127 0
60 195 0
214 130 0
81 202 0
16 149 0
90 131 0
133 225 0
220 75 0
183 59 0
173 172 0
229 53 0
138 60 0
33 122 0
153 93 0
91 87 0
161 218 0
29 154 0
195 29 0
154 150 0
4 173 0
54 14 0
40 73 0
46 137 0
62 184 0
191 28 0
150 32 0
197 170 0
175 40 0
241 45 0
14 235 0
170 205 0
212 145 0
58 165 0
35 111 0
79 14 0
166 55 0
17 78 0
34 93 0
201 193 0
228 95 0
29 210 0
184 91 0
88 106 0
42 221 0
185 102 0
174 184 0
60 132 0
233 95 0
38 63 0
228 104 0
141 198 0
137 180 0
159 75 0
226 139 0
229 191 0
71 153 0
106 83 0
84 95 0
223 85 0
29 223 0
16 223 0
172 101 0
2 113 0
72 27 0
75 163 0
236 123 0
125 143 0
236 190 0
121 146 0
141 140 0
134 196 0
60 155 0
58 47 0
92 50 0
155 38 0
76 24 0
140 58 0
134 160 0
72 124 0
185 42 0
117 174 0
17 2 0
18 185 0
53 85 0
92 203 0
54 74 0
44 26 0
16 143 0
5 167 0
210 42 0
68 204 0
29 113 0
45 215 0
241 235 0
132 222 0
181 105 0
219 236 0
231 207 0
47 86 0
37 147 0
184 148 0
229 7 0
213 78 0
112 228 0
82 157 0
106 154 0
22 231 0
108 90 0
154 19 0
147 212 0
197 31 0
117 171 0
190 13 0
23 88 0
230 162 0
14 123 0
173 171 0
145 194 0
17 148 0
31 167 0
200 123 0
140 197 0
136 185 0
63 199 0
199 49 0
1 48 0
222 140 0
163 2 0
11 15 0
61 35 0
1 56 0
26 234 0
128 206 0
139 57 0
235 11 0
47 6 0
20 4 0
195 158 0
88 38 0
18 75 0
233 118 0
43 56 0
79 71 0
220 175 0
105 89 0
195 165 0
193 224 0
8 17 0
17 59 0
111 109 0
113 128 0
213 43 0
233 234 0
91 207 0
103 210 0
224 26 0
4 133 0
204 145 0
180 17 0
90 103 0
226 205 0
139 79 0
154 181 0
93 114 0
188 149 0
80 51 0
65 116 0
96 219 0
163 6 0
143 213 0
22 204 0
178 180 0
205 15 0
99 38 0
31 73 0
165 124 0
2 5 0
206 68 0
45 141 0
35 29 0
193 101 0
130 124 0
227 172 0
134 99 0
149 142 0
198 223 0
189 153 0
122 68 0
179 20 0
214 231 0
144 187 0
222 203 0
89 144 0
86 91 0
84 118 0
12 46 0
83 50 0
45 156 0
158 176 0
191 122 0
178 150 0
214 53 0
62 206 0
66 215 0
212 92 0
59 219 0
142 135 0
229 235 0
100 93 0
188 210 0
67 168 0
117 46 0
107 6 0
161 60 0
107 241 0
84 121 0
154 139 0
121 97 0
83 108 0
189 90 0
238 152 0
189 228 0
210 105 0
71 83 0
166 164 0
61 147 0
79 158 0
64 82 0
52 223 0
236 208 0
135 138 0
96 61 0
196 207 0
210 241 0
97 94 0
99 148 0
203 224 0
86 32 0
180 92 0
34 59 0
14 137 0
70 189 0
1 170 0
117 64 0
135 154 0
210 98 0
191 201 0
20 119 0
9 89 0
180 62 0
27 117 0
36 116 0
171 233 0
123 224 0
30 10 0
78 10 0
78 58 0
111 140 0
71 212 0
3 38 0
84 153 0
186 210 0
199 99 0
70 152 0
151 106 0
135 175 0
166 230 0
153 55 0
228 200 0
205 211 0
238 68 0
159 86 0
155 229 0
173 20 0
12 177 0
217 183 0
53 230 0
69 62 0
186 211 0
171 197 0
158 125 0
107 134 0
148 183 0
1 197 0
152 200 0
99 178 0
10 176 0
63 55 0
90 37 0
138 134 0
188 4 0
180 179 0
32 209 0
77 105 0
100 214 0
46 141 0
182 55 0
74 208 0
132 215 0
125 58 0
234 132 0
26 156 0
221 197 0
36 135 0
111 197 0
151 88 0
184 156 0
136 28 0
17 70 0
172 196 0
118 66 0
35 205 0
216 171 0
119 80 0
178 227 0
179 197 0
217 195 0
46 25 0
51 94 0
69 240 0
19 147 0
188 203 0
199 40 0
214 163 0
53 131 0
179 214 0
82 192 0
117 138 0
210 221 0
110 87 0
82 195 0
222 239 0
28 47 0
175 194 0
106 129 0
114 35 0
111 169 0
128 182 0
58 152 0
39 70 0
94 22 0
220 100 0
33 140 0
182 7 0
81 51 0
29 23 0
231 202 0
19 187 0
71 180 0
236 79 0
27 226 0
171 239 0
108 87 0
221 130 0
5 209 0
146 63 0
68 87 0
71 45 0
179 235 0
107 186 0
58 132 0
54 113 0
239 17 0
41 159 0
175 39 0
161 219 0
127 8 0
158 86 0
76 110 0
54 134 0
39 140 0
164 136 0
38 193 0
3 73 0
240 221 0
6 196 0
25 235 0
124 227 0
194 207 0
100 120 0
145 229 0
187 192 0
13 9 0
28 60 0
81 48 0
235 84 0
238 35 0
174 170 0
146 135 0
163 62 0
174 13 0
15 144 0
193 95 0
124 173 0
62 65 0
83 2 0
47 26 0
27 64 0
3 180 0
235 192 0
212 20 0
67 218 0
182 63 0
18 177 0
184 134 0
109 115 0
207 211 0
79 198 0
122 46 0
80 189 0
49 195 0
195 127 0
205 27 0
14 218 0
88 118 0
3 203 0
125 36 0
56 192 0
102 34 0
121 77 0
234 167 0
126 27 0
178 7 0
70 29 0
159 210 0
98 52 0
55 80 0
29 157 0
110 11 0
68 2 0
28 27 0
216 83 0
101 222 0
106 43 0
142 128 0
31 53 0
220 91 0
219 201 0
167 237 0
233 84 0
85 220 0
63 24 0
10 62 0
106 68 0
120 94 0
51 33 0
69 182 0
146 81 0
201 13 0
203 101 0
78 178 0
7 139 0
166 167 0
235 169 0
153 69 0
30 37 0
195 108 0
85 12 0
21 148 0
239 191 0
112 240 0
47 157 0
39 149 0
195 210 0
128 65 0
194 210 0
215 134 0
17 64 0
76 133 0
160 161 0
84 133 0
47 181 0
225 84 0
192 137 0
25 141 0
179 132 0
91 209 0
77 194 0
92 101 0
63 85 0
144 141 0
75 153 0
100 167 0
48 83 0
237 108 0
129 201 0
194 2 0
134 73 0
237 200 0
72 150 0
147 59 0
151 222 0
105 9 0
164 120 0
18 196 0
205 47 0
68 179 0
208 66 0
120 222 0
112 27 0
187 178 0
112 172 0
104 156 0
9 3 0
227 3 0
158 205 0
30 130 0
127 221 0
196 206 0
200 227 0
229 38 0
196 110 0
181 163 0
77 117 0
162 7 0
43 192 0
134 187 0
96 69 0
6 88 0
194 215 0
217 192 0
43 69 0
190 157 0
70 226 0
176 147 0
214 229 0
129 121 0
190 31 0
103 222 0
78 77 0
181 82 0
198 213 0
97 84 0
103 9 0
59 49 0
153 8 0
30 23 0
205 21 0
79 75 0
64 240 0
11 154 0
205 14 0
57 129 0
218 205 0
81 71 0
86 222 0
144 136 0
175 97 0
78 114 0
150 26 0
64 94 0
112 91 0
95 74 0
34 192 0
42 118 0
206 168 0
84 32 0
127 236 0
24 88 0
156 146 0
241 5 0
186 103 0
187 33 0
222 62 0
45 132 0
156 137 0
21 223 0
30 232 0
100 13 0
56 78 0
129 203 0
128 196 0
128 100 0
24 202 0
116 197 0
101 43 0
163 128 0
226 138 0
65 219 0
41 80 0
151 134 0
116 4 0
68 217 0
111 147 0
90 24 0
92 33 0
239 212 0
156 42 0
39 236 0
204 38 0
235 147 0
151 114 0
96 18 0
208 226 0
37 25 0
120 13 0
111 240 0
150 193 0
122 82 0
177 63 0
46 14 0
39 20 0
187 41 0
97 144 0
185 21 0
79 185 0
155 213 0
199 122 0
25 136 0
114 23 0
122 176 0
181 204 0
122 240 0
196 201 0
141 229 0
182 31 0
122 63 0
82 217 0
80 138 0
95 18 0
74 86 0
115 105 0
158 183 0
78 67 0
14 214 0
14 165 0
28 112 0
130 154 0
193 164 0
210 133 0
96 116 0
65 211 0
41 130 0
230 1 0
4 232 0
72 80 0
154 7 0
79 168 0
190 22 0
162 194 0
238 40 0
13 23 0
86 235 0
133 78 0
154 189 0
148 200 0
220 3 0
174 122 0
57 34 0
208 238 0
19 12 0
51 136 0
188 93 0
67 108 0
58 224 0
22 47 0
80 169 0
227 239 0
20 214 0
83 190 0
162 62 0
139 122 0
226 14 0
196 71 0
224 218 0
30 201 0
111 192 0
75 30 0
236 192 0
32 23 0
131 190 0
221 102 0
22 158 0
235 220 0
33 126 0
191 173 0
208 61 0
127 12 0
221 229 0
81 49 0
190 234 0
139 75 0
14 186 0
60 234 0
129 76 0
122 148 0
66 58 0
140 63 0
66 77 0
219 203 0
186 136 0
73 180 0
2 96 0
117 240 0
206 16 0
27 231 0
152 86 0
175 21 0
103 1 0
157 80 0
240 50 0
23 158 0
174 12 0
208 114 0
65 57 0
128 238 0
136 81 0
93 108 0
10 215 0
194 204 0
112 73 0
137 207 0
19 32 0
156 223 0
230 189 0
82 180 0
19 8 0
153 169 0
43 131 0
201 127 0
226 198 0
12 125 0
111 144 0
110 85 0
234 235 0
83 36 0
64 54 0
115 125 0
113 186 0
83 59 0
22 17 0
196 27 0
78 50 0
117 78 0
181 69 0
62 164 0
1 125 0
16 235 0
135 12 0
138 6 0
144 25 0
39 51 0
94 193 0
2 172 0
127 119 0
45 236 0
143 129 0
116 32 0
34 189 0
87 73 0
213 147 0
178 122 0
95 160 0
165 38 0
226 100 0
105 30 0
186 221 0
44 135 0
169 213 0
162 183 0
19 238 0
151 38 0
108 7 0
240 193 0
76 73 0
183 51 0
15 116 0
172 136 0
92 126 0
211 163 0
80 145 0
46 99 0
101 110 0
204 196 0
189 194 0
88 134 0
108 122 0
9 59 0
225 188 0
86 3 0
43 214 0
136 229 0
235 1 0
143 78 0
223 171 0
83 63 0
101 69 0
119 72 0
237 19 0
45 192 0
232 29 0
196 163 0
182 209 0
18 117 0
87 72 0
188 59 0
66 158 0
145 109 0
152 225 0
149 41 0
236 181 0
135 136 0
136 4 0
125 160 0
97 85 0
139 14 0
97 90 0
172 7 0
95 236 0
227 24 0
70 32 0
115 172 0
213 238 0
83 198 0
148 38 0
239 87 0
69 61 0
199 215 0
179 207 0
117 167 0
24 77 0
17 186 0
141 5 0
65 21 0
179 204 0
117 236 0
218 30 0
145 113 0
27 171 0
59 48 0
45 23 0
56 184 0
235 193 0
16 200 0
194 198 0
141 73 0
231 162 0
46 32 0
47 23 0
219 147 0
38 43 0
119 13 0
198 58 0
15 219 0
106 35 0
10 156 0
177 101 0
193 221 0
163 219 0
95 101 0
160 39 0
200 48 0
113 138 0
172 79 0
144 7 0
193 53 0
210 44 0
179 175 0
223 114 0
51 190 0
34 73 0
70 50 0
73 116 0
165 202 0
227 120 0
29 28 0
236 182 0
39 202 0
215 85 0
208 7 0
179 31 0
159 21 0
229 182 0
149 204 0
227 75 0
215 150 0
21 194 0
205 239 0
60 1 0
133 137 0
40 51 0
137 39 0
5 29 0
51 103 0
211 107 0
43 118 0
17 88 0
188 182 0
229 156 0
112 119 0
109 233 0
27 138 0
113 237 0
121 152 0
58 77 0
158 11 0
110 56 0
84 63 0
197 165 0
101 26 0
26 12 0
172 32 0
117 200 0
174 18 0
154 166 0
201 150 0
215 236 0
45 155 0
223 205 0
45 205 0
171 125 0
61 170 0
239 1 0
184 63 0
78 190 0
29 57 0
61 22 0
195 226 0
201 189 0
221 90 0
74 186 0
237 104 0
23 20 0
124 35 0
106 241 0
22 12 0
145 159 0
86 60 0
198 59 0
240 57 0
225 132 0
24 192 0
220 73 0
181 210 0
205 219 0
163 13 0
96 102 0
206 104 0
202 200 0
50 203 0
159 14 0
120 74 0
192 93 0
204 85 0
33 146 0
154 230 0
33 226 0
68 156 0
80 130 0
87 65 0
134 232 0
5 159 0
159 206 0
119 220 0
202 158 0
95 61 0
213 97 0
93 54 0
60 21 0
120 68 0
207 229 0
118 51 0
19 153 0
175 110 0
200 104 0
37 119 0
16 18 0
140 23 0
59 99 0
34 141 0
233 30 0
66 113 0
183 11 0
213 124 0
70 167 0
47 27 0
145 87 0
234 161 0
126 231 0
25 4 0
169 100 0
88 157 0
57 163 0
236 56 0
138 164 0
148 188 0
89 68 0
148 78 0
200 54 0
76 4 0
98 11 0
137 103 0
137 128 0
177 178 0
133 10 0
65 119 0
220 168 0
55 49 0
55 163 0
122 21 0
5 107 0
35 26 0
146 142 0
221 101 0
105 46 0
230 229 0
77 68 0
163 129 0
213 4 0
115 60 0
144 41 0
191 193 0
86 94 0
131 239 0
98 236 0
100 11 0
216 59 0
186 101 0
234 129 0
9 228 0
40 204 0
108 206 0
62 9 0
192 50 0
121 48 0
204 94 0
137 147 0
7 1 0
184 149 0
207 47 0
163 151 0
205 142 0
92 171 0
168 128 0
152 125 0
210 13 0
84 147 0
7 215 0
83 137 0
172 14 0
32 44 0
226 78 0
48 72 0
58 56 0
73 30 0
55 40 0
128 211 0
168 240 0
163 229 0
220 140 0
52 190 0
230 62 0
111 122 0
219 138 0
6 103 0
16 50 0
165 170 0
139 228 0
239 174 0
223 138 0
238 202 0
168 63 0
202 131 0
31 87 0
144 98 0
118 153 0
163 127 0
117 220 0
13 60 0
239 104 0
65 71 0
157 1 0
92 67 0
40 106 0
138 50 0
41 148 0
95 211 0
219 98 0
15 93 0
153 150 0
234 83 0
36 220 0
190 163 0
128 62 0
79 221 0
197 6 0
120 103 0
116 131 0
33 208 0
157 70 0
101 18 0
132 176 0
240 73 0
21 7 0
198 157 0
99 183 0
117 197 0
227 76 0
174 125 0
82 34 0
235 210 0
194 239 0
12 107 0
162 145 0
93 110 0
185 228 0
176 119 0
111 152 0
52 25 0
111 18 0
125 3 0
137 217 0
220 48 0
146 2 0
139 225 0
234 20 0
51 222 0
229 8 0
179 105 0
6 122 0
56 25 0
21 34 0
164 212 0
149 83 0
206 59 0
231 120 0
100 212 0
113 185 0
112 71 0
59 134 0
102 30 0
121 167 0
195 50 0
226 117 0
228 233 0
11 238 0
49 48 0
27 19 0
143 185 0
225 239 0
236 9 0
47 215 0
108 120 0
220 97 0
178 151 0
146 207 0
226 191 0
185 103 0
50 147 0
187 169 0
141 10 0
113 224 0
36 88 0
182 217 0
187 9 0
155 228 0
42 206 0
41 66 0
96 184 0
123 91 0
177 225 0
43 98 0
175 104 0
125 213 0
20 143 0
233 23 0
196 3 0
130 143 0
239 118 0
57 214 0
69 67 0
73 189 0
74 179 0
214 41 0
228 34 0
117 59 0
117 75 0
201 114 0
238 125 0
217 241 0
123 147 0
86 171 0
241 168 0
194 180 0
47 234 0
11 229 0
49 20 0
15 170 0
236 99 0
1 101 0
137 18 0
180 232 0
193 135 0
12 116 0
155 52 0
220 5 0
128 32 0
211 225 0
147 188 0
85 164 0
215 48 0
25 75 0
159 199 0
49 12 0
38 223 0
5 22 0
185 11 0
142 37 0
120 36 0
162 48 0
222 216 0
140 19 0
4 10 0
213 59 0
52 209 0
45 111 0
76 30 0
8 155 0
11 233 0
138 161 0
10 119 0
152 62 0
142 127 0
6 22 0
44 174 0
208 102 0
72 173 0
124 218 0
23 75 0
193 41 0
212 238 0
80 5 0
29 26 0
65 167 0
38 176 0
6 215 0
101 161 0
212 197 0
34 178 0
232 96 0
95 55 0
208 92 0
128 195 0
122 10 0
21 95 0
68 241 0
16 120 0
71 18 0
203 198 0
1 94 0
8 41 0
166 89 0
115 181 0
123 79 0
165 18 0
71 100 0
31 78 0
229 173 0
21 166 0
1 117 0
73 147 0
196 84 0
122 53 0
75 20 0
115 62 0
68 186 0
65 64 0
13 35 0
197 49 0
87 198 0
33 21 0
227 49 0
40 38 0
56 140 0
70 2 0
99 222 0
132 16 0
48 25 0
183 66 0
150 207 0
144 23 0
4 145 0
136 241 0
157 105 0
12 156 0
163 66 0
36 117 0
25 28 0
135 122 0
40 27 0
75 171 0
152 151 0
156 123 0
196 87 0
195 131 0
139 184 0
90 27 0
147 20 0
177 5 0
103 40 0
3 52 0
150 231 0
202 107 0
72 166 0
25 95 0
109 36 0
184 104 0
16 202 0
199 125 0
75 221 0
65 19 0
240 79 0
11 5 0
13 27 0
218 154 0
48 93 0
151 13 0
176 218 0
45 108 0
19 61 0
123 161 0
68 194 0
30 93 0
112 70 0
146 181 0
88 155 0
5 109 0
13 229 0
173 186 0
53 16 0
184 185 0
170 114 0
26 107 0
122 153 0
113 236 0
26 4 0
52 107 0
157 60 0
109 160 0
122 152 0
163 78 0
46 37 0
105 90 0
168 93 0
157 127 0
149 46 0
114 228 0
35 85 0
228 129 0
209 65 0
235 26 0
194 142 0
181 125 0
67 190 0
229 16 0
154 101 0
114 57 0
219 131 0
44 100 0
55 86 0
51 223 0
178 201 0
39 99 0
14 15 0
240 186 0
172 218 0
2 103 0
21 56 0
144 65 0
2 161 0
33 30 0
224 136 0
107 67 0
142 140 0
69 185 0
41 33 0
179 70 0
91 65 0
162 217 0
35 173 0
20 47 0
157 213 0
136 3 0
109 164 0
217 50 0
175 54 0
39 200 0
119 109 0
119 90 0
80 237 0
72 90 0
29 207 0
64 167 0
41 120 0
232 222 0
90 145 0
64 241 0
144 134 0
26 148 0
60 49 0
137 145 0
106 77 0
113 229 0
175 216 0
6 157 0
163 22 0
140 76 0
181 224 0
180 181 0
207 238 0
38 225 0
79 189 0
12 239 0
220 131 0
180 139 0
92 226 0
171 105 0
153 114 0
57 122 0
4 156 0
42 68 0
19 58 0
78 224 0
124 2 0
97 65 0
115 238 0
155 233 0
200 154 0
36 218 0
232 122 0
131 144 0
132 105 0
90 3 0
225 185 0
218 236 0
60 139 0
206 117 0
63 235 0
96 28 0
234 152 0
232 3 0
185 174 0
68 27 0
206 169 0
59 155 0
183 170 0
202 118 0
227 103 0
83 179 0
143 109 0
217 132 0
115 78 0
1 26 0
123 75 0
186 46 0
8 209 0
7 8 0
130 164 0
167 63 0
234 159 0
136 215 0
191 9 0
2 46 0
138 208 0
199 136 0
98 145 0
117 183 0
214 25 0
24 121 0
127 212 0
64 226 0
191 11 0
164 65 0
59 240 0
154 193 0
162 138 0
103 194 0
237 102 0
139 61 0
13 56 0
74 169 0
14 107 0
89 96 0
239 184 0
29 138 0
237 239 0
31 13 0
173 61 0
98 171 0
106 111 0
215 102 0
3 17 0
5 31 0
41 122 0
31 118 0
72 235 0
75 12 0
185 217 0
107 148 0
80 205 0
23 182 0
78 130 0
175 215 0
58 156 0
200 77 0
236 7 0
229 71 0
188 128 0
111 151 0
223 150 0
54 188 0
201 202 0
199 227 0
193 206 0
10 158 0
222 12 0
182 220 0
57 58 0
70 44 0
179 118 0
159 53 0
160 84 0
186 115 0
40 230 0
186 84 0
215 241 0
157 142 0
146 21 0
42 217 0
19 210 0
5 164 0
60 53 0
155 127 0
177 147 0
66 87 0
73 230 0
135 102 0
5 43 0
110 3 0
182 231 0
26 215 0
119 208 0
229 9 0
12 33 0
198 170 0
147 225 0
7 82 0
73 66 0
16 129 0
216 77 0
63 228 0
160 18 0
50 63 0
163 125 0
14 143 0
75 149 0
197 147 0
228 55 0
135 231 0
1 23 0
192 109 0
201 159 0
228 51 0
162 180 0
149 4 0
198 240 0
163 51 0
188 177 0
52 180 0
100 161 0
214 84 0
12 201 0
143 48 0
39 5 0
139 34 0
19 2 0
234 103 0
31 77 0
8 192 0
68 100 0
169 186 0
24 58 0
25 2 0
61 113 0
12 196 0
142 24 0
189 181 0
98 58 0
25 65 0
6 231 0
191 30 0
192 108 0
58 122 0
19 145 0
222 57 0
207 95 0
106 118 0
120 122 0
40 104 0
201 149 0
75 32 0
199 140 0
71 214 0
235 4 0
27 41 0
87 126 0
179 229 0
218 112 0
165 222 0
155 49 0
221 84 0
201 203 0
13 18 0
228 169 0
29 74 0
28 11 0
19 29 0
193 165 0
44 237 0
50 137 0
79 160 0
70 97 0
65 102 0
190 134 0
26 102 0
204 172 0
157 79 0
57 128 0
11 18 0
89 136 0
108 181 0
151 131 0
6 154 0
39 66 0
54 239 0
37 118 0
10 22 0
226 97 0
104 201 0
60 105 0
185 125 0
20 148 0
194 98 0
112 9 0
20 60 0
3 240 0
237 71 0
133 105 0
38 117 0
80 76 0
128 74 0
62 61 0
232 16 0
214 153 0
15 102 0
22 85 0
133 120 0
237 236 0
147 54 0
230 125 0
63 76 0
124 67 0
131 140 0
187 56 0
101 113 0
157 217 0
165 43 0
25 134 0
184 118 0
30 95 0
185 211 0
161 13 0
240 177 0
151 162 0
169 32 0
70 127 0
30 205 0
118 108 0
172 91 0
127 241 0
24 20 0
125 225 0
80 105 0
12 170 0
195 234 0
209 126 0
241 99 0
227 176 0
122 146 0
218 158 0
136 63 0
195 240 0
25 170 0
228 91 0
198 52 0
49 212 0
135 213 0
176 84 0
27 51 0
65 32 0
55 103 0
40 4 0
185 214 0
27 191 0
1 185 0
78 233 0
74 15 0
157 103 0
195 186 0
126 29 0
81 145 0
197 76 0
229 37 0
155 174 0
69 138 0
201 212 0
193 99 0
211 147 0
241 39 0
179 38 0
206 194 0
11 181 0
99 79 0
232 76 0
59 189 0
185 240 0
64 191 0
129 71 0
5 199 0
76 100 0
16 89 0
175 34 0
32 54 0
47 196 0
45 56 0
218 13 0
17 44 0
82 62 0
3 131 0
233 166 0
194 169 0
18 14 0
17 66 0
83 193 0
224 215 0
235 182 0
54 214 0
120 35 0
220 218 0
71 48 0
211 61 0
30 31 0
53 6 0
179 145 0
101 239 0
78 238 0
18 170 0
138 194 0
204 156 0
158 216 0
16 233 0
34 143 0
136 133 0
111 57 0
65 13 0
207 79 0
78 9 0
236 203 0
236 28 0
82 152 0
37 22 0
4 102 0
228 199 0
237 205 0
26 199 0
40 144 0
222 189 0
103 126 0
222 191 0
169 2 0
57 207 0
128 82 0
109 48 0
147 226 0
168 55 0
204 230 0
111 58 0
63 173 0
225 228 0
145 89 0
199 232 0
36 40 0
57 28 0
36 149 0
130 121 0
13 63 0
152 193 0
172 209 0
67 117 0
84 193 0
190 60 0
107 43 0
201 63 0
149 31 0
183 56 0
224 191 0
117 32 0
191 188 0
229 180 0
132 165 0
177 29 0
130 158 0
186 187 0
212 77 0
130 70 0
90 66 0
34 135 0
59 12 0
81 179 0
228 157 0
85 84 0
131 241 0
160 29 0
55 205 0
140 192 0
84 90 0
222 158 0
32 55 0
160 229 0
68 202 0
106 60 0
173 54 0
13 15 0
193 236 0
228 168 0
63 178 0
241 101 0
232 14 0
60 187 0
235 68 0
129 111 0
151 132 0
65 193 0
71 122 0
64 22 0
184 218 0
124 205 0
136 125 0
48 15 0
181 55 0
34 11 0
75 72 0
153 105 0
123 155 0
98 41 0
2 218 0
54 138 0
4 32 0
2 28 0
90 212 0
55 68 0
119 116 0
99 187 0
114 130 0
230 63 0
95 33 0
158 163 0
173 73 0
218 180 0
47 167 0
144 19 0
241 177 0
117 108 0
76 108 0
239 102 0
147 126 0
113 152 0
173 55 0
137 194 0
162 106 0
115 233 0
44 207 0
182 237 0
237 137 0
227 216 0
56 223 0
32 63 0
212 3 0
132 194 0
23 229 0
67 65 0
29 20 0
144 54 0
167 84 0
148 130 0
77 131 0
12 206 0
44 159 0
125 201 0
114 218 0
193 187 0
237 241 0
65 174 0
240 63 0
217 151 0
132 142 0
101 65 0
180 185 0
122 126 0
23 174 0
159 178 0
107 174 0
194 127 0
148 173 0
49 70 0
178 112 0
51 111 0
146 8 0
43 226 0
52 165 0
173 13 0
13 29 0
207 134 0
132 180 0
86 238 0
156 213 0
210 171 0
230 121 0
105 173 0
87 43 0
241 37 0
9 119 0
142 23 0
155 24 0
119 187 0
93 73 0
188 51 0
189 192 0
150 197 0
182 26 0
197 17 0
186 72 0
121 10 0
84 69 0
224 71 0
130 90 0
99 166 0
236 209 0
130 232 0
202 66 0
226 48 0
221 212 0
14 203 0
58 93 0
216 159 0
199 148 0
119 117 0
61 199 0
208 43 0
193 47 0
140 126 0
102 63 0
123 180 0
93 201 0
226 181 0
29 17 0
151 146 0
200 40 0
15 128 0
140 75 0
167 218 0
99 124 0
60 54 0
191 58 0
103 76 0
226 125 0
215 95 0
57 63 0
233 195 0
17 110 0
87 117 0
134 137 0
121 161 0
212 51 0
69 8 0
12 101 0
31 120 0
194 62 0
150 156 0
191 179 0
79 184 0
131 229 0
86 79 0
194 19 0
39 69 0
2 27 0
98 175 0
122 8 0
51 201 0
113 84 0
59 103 0
183 23 0
113 11 0
239 192 0
90 195 0
42 77 0
20 218 0
144 206 0
213 64 0
218 104 0
131 99 0
178 136 0
208 34 0
174 233 0
226 80 0
105 241 0
13 142 0
194 63 0
5 184 0
159 212 0
53 216 0
226 221 0
38 48 0
146 73 0
15 113 0
66 100 0
148 52 0
136 159 0
35 221 0
93 57 0
174 26 0
225 35 0
200 183 0
164 199 0
211 105 0
113 217 0
73 102 0
152 123 0
68 44 0
33 142 0
194 1 0
114 205 0
47 142 0
18 153 0
192 51 0
106 173 0
188 42 0
26 153 0
101 71 0
102 227 0
182 74 0
115 111 0
30 133 0
169 35 0
200 194 0
75 169 0
219 52 0
191 31 0
238 194 0
57 194 0
112 198 0
218 120 0
160 138 0
60 9 0
68 58 0
236 239 0
241 226 0
161 133 0
95 98 0
9 149 0
177 58 0
60 118 0
40 169 0
13 126 0
149 77 0
207 36 0
183 154 0
23 78 0
83 19 0
151 207 0
187 200 0
95 78 0
36 216 0
151 80 0
104 148 0
41 13 0
78 180 0
145 227 0
34 97 0
122 3 0
135 90 0
117 149 0
223 9 0
110 202 0
184 163 0
166 137 0
149 180 0
125 88 0
147 166 0
240 103 0
131 201 0
225 218 0
98 1 0
24 61 0
203 120 0
148 47 0
5 56 0
127 220 0
100 155 0
93 216 0
124 38 0
93 141 0
89 181 0
121 78 0
91 191 0
68 105 0
146 52 0
218 26 0
106 31 0
80 71 0
219 7 0
58 239 0
143 126 0
96 66 0
85 153 0
240 238 0
102 70 0
169 181 0
48 154 0
189 158 0
130 111 0
82 99 0
179 17 0
38 147 0
197 143 0
110 7 0
209 1 0
168 41 0
102 198 0
113 122 0
144 161 0
206 175 0
179 239 0
53 196 0
80 198 0
175 72 0
198 2 0
149 119 0
139 44 0
235 22 0
91 226 0
44 234 0
112 68 0
25 29 0
32 237 0
23 237 0
192 46 0
165 57 0
204 110 0
160 120 0
186 19 0
95 114 0
12 62 0
49 202 0
18 127 0
122 15 0
93 212 0
82 225 0
46 4 0
171 178 0
129 126 0
39 89 0
143 229 0
74 84 0
181 131 0
112 57 0
144 125 0
73 125 0
202 32 0
157 76 0
66 164 0
126 25 0
133 7 0
3 198 0
143 220 0
97 128 0
92 110 0
209 122 0
197 55 0
36 108 0
54 120 0
1 37 0
62 103 0
67 74 0
220 185 0
180 102 0
117 109 0
38 126 0
215 50 0
134 130 0
138 220 0
224 112 0
52 164 0
105 162 0
228 107 0
46 64 0
128 193 0
197 218 0
2 114 0
208 217 0
11 143 0
124 164 0
62 20 0
206 78 0
140 182 0
152 230 0
57 76 0
139 151 0
36 15 0
25 80 0
185 68 0
31 15 0
56 6 0
181 71 0
46 199 0
79 44 0
61 16 0
84 151 0
24 236 0
183 167 0
168 103 0
47 68 0
100 19 0
91 20 0
103 124 0
90 1 0
131 185 0
80 170 0
224 50 0
236 111 0
62 125 0
46 183 0
112 24 0
191 200 0
197 219 0
160 25 0
189 213 0
201 161 0
231 25 0
215 18 0
49 6 0
138 43 0
11 180 0
43 96 0
206 28 0
184 191 0
179 18 0
12 90 0
4 113 0
141 185 0
80 165 0
210 39 0
7 113 0
194 55 0
81 175 0
189 129 0
153 156 0
109 216 0
16 57 0
45 204 0
194 146 0
120 88 0
148 42 0
59 153 0
91 129 0
124 104 0
197 234 0
7 28 0
168 120 0
82 145 0
101 206 0
212 6 0
85 80 0
173 81 0
97 236 0
200 87 0
107 84 0
70 81 0
29 150 0
22 24 0
38 188 0
79 62 0
86 163 0
147 139 0
179 78 0
53 189 0
35 213 0
67 61 0
241 7 0
122 13 0
16 144 0
157 115 0
106 67 0
113 100 0
40 134 0
31 135 0
124 228 0
69 55 0
33 240 0
93 2 0
153 200 0
43 127 0
50 155 0
2 63 0
213 79 0
175 14 0
124 55 0
97 207 0
137 189 0
154 147 0
83 153 0
139 155 0
48 35 0
169 219 0
211 196 0
136 138 0
230 22 0
65 145 0
165 139 0
89 102 0
27 161 0
57 140 0
135 188 0
107 89 0
211 191 0
26 152 0
57 68 0
32 33 0
194 106 0
116 7 0
63 7 0
176 171 0
110 198 0
170 77 0
183 152 0
221 73 0
134 213 0
168 170 0
144 117 0
191 169 0
121 240 0
112 102 0
60 42 0
231 122 0
130 210 0
114 113 0
157 131 0
200 85 0
3 51 0
183 103 0
95 156 0
21 104 0
43 128 0
235 195 0
179 238 0
241 159 0
29 209 0
219 129 0
131 17 0
192 212 0
140 3 0
217 69 0
171 108 0
192 121 0
42 49 0
117 35 0
184 166 0
23 83 0
124 238 0
26 222 0
50 21 0
194 208 0
78 199 0
75 88 0
178 204 0
207 48 0
100 63 0
5 130 0
14 69 0
172 93 0
112 170 0
26 84 0
150 58 0
193 104 0
73 55 0
129 118 0
13 208 0
176 57 0
111 44 0
117 157 0
179 47 0
57 51 0
113 51 0
160 218 0
78 89 0
219 116 0
219 153 0
234 5 0
22 46 0
84 122 0
230 29 0
147 195 0
85 202 0
178 117 0
156 166 0
213 62 0
204 212 0
76 142 0
144 195 0
77 227 0
206 4 0
101 217 0
222 111 0
112 190 0
15 162 0
126 191 0
202 240 0
176 129 0
12 178 0
204 209 0
182 113 0
34 16 0
165 17 0
4 185 0
232 195 0
180 227 0
68 180 0
55 206 0
62 50 0
239 129 0
106 45 0
190 85 0
156 231 0
147 23 0
234 65 0
226 190 0
190 143 0
210 69 0
233 82 0
71 70 0
20 92 0
58 92 0
84 185 0
190 150 0
209 59 0
96 160 0
85 186 0
12 7 0
743373 -22374 -54188 -869757 160374 -288233 -688981 -332470 660170 720709 659557 -943186 791788 -641378 -562695 821803 -500437 802890 456690 -768633 -556579 -555034 319178 309355 -342709 849072 -295047 -223116 -663450 -562321 623536 28879 -136643 207025 -905638 104315 354440 -594145 -846078 -302632 -446431 -276995 -107518 752212 688933 -242885 316895 805652 -762877 352903 349940 -20705 964015 -586041 -943661 448335 -264284 -842656 255489 177919 -60783 486822 406028 351113 206170 -82597 853710 -445903 526423 350646 520386 -652992 843774 23557 481903 942421 -657819 -69463 -818160 -910883 -340470 -377218 14687 -457865 805233 -898586 -471473 -422219 293939 354276 318999 -782672 -537513 632794 837427 -259047 -485429 -330566 745760 -90118 546712 626248 -660941 -28908 -876539 -615946 727371 -906612 -899797 872001 408066 -457444 -542863 -237102 673053 -463962 -74607 821475 -753730 -267948 -631492 117449 -756555 528684 -225959 883133 975630 -474683 -502811 59502 -583986 -738151 293960 697438 935042 -835466 294067 903243 183096 -452960 303820 -9919 -334606 -661688 885151 -879920 7115 306939 304440 188975 -404979 -745135 -257609 -591325 -250459 -148076 655800 988248 898427 185030 398659 -472532 -948108 -869934 -651364 754438 -996019 909596 -446566 266524 -346356 509474 -576255 -258308 37944 527324 263582 -490259 -918231 668730 893712 -343936 254574 -887276 454384 -826869 484639 560323 937509 -851178 -346564 -332227 191543 -861397 13603 -221357 979084 -623085 348598 -251220 -550133 -291983 219611 317814 -45734 -355126 -473669 760729 -955342 826778 910313 202436 363746 7904 -885225 -449022 285653 -356453 851875 -761673 939191 26161 649589 890939 816749 770436 422943 -363200 -409767 686712 494464 -547507 -158599 -990450 -32169 -78650 320976 55937 -891555 638440 891658
0
