402 855
214 149 0
149 236 0
376 67 0
62 167 0
61 336 0
225 62 0
284 210 0
191 387 0
166 284 0
217 353 0
249 140 0
101 182 0
10 156 0
139 197 0
288 123 0
229 94 0
397 324 0
160 38 0
227 68 0
182 114 0
70 129 0
131 9 0
232 273 0
141 341 0
291 74 0
371 322 0
320 195 0
209 395 0
138 169 0
180 124 0
108 336 0
339 195 0
137 124 0
267 184 0
27 243 0
292 207 0
44 11 0
141 274 0
138 80 0
253 273 0
315 1 0
165 212 0
256 111 0
358 181 0
241 182 0
131 134 0
325 196 0
31 256 0
243 10 0
324 274 0
381 208 0
312 168 0
206 102 0
252 161 0
302 20 0
272 35 0
239 60 0
363 72 0
12 277 0
86 212 0
15 49 0
89 271 0
384 390 0
158 155 0
122 120 0
155 106 0
319 384 0
48 387 0
147 50 0
92 91 0
204 88 0
160 281 0
190 224 0
72 321 0
401 238 0
218 116 0
272 118 0
105 362 0
27 387 0
114 26 0
385 108 0
179 366 0
217 47 0
228 129 0
385 371 0
355 262 0
184 99 0
333 367 0
193 164 0
12 78 0
122 92 0
277 85 0
219 285 0
215 55 0
224 115 0
40 254 0
263 101 0
68 78 0
151 160 0
400 29 0
2 362 0
142 94 0
345 116 0
278 340 0
302 82 0
230 385 0
324 124 0
347 93 0
367 155 0
75 207 0
301 19 0
208 382 0
106 91 0
128 62 0
196 225 0
202 40 0
79 130 0
202 127 0
153 190 0
396 60 0
125 334 0
395 104 0
288 278 0
300 112 0
233 266 0
241 96 0
92 376 0
329 171 0
319 218 0
329 244 0
4 397 0
98 197 0
30 214 0
73 321 0
341 151 0
164 150 0
349 163 0
310 353 0
307 45 0
152 350 0
271 127 0
266 16 0
60 104 0
140 71 0
39 116 0
268 94 0
402 316 0
213 340 0
149 396 0
201 102 0
181 230 0
331 224 0
209 175 0
368 61 0
317 286 0
74 172 0
41 272 0
117 155 0
381 258 0
154 36 0
59 299 0
15 107 0
264 333 0
279 294 0
236 24 0
282 320 0
340 201 0
148 32 0
56 210 0
249 136 0
394 299 0
15 239 0
83 206 0
327 130 0
272 314 0
334 339 0
339 120 0
205 242 0
37 192 0
35 274 0
44 76 0
213 261 0
254 71 0
386 126 0
156 276 0
92 190 0
14 382 0
76 353 0
34 30 0
128 149 0
387 217 0
114 178 0
161 386 0
347 313 0
4 359 0
359 182 0
379 180 0
104 48 0
182 165 0
365 392 0
239 182 0
170 263 0
157 82 0
200 236 0
237 336 0
33 37 0
205 151 0
136 112 0
21 116 0
379 173 0
163 393 0
368 215 0
191 308 0
292 380 0
297 185 0
338 226 0
125 127 0
178 66 0
31 152 0
277 400 0
64 183 0
383 104 0
382 13 0
286 138 0
263 356 0
230 371 0
376 341 0
313 370 0
353 152 0
9 71 0
305 75 0
233 132 0
284 190 0
117 160 0
119 116 0
272 270 0
261 78 0
16 399 0
165 316 0
401 170 0
311 292 0
187 231 0
154 195 0
188 42 0
169 269 0
123 150 0
75 79 0
257 366 0
310 98 0
142 221 0
382 378 0
207 396 0
220 71 0
192 157 0
313 366 0
150 387 0
149 107 0
58 166 0
4 221 0
8 184 0
9 224 0
302 57 0
14 364 0
245 177 0
363 320 0
50 277 0
202 117 0
160 201 0
139 161 0
353 135 0
272 79 0
10 127 0
91 250 0
399 67 0
10 236 0
149 354 0
336 268 0
311 319 0
81 62 0
10 162 0
75 312 0
288 130 0
174 365 0
245 220 0
324 1 0
310 379 0
146 224 0
65 115 0
203 103 0
169 368 0
229 166 0
227 80 0
218 377 0
105 399 0
144 132 0
121 272 0
45 180 0
155 356 0
135 296 0
41 33 0
102 356 0
383 253 0
172 7 0
117 253 0
88 153 0
9 185 0
269 332 0
276 126 0
38 39 0
252 258 0
2 45 0
121 358 0
291 113 0
322 148 0
207 395 0
369 238 0
2 370 0
190 63 0
220 296 0
336 315 0
86 308 0
362 187 0
42 360 0
199 327 0
375 44 0
75 10 0
145 216 0
64 309 0
291 166 0
94 381 0
14 326 0
216 330 0
92 226 0
16 105 0
342 369 0
277 229 0
362 71 0
207 279 0
381 328 0
102 218 0
398 281 0
284 292 0
305 281 0
354 279 0
181 66 0
195 348 0
340 51 0
108 281 0
264 402 0
318 29 0
174 221 0
380 225 0
164 232 0
218 311 0
83 172 0
391 108 0
49 209 0
15 53 0
381 18 0
70 287 0
285 377 0
21 61 0
355 113 0
70 355 0
74 155 0
336 304 0
54 324 0
50 319 0
95 246 0
154 45 0
169 188 0
220 148 0
172 202 0
132 394 0
334 381 0
301 366 0
169 284 0
367 376 0
10 387 0
221 302 0
89 226 0
193 133 0
209 358 0
274 65 0
385 312 0
305 279 0
37 303 0
197 57 0
8 188 0
93 32 0
168 14 0
153 73 0
165 283 0
355 90 0
351 164 0
256 338 0
189 81 0
62 312 0
249 45 0
131 18 0
34 179 0
357 347 0
232 223 0
12 244 0
383 85 0
397 88 0
78 374 0
76 132 0
211 173 0
150 66 0
139 338 0
144 340 0
214 357 0
347 159 0
94 312 0
102 114 0
214 103 0
300 164 0
298 231 0
92 345 0
335 199 0
351 142 0
71 283 0
246 175 0
54 298 0
118 367 0
304 123 0
202 142 0
294 258 0
96 280 0
265 363 0
94 216 0
401 328 0
255 396 0
221 223 0
225 197 0
388 57 0
310 356 0
38 358 0
342 100 0
154 34 0
353 278 0
30 112 0
175 397 0
149 185 0
162 124 0
347 173 0
86 106 0
296 123 0
231 217 0
255 109 0
29 325 0
86 335 0
297 232 0
324 345 0
126 94 0
174 169 0
367 21 0
1 206 0
114 162 0
394 369 0
14 335 0
243 114 0
370 43 0
102 254 0
353 202 0
82 13 0
184 196 0
17 218 0
365 352 0
222 276 0
394 301 0
74 91 0
380 113 0
262 133 0
391 55 0
236 380 0
11 332 0
289 220 0
368 268 0
364 65 0
21 172 0
226 347 0
377 54 0
136 69 0
287 56 0
383 348 0
38 12 0
72 32 0
8 375 0
89 9 0
300 131 0
251 237 0
175 64 0
374 315 0
114 369 0
37 203 0
379 90 0
346 352 0
374 99 0
222 351 0
143 58 0
240 394 0
283 111 0
141 363 0
286 186 0
238 272 0
131 195 0
308 177 0
56 167 0
229 373 0
249 359 0
391 315 0
112 20 0
310 119 0
389 146 0
185 194 0
119 309 0
45 128 0
263 188 0
322 378 0
149 351 0
277 169 0
331 77 0
70 18 0
65 312 0
317 79 0
113 330 0
402 350 0
339 336 0
223 79 0
130 249 0
390 10 0
327 107 0
212 312 0
179 89 0
391 227 0
364 63 0
99 73 0
136 116 0
299 268 0
43 275 0
99 31 0
95 315 0
401 46 0
91 62 0
67 144 0
275 344 0
125 315 0
123 7 0
53 288 0
39 26 0
378 399 0
121 338 0
63 216 0
158 123 0
381 368 0
15 330 0
338 195 0
373 197 0
92 312 0
174 106 0
361 20 0
205 138 0
255 356 0
314 48 0
244 234 0
320 361 0
205 226 0
328 201 0
175 324 0
327 335 0
249 27 0
361 57 0
115 268 0
84 86 0
266 270 0
369 397 0
179 336 0
369 304 0
278 137 0
379 392 0
282 284 0
209 129 0
329 386 0
66 296 0
27 259 0
39 231 0
49 23 0
148 233 0
220 85 0
89 315 0
315 234 0
375 337 0
284 120 0
387 199 0
207 186 0
294 391 0
278 87 0
241 94 0
297 288 0
257 354 0
210 49 0
294 187 0
162 140 0
153 71 0
251 313 0
402 220 0
235 343 0
134 283 0
163 5 0
200 26 0
129 186 0
176 365 0
220 138 0
192 369 0
52 386 0
347 190 0
234 13 0
282 351 0
189 143 0
245 164 0
394 328 0
357 401 0
318 90 0
111 180 0
276 94 0
177 183 0
263 358 0
388 356 0
115 252 0
227 192 0
16 26 0
373 92 0
100 26 0
13 213 0
32 80 0
339 69 0
319 309 0
124 295 0
60 157 0
395 299 0
375 161 0
374 195 0
387 254 0
208 191 0
72 38 0
276 272 0
221 297 0
255 383 0
208 122 0
261 293 0
394 160 0
334 76 0
313 338 0
51 277 0
143 116 0
256 222 0
275 165 0
396 10 0
367 342 0
319 327 0
394 154 0
294 64 0
123 144 0
194 321 0
24 196 0
165 81 0
166 245 0
103 387 0
33 82 0
267 99 0
216 198 0
384 382 0
27 72 0
188 107 0
125 391 0
22 135 0
55 274 0
211 199 0
234 216 0
394 329 0
91 326 0
130 401 0
208 325 0
286 46 0
199 213 0
235 378 0
204 53 0
38 14 0
290 322 0
274 284 0
16 167 0
137 33 0
401 126 0
206 335 0
390 14 0
312 321 0
141 296 0
59 379 0
333 306 0
97 335 0
248 28 0
322 390 0
349 348 0
399 292 0
44 221 0
265 138 0
217 28 0
252 204 0
354 326 0
8 382 0
213 23 0
261 166 0
192 237 0
222 206 0
70 333 0
157 186 0
396 272 0
129 130 0
84 3 0
281 236 0
215 253 0
92 206 0
327 97 0
197 186 0
193 281 0
196 223 0
213 40 0
68 169 0
234 308 0
254 381 0
205 228 0
181 111 0
120 1 0
235 398 0
298 110 0
52 334 0
96 296 0
27 156 0
149 186 0
142 271 0
132 378 0
94 205 0
57 52 0
62 63 0
399 159 0
133 202 0
51 103 0
309 290 0
299 379 0
145 117 0
266 296 0
125 260 0
352 395 0
130 325 0
131 24 0
365 358 0
218 185 0
331 41 0
358 62 0
362 161 0
155 125 0
245 155 0
382 89 0
271 238 0
28 80 0
181 327 0
380 179 0
163 201 0
233 297 0
127 273 0
320 205 0
273 222 0
24 19 0
311 44 0
390 324 0
78 189 0
398 137 0
309 173 0
96 10 0
232 308 0
275 270 0
289 222 0
298 188 0
10 103 0
307 82 0
197 292 0
98 75 0
46 127 0
175 327 0
277 240 0
393 237 0
75 25 0
389 210 0
360 18 0
19 311 0
225 64 0
273 157 0
63 318 0
133 380 0
14 181 0
93 326 0
57 118 0
222 324 0
363 154 0
96 335 0
14 100 0
208 61 0
99 175 0
313 54 0
349 356 0
37 255 0
275 171 0
297 372 0
116 326 0
197 48 0
93 39 0
219 5 0
256 364 0
49 293 0
238 257 0
31 329 0
19 169 0
211 253 0
232 366 0
45 342 0
202 338 0
285 37 0
143 168 0
400 201 0
48 44 0
46 273 0
377 156 0
60 11 0
329 274 0
74 68 0
48 243 0
111 330 0
121 24 0
60 26 0
34 289 0
162 187 0
111 70 0
181 49 0
40 114 0
323 343 0
119 96 0
386 367 0
202 390 0
327 57 0
185 250 0
125 275 0
399 275 0
329 220 0
64892 868098 516966 365980 -356165 7273 -207220 111747 -805669 -218239 883994 398108 242008 893879 776216 791863 -994630 -840329 -515594 877346 843648 -355585 -531029 496187 589270 772080 -167195 496519 -613416 -235475 402239 -556822 92407 -497087 -780614 607499 -92946 986085 930472 769935 43189 -619770 -853082 10865 476044 -304314 -318591 -287695 496299 -455058 407585 -12088 55033 357969 -554525 -692685 -943266 25988 -651651 -388105 404294 910854 12555 -63140 -53201 805811 -940454 966019 905825 -631909 853162 135087 -485897 99928 -93133 -166987 -117719 542417 828156 -931639 56632 -793553 150805 251236 23244 70833 -869668 -42296 717878 566198 -487942 40154 192335 590437 475222 633076 -1715 532876 -15911 388224 82231 246965 450952 928290 -527693 -473287 62893 -612585 108210 -333344 -857597 339496 -732854 36821 -329339 -190530 -606446 832014 576694 -283550 199561 354914 960443 -624015 117705 -444702 499757 20220 -444623 -52724 -192801 273305 278326 677699 -568952 -702927 -770679 -642215 477869 965592 585986 912069 -866773 -421883 549504 -968270 -826479 212363 -539586 945005 510459 830648 -966191 -401091 -238388 892350 -496457 759819 950853 569594 -616379 379259 -325609 64012 -568038 -337908 -40299 486879 507465 -387710 -113729 -826151 929784 -988455 116765 824331 510210 527762 510085 -327414 888853 253428 760847 -183668 264163 873747 -146968 385170 576642 865764 892409 438939 516314 -703538 -501136 -663362 -851750 594593 -947889 -708397 -364770 -336310 -994623 447267 706391 -926932 -340443 -4956 650351 -368902 565422 934001 -335459 9046 -967526 742779 385784 -654412 -458145 760245 492900 912604 -404558 -979426 216554 -732021 -161111 823359 735348 20643 349348 203141 -35880 -120048 508317 -543179 -532286 86837 609784 -607216 -650562 -25059 -264080 -470213 -643397 256169 249413 -78994 469551 -767654 -129769 895888 516144 833436 -940744 -137010 490260 -535953 -692825 -749650 -364928 -7401 -341123 -5229 502570 973908 341553 -893099 707735 481244 866414 786473 -558382 -112965 -412839 -623550 -986071 854810 385131 -541942 -385152 -544515 -154668 914110 -6764 315475 -618469 97119 -420696 -180656 -479713 999830 587147 336485 -911158 -170641 -643183 -311788 -11319 -771804 123717 936127 -116852 459620 -285675 147682 449806 -279151 824718 455217 -721635 -176363 370173 -32209 -854882 -288775 10569 332358 839712 -171836 817248 -292772 442242 360267 352942 4481 990617 -514263 -560470 924683 818058 -100958 7381 -339215 -743031 729655 -718909 968094 -229613 -468325 671852 418176 764009 547718 633059 788335 968807 -247467 -818953 777838 -33316 958992 554564 188984 421167 -334963 872913 -265960 -818378 -220364 -203056 344306 -878723 -979213 -755808 -779991 670608 142065 219974 708074 718188 -227956 -735343 612918 -611591 272190 -930974 -913507 448971 633372 -556431 585605 -580402 499408 736478 -927662 -247926 -186977 -752117 518876 260591 -187827 328161 869013 95238 513338 840438 -407046 483996 -511695 373803 -655474
483413
