562 3632
4 335 915546
290 539 872254
96 372 975369
298 395 316995
144 42 788671
186 190 574537
134 18 583876
522 543 172041
368 439 19757
189 38 477893
8 234 342604
510 160 841715
518 321 651628
5 315 848287
500 411 287018
395 148 1074
190 126 453058
491 269 934392
550 498 717612
190 396 767925
94 341 671580
38 364 497976
374 465 768415
82 300 851626
173 278 2385
55 233 328326
316 352 692512
425 324 696503
180 437 461902
423 328 994613
224 101 976489
253 81 409353
356 324 835610
225 87 355688
56 277 791973
305 471 152899
349 71 739462
73 66 839607
452 249 765898
118 38 257550
196 191 887974
472 475 494463
215 449 924480
179 157 451058
112 76 499716
256 399 329199
115 496 546797
409 191 463739
554 537 346512
336 74 770938
31 197 180164
428 311 503839
242 480 514042
203 42 423708
76 115 764564
259 96 956573
236 223 219968
79 14 453394
315 329 734974
473 271 706067
250 557 767467
514 11 670829
236 492 923356
445 537 204713
505 199 889981
207 111 988555
124 461 73419
382 256 25852
128 382 674912
173 358 807059
514 169 537559
447 55 811549
32 307 831581
49 348 372607
110 89 208516
169 258 417414
498 142 295153
192 158 444622
94 322 363253
473 351 612463
280 127 772216
192 36 982962
229 175 982027
199 212 546487
173 395 224430
488 238 411387
360 263 452284
322 414 187260
50 3 368557
58 398 562766
416 486 221258
551 91 833115
497 195 549795
547 419 960401
287 107 678809
138 485 554880
31 407 396035
414 287 397762
28 429 657090
191 232 75944
68 496 997511
306 496 613834
437 367 43454
179 417 29131
174 84 766593
81 69 185938
188 203 989605
273 143 168923
216 21 959575
70 183 438131
464 187 495545
466 269 765020
362 267 706706
198 415 650048
462 302 692611
94 169 5496
110 436 457271
188 134 943345
391 515 657665
113 558 647971
334 233 461006
77 243 778763
200 30 982243
344 405 11219
312 148 635178
319 254 937370
195 299 323752
157 173 982069
337 497 380590
92 455 188402
85 57 317316
438 225 842263
529 160 357516
261 184 858927
432 39 303725
172 420 462117
10 264 312031
239 189 211057
558 400 530917
497 41 124292
193 158 538052
456 5 531594
166 558 803467
169 102 364148
61 511 687702
333 547 640364
395 32 636315
540 14 847375
472 10 25505
305 118 509192
459 24 754036
531 422 519888
312 149 901889
240 55 898654
109 191 941430
525 370 815495
327 206 948060
383 491 711352
323 188 455768
47 243 168365
194 510 137583
284 518 573590
334 179 667715
278 443 901501
350 138 673485
430 104 115447
168 11 142765
341 9 818796
273 65 853288
117 494 140157
246 395 153635
361 219 70152
22 149 587820
164 347 324784
158 333 11478
428 554 560500
284 135 658533
347 374 267454
260 328 542049
155 121 551084
233 269 465158
494 298 792005
503 210 729967
288 335 185740
526 28 373789
490 368 97108
53 320 164743
67 66 619033
250 413 48770
466 297 976067
562 558 420780
512 466 662137
88 71 513673
420 81 609267
256 214 745075
541 199 872010
527 48 54391
385 204 752837
417 290 160022
394 403 569858
186 313 10511
48 129 253502
89 532 106962
5 2 662989
512 472 996807
123 92 64509
85 172 51655
235 334 154693
78 385 303888
155 458 650883
279 118 607037
371 18 179202
156 91 234356
98 33 999235
74 491 492285
120 494 538911
11 112 205809
375 33 96165
301 244 587238
139 499 735612
530 134 656736
461 328 203820
197 95 414669
31 162 319731
167 514 35772
387 76 991518
150 523 193434
413 32 78464
42 46 304709
175 470 26146
96 324 221479
228 73 909911
112 199 512436
309 3 429640
429 4 454513
450 317 250569
514 137 882527
522 167 678939
4 544 182287
77 159 152667
528 499 730194
74 462 959436
553 297 149138
346 225 175723
235 467 617269
370 5 648484
401 223 493391
17 341 188300
226 491 946636
100 484 3067
533 83 479453
366 130 920142
348 505 750310
170 458 628951
119 313 175720
279 104 97090
319 223 16438
268 382 258538
489 138 751866
460 25 321345
181 555 84361
552 193 99791
67 490 481422
322 344 555821
237 476 456108
161 153 505204
150 348 502211
537 536 39376
449 210 134740
472 163 602128
477 561 523194
418 311 627602
13 427 776323
317 510 410606
147 390 306945
133 213 382205
13 297 592941
218 72 170611
236 506 475235
218 150 842656
435 425 806800
235 288 827555
285 396 357702
499 215 979082
113 411 695082
140 504 629232
316 338 197298
162 305 441714
365 421 277944
62 87 584067
49 242 826281
80 228 271636
372 411 837134
137 153 639144
354 125 156185
422 18 92979
268 193 259777
113 401 788462
72 322 213353
283 10 386304
281 140 151726
557 206 740479
4 144 9683
517 526 584620
475 561 858875
412 19 865097
522 555 129855
286 188 986739
507 237 483658
86 269 95627
332 151 937568
339 71 609446
259 160 64892
186 171 678767
233 408 424726
381 558 224672
129 46 673564
399 344 974316
399 24 854191
308 465 48
386 393 495622
109 125 836775
370 544 633631
53 317 519266
417 187 703299
210 496 362098
436 103 644016
273 462 416421
427 394 613207
355 209 209906
151 213 774071
63 122 372701
345 151 817984
381 490 469757
158 54 313261
105 361 195659
340 187 640672
460 194 831592
514 249 987073
135 501 111093
463 192 873381
396 234 290385
553 146 857287
9 501 79590
357 128 576492
76 184 536377
105 505 666113
447 287 794684
487 418 810473
493 132 825262
336 96 969946
108 248 238402
107 282 333179
380 308 75543
146 470 9887
63 27 759749
289 542 359114
109 153 575746
57 330 580461
47 538 337831
279 157 778403
134 53 467534
293 231 496535
43 401 886219
247 139 434918
205 290 397135
183 540 883475
64 439 94945
476 398 657482
456 215 439232
345 105 710169
24 239 685167
265 214 258776
543 110 482690
269 424 898931
553 264 393202
314 334 773587
545 387 174734
121 199 729737
373 518 372205
286 557 635007
18 244 669850
419 312 893875
71 356 477211
19 272 106315
458 283 803947
559 256 957139
324 473 300141
337 539 418348
545 395 582291
433 365 518602
374 336 737249
452 540 314751
201 354 877446
312 83 134627
532 364 882466
562 63 9362
74 520 686643
344 542 462848
365 384 261635
475 62 335405
37 87 397819
496 155 675366
166 528 64367
333 534 132893
44 311 608658
104 66 613754
310 275 679016
506 82 947495
475 410 9101
405 98 363990
486 539 318769
553 163 771807
262 490 703153
545 193 214614
360 107 265237
217 152 189085
177 530 234784
369 511 105290
242 321 549133
276 182 369631
337 154 756575
393 543 190149
458 174 539441
152 485 133034
12 4 651018
121 342 78768
31 291 196426
235 30 240800
50 386 616305
369 248 595384
493 300 937108
264 368 200979
202 87 232529
134 45 978097
393 247 296416
438 471 483821
374 373 899098
183 497 821291
87 83 17687
245 502 649451
370 255 5087
206 292 422099
355 304 394889
129 334 983650
259 169 128038
406 330 323317
322 444 394918
91 285 861803
335 429 176682
21 371 891498
178 56 621567
436 233 384506
170 212 516513
329 390 57871
461 515 967743
247 301 336629
398 67 614574
76 511 479707
92 312 609842
530 91 453561
142 530 813736
14 251 90728
25 211 870738
393 219 181195
439 311 234008
149 536 260749
479 413 690419
212 38 464238
461 443 859927
15 197 250201
277 479 528020
536 218 611423
554 193 441422
152 146 78020
2 313 19880
125 100 472346
15 266 913437
497 125 882404
226 15 184337
473 8 712931
165 228 385012
23 500 102565
536 161 72553
551 220 99605
363 313 723482
470 98 740225
260 126 108990
142 41 804615
429 526 172240
168 241 243250
237 238 736440
63 140 213525
344 175 412675
255 81 785631
2 375 838177
359 273 709431
165 438 646171
303 555 186460
169 81 482766
289 363 467653
282 342 790189
393 511 273588
225 153 414619
531 66 264691
518 397 659257
245 559 55941
330 61 188723
341 303 876670
338 560 964939
41 56 643656
226 14 604317
139 384 262970
347 148 581590
143 18 200949
36 216 548922
203 467 587578
221 107 869447
333 350 368558
488 89 819418
402 55 939258
394 93 552706
492 432 984166
514 380 326123
562 470 466196
373 506 212674
492 491 929597
435 551 87370
45 9 892668
393 552 525236
334 148 225819
372 129 498384
253 371 159160
135 105 870023
336 431 770372
467 438 108640
125 341 721404
183 330 258517
97 68 132875
41 380 329827
546 186 538354
240 412 322889
363 224 528291
7 193 502351
524 510 381432
544 233 663127
286 210 417642
218 67 306895
143 427 823976
8 32 841906
353 343 891678
150 19 98363
289 432 249354
425 456 523781
290 211 917704
449 51 961180
210 363 76391
468 530 552793
440 240 443525
107 404 540745
395 281 46386
526 499 582124
141 5 904405
39 83 828346
117 236 891134
103 207 768906
331 503 438541
414 14 737564
463 315 353362
305 237 839983
457 174 205017
231 68 720935
167 519 759793
344 286 463211
328 467 130592
331 354 216709
55 163 299225
260 496 256595
496 21 531271
207 134 588934
558 188 387524
156 3 668490
437 62 163416
504 523 86189
310 171 93012
246 523 116100
314 67 345750
320 443 975900
469 178 859431
212 556 111457
80 245 305303
317 283 587574
134 221 197561
137 223 573767
534 337 787018
170 176 489802
119 364 970256
218 105 203561
309 164 552739
96 268 877276
399 18 272421
247 524 46608
85 223 843881
19 16 694817
43 331 232641
527 121 990426
548 542 288201
54 98 815875
417 219 34051
561 296 102422
63 401 585108
107 130 500587
409 47 677592
533 327 346180
55 123 470434
508 48 304804
451 98 999452
110 207 496522
329 426 397522
29 109 986044
95 333 572830
95 162 433233
369 190 980057
270 53 338615
515 553 295068
377 345 867561
301 432 728536
357 7 5062
297 456 190327
217 376 11814
216 316 925226
84 172 257069
163 204 762839
385 260 784517
116 180 535262
176 119 176827
306 326 785453
285 389 896037
415 106 216859
297 428 811859
144 392 595767
123 389 18670
81 518 731136
320 346 952734
521 72 601709
278 287 711535
410 423 679162
83 262 34445
64 524 371181
474 142 332392
250 484 737736
169 219 836513
177 311 852131
513 369 57619
118 174 747239
161 375 51965
442 549 135877
379 73 519989
285 88 704495
65 62 558022
113 445 470416
192 154 829426
207 129 9671
549 270 874096
341 428 310138
416 466 88028
157 554 237752
57 217 414361
49 342 649276
84 65 283896
313 188 592108
416 288 260453
464 101 342869
96 145 387620
474 435 868030
157 19 160830
452 487 261973
155 240 842829
101 550 33843
15 438 907606
340 262 820603
416 420 778231
18 160 445413
518 155 255089
319 448 389054
313 535 591560
403 229 171916
303 243 235905
234 161 293760
297 80 827437
39 385 700624
540 150 911765
327 200 930615
459 187 146757
412 236 349392
463 546 319373
66 359 322418
403 499 616198
319 314 511245
109 444 353622
478 435 269769
17 466 795126
68 40 979007
104 396 582437
515 474 383053
72 207 355870
369 364 110837
119 482 251712
205 81 836861
127 483 643227
133 468 13284
344 356 584038
530 211 880574
266 105 900949
186 126 473750
124 177 180819
286 98 196592
296 79 934435
331 297 298328
141 219 82078
431 320 669997
496 266 632170
395 270 842904
459 253 6722
343 29 865306
316 159 566701
395 252 647011
388 169 649456
135 203 675325
18 314 658400
246 32 171480
3 430 773888
86 112 430423
62 226 784104
136 494 470361
249 425 197671
181 100 239939
288 155 693061
356 326 153218
293 488 36685
143 498 41706
155 324 408435
154 265 982750
376 297 705647
356 257 259036
269 117 122810
158 200 171805
315 544 960241
56 358 328235
10 97 323528
508 39 510942
89 106 253093
526 15 637641
139 403 575275
432 524 231194
531 63 909295
302 411 311244
53 511 168806
379 434 964927
201 299 615004
415 74 586086
151 334 918990
247 453 95014
450 468 147208
299 381 692205
414 288 919758
332 188 691032
293 416 250567
108 38 643227
182 509 492336
370 335 262515
479 338 701227
460 499 562074
491 547 7744
495 395 311439
267 228 796765
40 376 386175
529 465 243885
521 193 435195
203 296 305122
479 199 33413
115 79 91265
269 234 368653
487 33 805281
248 112 348284
286 54 31410
363 154 487447
98 42 140890
291 315 776521
280 212 681820
5 54 614295
491 189 934324
260 51 109362
399 48 683022
224 201 512397
191 455 681162
27 219 510161
65 478 172216
455 177 742616
356 528 928282
510 287 849886
279 112 259017
364 455 782936
307 526 259417
379 242 456428
475 68 279496
44 124 384083
473 545 712637
472 181 115844
371 376 309466
420 8 558894
48 298 10597
498 201 223550
459 343 913780
503 519 535817
406 264 856214
546 125 987288
95 375 318027
120 330 275881
27 525 449965
125 245 270007
268 351 174316
276 196 240091
397 522 278169
247 485 23066
49 254 635294
146 163 247548
91 155 703185
263 133 842993
541 37 311240
548 228 477120
494 341 658051
119 352 431796
322 303 979193
176 419 314751
251 259 274197
3 291 131757
436 95 929878
160 255 847539
236 337 978438
226 150 141488
348 287 112184
480 114 880532
295 281 313082
359 474 536676
510 539 223674
468 332 155052
94 142 16110
482 20 265229
198 549 862597
182 39 643250
346 79 771713
451 145 760946
212 444 558268
322 231 82648
13 259 303779
416 14 197286
376 55 231528
392 511 245056
527 323 765133
342 127 422361
483 360 907883
166 139 214122
322 250 581463
318 8 881960
221 237 371004
295 543 794409
465 430 533765
111 461 217729
3 327 369544
14 84 642062
63 426 71373
325 131 774018
207 511 520696
375 141 167730
412 268 637582
498 449 13838
115 178 978723
156 246 893019
425 118 638128
544 430 463532
117 460 538988
222 266 998618
320 207 850976
430 312 869815
88 36 398550
408 540 498929
226 330 855549
374 395 495195
333 132 93679
454 81 800943
313 126 198723
335 445 100935
386 25 889712
385 353 74708
381 307 698691
426 318 18278
49 484 392023
212 246 358677
37 57 869070
31 167 61670
420 399 155579
410 132 798771
172 3 873339
46 48 580405
34 302 2507
18 467 740324
501 475 548384
38 312 604989
30 7 592167
83 108 421926
200 178 447720
405 91 423806
406 281 979793
87 234 639252
357 446 996411
330 465 431174
457 546 570684
552 206 224723
319 343 540030
411 436 463769
56 307 272627
290 65 784510
81 259 613554
44 179 499112
452 414 352881
103 347 986926
363 504 515643
101 557 885330
74 187 361949
343 540 302296
347 234 92264
220 389 198214
541 562 13210
9 255 288836
456 316 730467
235 494 307587
320 387 338427
182 283 940379
223 410 223898
267 363 351534
296 448 786968
427 68 582990
318 287 370821
413 378 634423
306 263 230044
281 535 584163
167 88 292432
87 86 122502
53 453 53808
159 466 320357
55 3 501461
113 268 353004
445 79 725375
16 40 608840
532 327 647939
24 183 485175
268 188 501695
5 515 855639
462 348 525784
45 344 851257
553 136 605370
60 85 893104
519 217 92257
12 223 152587
142 56 498119
225 10 822170
372 250 390554
354 500 966194
35 496 843130
494 429 584040
173 312 595047
82 464 569856
6 103 628586
174 145 128948
523 343 822788
553 547 161221
287 252 844092
478 31 324181
497 296 11612
2 253 121666
530 344 767714
36 100 763195
190 201 387094
112 182 168745
375 408 735946
151 303 299710
453 537 774605
181 433 611562
308 47 646300
15 473 365894
212 40 591753
275 234 544583
431 415 728823
264 56 473538
27 348 836644
234 398 553836
92 276 495107
207 446 60007
248 423 386387
398 465 616692
202 166 652556
343 217 239754
425 561 327393
16 33 77485
410 367 741197
402 181 24003
197 469 639319
297 544 917196
130 359 386312
40 536 484089
149 522 90127
125 56 196995
19 284 94747
356 548 466292
494 359 760241
192 457 225272
138 237 29529
147 378 3891
217 23 79547
270 403 322530
15 145 708090
303 65 190565
83 117 225881
91 67 65608
218 399 190796
266 370 633563
535 515 456832
225 154 415325
299 263 138466
390 497 960173
189 311 506059
474 449 771398
281 178 633102
115 506 82078
272 72 625752
212 229 347167
275 366 256503
105 410 271020
529 404 951377
82 220 560066
207 123 327093
188 370 469162
531 437 257462
480 526 780215
245 391 454093
121 387 779678
276 106 22568
13 14 167095
78 271 865929
246 115 471453
161 505 480044
548 532 712347
80 353 940071
149 202 882952
250 350 119214
162 358 336982
509 14 311188
410 449 887040
518 231 28702
510 481 325578
505 99 986047
175 82 431729
323 246 381197
511 48 36918
91 43 155054
373 509 962793
297 378 834905
185 327 352583
449 239 329679
432 533 827765
204 554 820246
209 155 765278
522 259 223294
461 212 508494
236 242 766719
95 354 518562
329 516 995561
194 84 79450
532 238 178485
391 192 31358
359 20 894157
34 417 265975
516 500 950075
402 107 989862
186 426 171100
49 482 559837
9 209 920097
326 524 14148
368 551 159918
309 372 618369
335 100 969034
558 550 839504
70 534 704640
154 320 858714
414 541 449319
144 88 365200
535 39 424577
559 221 75820
288 302 471895
175 430 774006
532 378 669239
429 180 793721
312 396 811470
153 458 820730
46 492 569933
43 484 524768
265 31 268078
321 44 95820
16 125 653394
197 190 364111
28 335 822415
146 353 144101
234 453 187856
287 453 182602
525 355 692760
373 365 752635
234 450 216609
503 470 31177
86 387 376188
389 244 758853
207 478 99153
89 378 481815
248 209 922007
362 146 157714
5 263 24200
503 317 469202
127 80 255517
164 52 620484
424 90 25352
462 559 877511
477 334 495336
432 161 299004
105 244 756292
184 32 407375
122 61 54081
200 230 248418
494 77 985209
513 32 362547
29 19 794369
109 324 410440
154 325 573429
338 117 322095
529 100 207927
446 136 486898
57 362 156633
367 325 821447
107 48 759831
427 113 478699
137 395 91049
362 15 355195
134 438 874070
72 544 357346
123 331 852700
538 376 530278
492 457 355778
161 456 931915
509 292 693282
299 83 742060
23 221 310468
319 536 883018
109 134 982528
355 429 76437
359 468 513749
460 130 947623
301 345 405019
232 160 359261
280 10 976986
82 343 884532
387 250 437871
75 63 430202
62 520 680660
472 138 523758
551 468 350554
243 468 304767
447 488 641116
237 89 284077
299 391 934446
148 528 315533
52 413 30208
491 502 664529
236 455 117217
115 227 815951
41 57 513996
250 270 632824
43 38 602950
277 300 405198
207 194 350547
260 211 12003
438 536 959522
368 332 772463
43 437 457607
464 327 876073
550 232 888412
549 474 895903
103 269 687129
177 418 995169
304 97 471469
458 119 15550
334 236 785126
344 14 89084
171 339 743143
284 204 707231
480 332 828784
293 481 744503
27 395 684694
514 476 104936
162 374 96023
425 90 798385
269 341 482129
385 440 506273
518 528 172293
420 469 434391
408 378 327796
220 107 993033
339 156 853937
378 450 854003
428 395 454507
455 319 409656
21 498 514494
147 55 38322
390 288 297283
276 340 854104
501 230 274607
118 474 782205
45 231 690138
508 530 436178
537 473 941171
351 560 743307
313 561 900199
402 359 990324
10 290 330261
512 27 932429
80 10 298647
130 127 63784
412 147 178035
132 133 272597
136 151 27125
192 40 930009
218 339 645635
98 452 240751
491 522 6946
179 127 874511
510 512 480952
333 142 742768
94 497 808678
552 545 941785
241 298 548581
110 528 168597
356 70 716351
342 267 807429
242 127 820288
65 407 287634
110 286 688580
543 435 40849
519 431 447246
314 450 402143
452 340 701974
261 121 192544
381 60 222385
60 352 536326
43 86 314297
256 266 359862
332 183 278654
377 378 920919
49 54 298692
50 288 977500
414 301 497398
540 423 581093
397 148 416172
385 222 214979
287 411 319433
397 470 869003
69 532 862666
5 28 227756
295 265 644234
89 169 57390
231 108 219188
331 423 447808
400 286 808640
53 2 752888
230 68 253928
535 395 239334
476 149 290767
360 357 497293
3 194 576369
1 399 393434
496 386 275848
542 281 366938
330 364 542611
395 286 544616
477 150 928582
132 286 926771
403 221 69574
126 476 860756
376 142 971189
201 528 903129
349 488 628368
45 1 695189
253 122 334735
397 488 246189
325 331 108875
295 61 907157
339 507 184292
545 133 424294
315 159 979977
119 5 980940
519 223 812848
215 128 94330
89 116 908121
391 230 268106
23 278 759093
326 466 264744
146 108 566810
348 342 866239
90 40 160362
403 517 210251
437 200 713419
289 82 391965
336 542 380995
289 290 201998
85 134 675191
248 312 942770
528 54 225265
206 317 369950
24 298 714023
398 90 636326
297 60 281235
396 74 710258
140 334 508558
391 9 634753
86 466 193235
475 375 312735
488 181 512728
558 192 251994
469 268 822114
366 403 177195
188 535 803541
66 179 561284
485 177 886953
220 298 788696
306 249 595267
110 418 291285
275 88 217767
256 472 288114
506 332 875441
382 405 144083
245 47 77372
554 415 11976
257 304 938047
562 316 9067
360 286 601347
323 335 274456
523 169 393732
2 292 395902
90 292 351161
331 355 687
413 100 25630
307 135 302711
525 426 312224
182 527 529712
177 286 275366
444 382 903105
138 493 812206
34 304 874715
231 517 883661
452 189 833533
544 303 401642
408 174 603354
27 437 306435
78 409 474303
166 78 10306
299 482 854563
405 208 199793
164 232 740008
498 440 50493
16 271 420203
145 135 740519
13 435 793819
40 178 905658
73 192 21367
57 301 788830
258 227 414386
196 41 991661
183 188 11967
493 395 417131
147 494 376618
232 478 345308
526 247 320490
65 226 124348
101 441 724423
217 126 661268
56 60 728230
186 145 640931
38 428 166816
531 259 423793
466 210 977531
386 243 477348
7 140 553097
90 538 802565
176 545 505534
509 367 936299
120 31 555440
151 177 560542
399 476 903728
334 131 381391
311 388 707224
271 355 296218
53 334 774702
222 279 30068
362 241 108994
229 127 143204
536 492 690142
157 380 488807
98 224 841943
313 164 233613
205 276 25072
561 253 160475
411 448 927838
344 276 7412
53 460 453736
34 501 388831
71 306 668544
227 33 817146
385 421 764922
189 442 821252
357 560 398899
351 433 429841
414 548 738916
164 208 582876
181 426 954808
414 61 699415
58 71 300451
143 397 407584
491 232 226712
102 40 209301
316 319 751131
93 315 862182
389 303 644141
184 172 417433
31 341 465235
341 26 259968
11 180 95901
117 415 296975
314 556 632648
404 361 976752
547 302 3263
137 424 822321
172 377 355139
204 120 769754
120 178 77831
406 257 446789
213 20 375517
542 230 794246
330 451 688893
47 80 879929
438 63 557309
336 126 752445
431 29 71218
355 36 962986
119 488 184448
556 321 52588
336 396 896781
210 557 357013
227 356 191420
125 111 296487
307 513 583292
367 149 164738
322 15 183008
348 301 995156
366 311 75710
433 465 93521
312 522 62575
53 293 40176
424 536 928654
387 472 737668
64 495 718041
207 273 548076
279 427 281769
523 525 74451
306 322 553954
438 104 857746
46 528 194822
369 31 460012
454 327 736918
277 352 316161
474 286 597034
285 500 886247
540 402 354849
562 479 900991
286 311 310947
5 498 612479
419 188 827733
103 410 890981
145 298 881410
89 379 398290
348 530 634170
285 50 700192
507 406 59757
545 256 523153
202 147 964827
58 198 505599
197 55 266661
252 151 831671
317 305 544624
74 28 741836
308 191 961350
218 56 966440
288 289 442084
161 109 556686
493 154 695941
89 223 89996
389 556 784795
498 322 751538
529 106 455967
397 363 466506
449 535 866900
56 99 443485
171 271 949772
176 362 894772
525 493 538351
451 367 322976
537 498 878994
131 466 709398
441 290 13863
499 256 490671
386 455 435666
111 253 229305
73 349 549307
489 71 145995
376 241 143120
11 16 179688
236 257 20250
115 463 893066
127 331 440542
144 74 8375
539 296 61733
448 380 669032
477 546 160559
291 193 676957
373 101 797905
74 71 629062
433 140 896262
383 20 447136
111 520 813787
205 309 88752
154 454 271010
245 390 206613
413 225 301173
78 30 245240
368 474 378328
274 116 944453
108 198 912815
323 504 843041
389 357 886868
257 108 830893
215 87 876071
398 548 192042
123 325 790548
556 487 503680
373 5 565088
43 250 43833
134 531 878861
504 315 147388
303 49 700568
532 232 975310
86 7 302836
377 110 904539
171 18 166748
326 45 407474
247 76 913346
548 497 462530
205 194 463895
441 232 347989
239 445 994063
13 198 863288
497 378 183059
306 308 199805
81 87 467745
495 166 888293
441 269 851776
90 472 919874
427 254 349922
487 110 537184
413 41 25848
152 362 346624
463 305 733718
31 343 159098
489 23 630889
548 187 177427
113 513 761019
8 422 861562
23 89 686899
162 475 136653
77 265 897050
58 1 498413
234 368 221194
137 246 409056
250 411 809354
335 514 575649
43 509 59178
67 420 796974
51 110 603452
204 375 836649
343 38 543567
506 40 277380
267 208 85628
334 490 582481
284 146 774223
110 116 200536
198 42 914529
140 94 650842
182 349 932286
284 209 882637
181 215 633371
386 32 489025
417 383 439060
47 272 44844
270 238 699130
269 489 980393
18 531 705629
424 350 268009
489 507 713082
264 321 206339
421 504 227476
397 203 861764
272 322 587222
14 417 235980
439 227 324534
111 45 52240
54 401 863534
229 151 280683
247 497 825152
111 560 818253
399 391 895510
232 389 715372
8 21 914879
346 241 797106
142 201 738717
559 491 404559
212 529 788810
321 176 629892
256 317 159923
90 476 383294
247 545 624452
125 112 325458
324 493 59151
336 21 5694
13 349 148671
427 478 579113
424 293 83009
545 54 128779
93 68 893637
209 407 346012
55 529 478878
340 440 250221
200 483 370722
249 322 993773
530 503 448440
455 458 206428
513 407 908378
225 37 780133
472 354 219697
497 154 153415
433 521 127396
200 487 242246
140 562 196306
279 535 655808
434 508 297159
511 3 872226
343 289 93812
283 315 296787
281 509 661781
449 41 80416
284 507 813588
457 233 195021
88 325 577830
298 207 232963
33 505 11927
551 523 164442
197 546 216779
345 34 939747
352 475 326915
133 533 829387
130 388 932714
492 414 574496
296 291 167729
559 155 252764
99 139 818009
439 481 22816
277 174 775455
208 310 570088
57 542 382758
486 133 306555
46 32 295931
26 296 50165
116 447 237851
283 162 815237
389 299 638172
428 423 571082
154 560 491377
82 430 286619
246 175 944361
464 96 667365
147 223 139257
43 488 629845
448 308 27992
424 68 386897
348 58 243398
449 242 25084
301 459 646213
557 321 789969
407 205 784973
303 302 597455
514 212 82960
533 308 107486
237 421 488639
170 507 136530
108 399 971756
41 180 168099
174 281 770929
33 137 752898
106 309 521529
239 160 947634
193 198 483531
245 297 486856
278 231 975616
266 208 791062
89 330 310259
65 137 427765
204 531 776218
216 113 254744
535 86 545109
224 225 348620
306 433 879290
11 257 412912
231 17 799675
259 325 930719
294 68 389120
332 18 783732
476 393 574025
391 302 785637
287 441 490292
429 528 196454
185 63 951742
233 559 655623
258 51 714498
401 422 903782
201 300 759640
144 500 90072
344 383 506207
302 412 120138
290 490 82748
480 501 84342
300 550 180708
296 461 218040
158 198 293327
95 289 670848
85 269 602935
126 90 494960
131 460 570674
451 529 179199
552 124 617291
325 396 912752
111 448 738129
54 346 72780
269 551 817642
417 23 566655
544 97 974437
141 500 38672
78 85 667333
131 472 748950
278 304 619062
484 466 992453
453 114 59193
65 406 189249
313 125 977073
258 421 4050
223 5 790403
173 228 628405
348 139 4824
243 365 483835
432 536 233716
314 31 242368
39 414 798190
31 310 131154
119 46 648764
404 230 330669
246 214 853224
539 542 27149
110 347 658196
545 155 465059
497 102 224271
338 257 844534
476 417 90589
266 356 660722
215 274 166196
413 511 330914
201 87 964216
424 480 279432
189 448 959837
229 380 24789
548 311 696804
101 534 32882
393 42 475806
221 112 673931
33 224 687578
274 516 898429
220 96 302028
376 333 219890
421 254 56755
103 380 650315
376 107 184861
301 364 552509
377 210 662569
185 171 740549
482 397 298696
94 477 548672
326 545 700356
218 13 72482
527 113 541774
355 37 258058
243 523 131546
432 267 669130
8 280 847589
107 25 474429
483 359 741222
197 502 866665
507 18 39326
268 358 106947
130 251 947578
63 334 218481
22 420 617177
53 269 298349
47 260 28084
78 265 956736
320 451 641674
262 378 325462
466 228 309686
540 537 89436
138 230 439105
124 247 486520
401 289 528559
57 345 703738
448 168 93949
167 529 259058
53 93 913028
413 406 822013
14 496 414185
56 257 189440
548 246 866397
377 418 541708
315 142 20016
560 494 578323
362 522 692758
544 394 378817
551 423 931494
52 344 917252
301 539 97197
502 243 280773
541 373 497296
443 13 747639
11 459 130551
340 437 157106
288 553 47117
472 509 985063
150 145 733495
67 352 311852
5 145 145427
195 304 574431
411 109 194215
216 6 83107
7 345 642345
339 270 652814
481 527 628317
551 477 671990
259 12 452956
421 47 770335
517 340 323980
230 75 447360
462 371 857624
94 126 360261
254 166 990375
23 432 292199
215 542 649312
374 350 109704
307 503 134428
319 236 324393
182 170 407355
164 272 625417
106 208 515336
420 368 695254
549 37 806793
518 223 760020
292 185 542804
551 20 68246
370 48 533965
439 363 965538
308 364 212038
538 118 265572
82 327 727351
29 40 91199
471 263 454435
247 52 863677
521 219 448479
455 195 835662
409 144 174391
430 219 466771
320 543 927569
24 494 228066
356 181 751699
470 448 983271
554 493 875795
267 409 437032
96 550 399629
369 20 578769
2 300 883447
539 451 472343
494 437 497920
261 377 326216
293 394 563805
261 34 66968
120 258 179583
114 425 535261
254 511 288557
48 61 11152
384 191 145171
126 385 359892
380 301 426593
227 375 983082
145 142 217449
206 442 298467
117 174 113989
103 94 68230
524 420 980226
232 398 829101
24 293 501500
4 193 884186
326 274 291549
118 389 231690
396 539 656627
438 22 882225
236 472 252061
178 504 50291
509 375 263139
461 97 729425
48 228 675752
324 443 830745
502 379 494100
79 38 507172
318 235 186257
327 88 227500
406 425 861148
358 493 335600
20 306 448952
490 487 288977
247 547 565699
533 4 629219
56 299 244984
126 24 405415
62 501 626768
347 323 138301
504 283 752596
184 437 795442
371 3 258183
270 497 398769
270 527 199884
31 101 77743
31 559 728866
472 135 69480
531 141 960944
196 237 220255
131 172 367229
51 83 223985
485 162 243252
177 10 554386
401 311 359355
445 349 294249
433 362 967143
64 228 400458
511 505 242144
150 339 255417
226 442 521696
514 144 765097
61 377 12655
134 11 269711
220 390 322090
416 498 32992
477 79 827398
146 141 88295
165 313 404446
544 16 620566
207 286 495537
375 458 787389
317 32 402582
476 258 254043
66 535 268055
301 484 957259
412 20 917752
248 537 672296
148 16 485602
14 413 899042
510 556 985297
92 362 902700
477 92 180840
512 351 150310
146 10 187379
535 91 697641
332 349 434497
65 187 213856
517 549 756299
212 1 611432
488 312 285216
208 420 517234
12 35 982204
180 64 670104
353 243 763175
441 143 228391
275 525 551960
88 402 23915
248 388 744498
452 517 841324
447 275 429747
115 144 266011
24 472 548600
305 218 547173
330 307 766276
325 37 479529
295 562 46593
512 72 532321
534 445 109011
499 414 411706
359 57 800453
157 212 237127
222 525 274832
42 60 844440
258 35 389512
129 499 575906
150 479 320341
293 46 905186
444 257 592481
536 325 843532
187 93 229657
227 297 711852
532 133 162536
29 270 71021
275 125 742474
326 234 237976
120 407 859340
456 504 571056
357 465 71342
539 435 283290
539 427 372287
336 512 56122
170 88 192893
402 485 2812
328 229 653813
543 328 67683
98 324 629028
205 315 158018
187 521 937161
553 171 61327
284 170 630473
30 522 879652
561 557 159173
359 285 766398
452 493 791809
248 552 117071
64 50 820934
530 174 339764
222 343 839489
521 434 290147
134 108 90501
81 88 74705
153 129 879797
76 432 328595
540 533 245174
284 516 286787
395 475 451095
32 27 279293
347 239 746520
152 491 819280
553 55 368255
216 30 388842
382 352 401277
313 67 43861
512 23 489736
195 534 317006
44 460 591615
45 330 595698
446 297 990201
10 143 123949
124 142 144349
138 196 746013
370 179 434620
491 265 535061
195 388 612810
80 548 121597
88 27 976802
136 353 62634
336 124 82576
141 226 542414
118 175 856254
170 290 538470
452 298 687118
99 310 307496
149 517 591261
88 515 931814
350 337 439540
257 432 224652
425 506 592613
292 488 530771
218 458 47710
239 247 215616
16 393 539196
126 108 422727
57 131 85086
200 215 562851
128 417 477210
145 107 302172
366 367 804447
393 58 93121
337 416 829255
169 311 101970
363 522 9515
557 371 456879
522 4 291268
222 421 627536
561 355 361100
65 2 754557
361 71 967184
483 247 529922
345 471 517142
87 514 759935
239 283 920003
127 451 812535
187 478 583828
65 20 614379
522 479 623057
106 120 500639
453 9 522681
528 322 179549
408 561 817671
207 388 305610
360 12 684664
135 361 241390
177 461 435641
66 445 755709
147 364 443409
129 252 969382
436 61 683988
21 124 12236
220 553 609456
416 390 87650
502 482 912898
540 210 571459
108 360 120922
75 263 750451
29 496 299499
168 162 568263
309 390 659610
479 203 611816
230 25 329385
404 284 866960
492 556 280578
495 49 375490
493 507 76299
537 278 557172
388 292 585308
188 241 158218
240 322 57746
393 452 568534
528 232 677736
294 374 476525
264 530 541617
362 102 725200
298 384 266477
498 68 817374
463 313 133852
505 168 208793
411 327 228697
29 28 518095
507 104 359071
499 63 563521
141 540 816049
424 531 955053
444 461 34420
296 399 887074
288 560 744725
232 444 384750
133 275 349187
176 111 187367
464 453 486212
348 95 502932
490 98 243314
400 454 998740
518 494 53977
507 272 903110
253 350 271478
472 493 342862
6 88 777965
201 245 850009
231 380 77810
112 427 580698
222 252 382755
343 550 491567
524 428 95947
410 494 144412
460 197 681781
544 371 929896
495 83 706784
336 306 366400
363 33 219464
358 22 989455
103 240 244688
386 119 748357
467 352 854204
409 316 862014
382 551 175545
165 145 428705
485 399 921542
281 490 851198
441 415 705735
104 460 227409
7 222 774343
461 114 870373
168 169 992012
183 13 127681
32 425 209741
178 428 291662
406 369 142952
476 188 992773
443 356 12790
83 322 873032
426 103 742124
436 498 946214
468 288 482986
90 186 618806
205 475 761733
405 65 271169
16 397 905433
62 499 633074
124 354 215009
108 268 263294
521 20 807256
469 181 102329
519 363 271279
377 170 865511
495 454 189245
414 233 927434
112 135 605459
130 121 894480
438 542 607551
411 399 895138
187 133 265824
18 430 839369
172 479 97901
407 127 313267
44 69 559155
102 509 636509
152 368 521435
166 464 234341
233 322 791086
361 526 223004
137 242 939170
396 189 537099
498 464 358025
239 455 561233
127 334 708790
424 71 138168
159 298 353606
221 354 509168
427 392 616221
208 451 395466
117 230 199529
427 452 520421
54 273 627356
189 283 111158
360 4 849697
468 153 559316
187 75 862582
306 513 980991
12 212 315111
468 376 655202
338 203 72757
520 430 112875
84 90 352277
402 340 215668
552 66 173911
538 403 64995
449 398 608874
387 421 316724
336 457 110240
295 159 618723
39 512 219324
393 102 771060
115 401 679891
123 473 212149
284 169 384568
380 467 449992
548 63 275688
135 196 669121
405 391 750059
50 356 687268
193 109 336317
529 234 931835
187 169 212000
70 379 609105
64 312 201213
358 431 856537
259 498 323291
220 59 714666
339 350 609206
212 84 86014
504 537 706911
178 487 889456
213 408 855102
13 192 264383
534 235 398754
346 375 404495
511 308 667116
248 482 502557
28 478 555079
561 417 714518
379 127 377204
549 265 206358
112 103 737078
181 116 891168
236 439 617934
4 6 604857
7 6 663812
486 549 872400
22 483 192055
552 498 905594
459 453 236065
422 119 410410
101 157 196953
254 41 330666
492 423 524187
121 248 843803
276 342 72407
372 58 366719
454 417 857745
253 250 362572
470 510 691022
402 11 694940
215 77 169099
351 169 836845
173 234 778690
97 537 710669
291 56 594492
524 311 973636
187 30 358
419 305 886526
401 146 156032
30 322 958670
295 254 713946
234 125 604826
447 180 847363
415 425 291023
232 153 483497
350 325 914670
78 478 405720
315 187 705623
427 421 733268
198 371 325835
106 42 485198
101 433 506719
337 334 311474
290 276 953193
331 160 479911
460 48 956734
210 5 599490
458 462 198640
6 489 371699
316 86 718492
514 292 496727
35 404 147857
75 244 904013
106 264 61726
187 208 406813
352 51 445734
19 9 220395
465 322 242201
318 406 144723
140 268 836186
249 526 622419
273 272 297252
468 11 719551
511 176 947126
413 21 479291
123 380 451947
72 315 33208
350 159 820942
455 240 360395
449 83 915121
133 509 534858
105 510 19345
309 481 937649
36 317 821274
28 249 755060
293 50 13953
59 455 182321
551 175 160052
499 441 143192
132 534 244981
41 130 320737
281 97 237150
189 24 507391
337 101 623674
285 496 498867
160 355 881611
181 53 673996
476 490 500733
273 542 750750
520 472 696002
473 159 519074
360 152 947773
50 509 608843
474 168 806330
524 269 890007
182 138 685445
257 273 921374
205 553 96821
354 545 717073
197 34 858186
535 125 147372
163 73 51806
210 10 592331
380 553 919022
506 524 509556
542 185 429545
395 404 255932
144 509 70153
24 188 440696
222 299 765280
523 273 187786
188 230 376523
425 498 148637
313 213 75874
265 341 157435
461 254 712306
368 355 940513
17 421 328876
16 118 620551
188 413 182105
353 538 862836
401 544 914690
95 16 635966
543 57 806105
352 42 691403
356 103 652631
443 385 423010
366 32 687647
424 508 92236
324 240 636210
283 221 608518
485 67 980553
347 194 213080
31 378 212327
393 56 890962
6 126 866421
10 286 749471
509 154 857411
382 231 454797
447 426 628322
204 207 283056
50 427 15994
490 539 828362
200 360 510576
295 3 211704
517 560 185212
20 258 799943
277 324 677996
255 162 410932
354 53 493800
177 280 798546
149 113 740904
430 460 116151
409 393 107865
249 271 770589
529 54 216662
129 317 239681
97 393 710916
401 266 770205
395 104 48910
520 170 741159
30 276 668409
315 257 709980
115 63 73821
58 536 597655
459 177 129109
466 216 810245
284 531 319985
74 310 786009
285 553 724274
117 344 990710
256 490 816740
47 138 370446
131 482 846181
125 182 535449
363 77 996495
145 524 36483
142 144 698044
96 238 269359
186 410 441357
166 440 623917
434 331 728867
118 159 722278
395 285 590884
407 282 749524
455 5 879554
169 319 544688
371 272 509581
371 84 337378
411 246 108758
368 52 308879
410 155 557157
341 233 735125
266 19 116799
79 436 404755
425 130 985229
214 196 22487
370 218 6843
340 242 977556
119 174 173761
326 182 441052
331 391 693611
358 204 962244
430 473 567041
72 440 908820
26 14 137569
186 485 119351
228 217 997185
232 324 753171
175 379 948279
184 237 523939
253 270 324241
210 367 965349
127 83 765024
348 428 946303
99 314 304393
25 191 26364
222 369 287198
404 76 785411
500 408 263075
431 510 183508
334 15 295494
206 426 327386
405 524 311684
518 33 938802
295 231 369063
88 312 892840
468 48 736166
201 30 906624
299 102 897606
466 452 91047
227 487 546348
489 477 213922
264 403 392585
223 31 988762
450 539 675158
137 35 312974
153 431 696986
208 330 810835
25 331 414072
231 314 427877
3 534 181581
296 13 167518
97 345 967211
285 413 532688
497 178 706081
211 368 583425
501 462 643346
195 128 448301
106 534 161447
351 141 997967
356 329 980693
340 33 367042
36 407 852088
100 222 766477
237 368 97215
350 211 560481
488 166 581058
310 109 799087
27 177 288719
116 258 669490
323 321 49950
426 133 46718
108 219 56412
35 75 355471
215 233 906362
6 188 358598
22 166 464197
409 513 371777
105 162 457646
254 58 348841
40 266 953951
259 288 940686
173 404 316225
252 137 445735
370 176 496468
305 474 92821
559 551 409341
250 14 567019
335 257 417760
316 266 750378
180 58 418803
493 492 53309
402 93 524013
328 34 862106
158 311 782840
125 487 413051
551 431 435775
55 34 913521
123 238 757699
293 497 340890
144 522 523933
117 222 222416
200 222 635662
359 62 411483
491 279 85184
312 49 64019
327 480 510449
153 189 103859
242 204 560804
344 379 370753
471 520 95939
203 286 389663
553 283 619482
8 213 189692
373 533 319158
469 410 472649
200 166 136960
262 359 130085
298 94 36804
494 548 709179
557 131 877850
290 129 370924
465 19 351807
31 533 34755
529 173 292002
297 11 430196
117 114 628254
324 510 616356
274 494 227751
560 529 120751
463 198 204950
500 307 302931
168 493 529428
53 162 935389
417 236 819182
417 442 907
170 424 751840
401 21 487227
160 81 980065
229 234 624107
156 348 937110
551 466 968310
246 125 46712
500 463 464780
454 547 774150
81 218 340253
106 170 922869
463 482 570074
484 23 382628
277 332 35560
286 79 760591
2 12 244973
289 426 334760
60 308 450282
303 122 298596
230 254 800761
424 295 776481
21 557 96279
285 270 62749
375 401 722679
338 174 112722
122 446 792474
15 29 22463
489 9 266732
68 455 177073
78 140 677000
160 549 49421
385 352 362249
197 161 15525
335 550 528108
191 287 851855
486 447 727242
34 543 299501
363 502 31121
236 437 785188
359 290 297927
90 373 664644
562 170 774740
336 108 834533
18 510 883603
549 259 43013
530 416 718493
469 57 373607
346 279 261086
461 470 748772
128 130 595545
492 196 960596
509 101 10771
204 5 310016
110 151 834
255 530 116390
443 250 590800
413 91 718726
15 132 172051
489 143 777045
350 355 4473
41 215 43552
49 115 986360
151 516 995460
172 206 560203
535 444 913293
519 172 195030
208 562 498103
306 287 581104
168 80 35611
146 508 943152
460 7 363267
339 267 429005
108 488 50777
136 298 841455
447 89 739371
335 36 867886
108 320 133419
350 301 833757
440 367 413545
344 367 68731
354 44 335394
163 188 49010
7 150 62768
329 127 540553
196 64 751080
472 68 936006
128 153 191625
114 520 306904
10 279 951123
411 161 360607
60 255 979657
250 146 285727
27 77 530090
55 459 158415
36 31 205003
434 207 562912
448 480 413159
527 250 33083
239 513 101933
558 197 277477
300 184 792277
249 25 699267
237 335 378070
451 336 961740
159 539 599026
484 390 658159
343 36 894854
140 214 210351
202 355 309834
527 429 105838
206 135 101403
2 514 919244
206 312 133664
378 102 811634
527 307 537422
324 446 116935
327 142 274004
17 288 551784
29 267 360900
268 1 185498
215 9 159876
231 12 601807
263 532 390526
336 183 191818
66 547 508589
462 133 994136
515 301 568068
497 149 111471
255 555 506223
336 367 381049
311 217 115379
143 26 25833
162 59 638629
139 377 471139
233 43 526958
382 88 680765
114 65 500226
406 408 932732
85 191 177160
342 341 720078
552 561 12081
54 24 915991
504 543 694911
260 141 293704
270 33 607214
287 102 526948
273 349 613906
352 372 68270
140 498 752702
395 522 867836
254 432 790159
143 233 525829
467 41 745625
481 311 369670
256 156 818833
55 442 247059
103 483 570404
441 20 128640
20 220 672489
41 298 266954
333 56 165149
246 198 263255
477 226 508615
21 225 558238
161 503 773033
344 77 682325
460 480 980129
443 97 368507
163 70 4210
43 544 224288
134 390 264796
45 411 917880
13 335 479517
172 70 312049
389 514 30119
206 49 898082
370 481 714708
81 113 50675
165 189 149260
225 556 940491
389 72 50574
301 143 657999
20 560 292566
108 325 70763
100 62 716134
86 39 793386
69 502 750447
62 18 437717
227 490 569673
524 324 206379
420 219 375048
163 149 853034
450 448 637616
402 494 724973
470 214 618871
488 366 443103
386 559 363213
322 132 81750
219 225 790765
207 118 344517
472 16 753151
483 5 410117
211 30 349500
318 138 52129
355 376 727284
346 510 812846
472 65 888871
210 504 498427
111 341 72316
206 89 65460
21 443 558368
418 460 465168
389 434 497553
490 504 467342
127 164 877662
160 541 342814
527 286 48699
106 542 353836
287 119 471071
65 370 441999
358 77 816641
469 278 238964
228 115 190110
445 224 42390
398 14 765504
47 120 567542
421 176 72583
317 460 561240
180 126 147176
25 42 886648
293 142 539574
322 350 336012
48 288 218209
87 395 365720
425 347 641812
526 431 211618
44 467 665226
19 225 59179
181 305 334215
33 24 184668
503 380 137189
289 325 544104
11 530 733280
442 139 461145
67 421 294964
204 283 294199
19 264 585564
477 368 615863
189 457 988996
455 385 575762
313 435 133552
51 486 677249
76 218 356176
407 92 737353
543 518 425349
474 385 985381
533 208 689382
359 302 609407
147 473 592846
254 120 171743
108 376 167252
416 375 11700
297 174 801499
71 12 396003
149 453 484991
530 240 870149
445 417 781998
307 217 134715
207 364 107188
305 458 373660
395 232 724375
504 198 75611
316 482 121952
224 61 890654
334 192 878477
499 302 254106
421 346 51995
486 132 583640
479 139 197764
543 281 602590
541 449 478665
434 147 274310
420 550 88145
221 461 111466
512 65 229347
333 370 787777
319 552 248343
17 91 951178
205 22 523519
268 420 677081
455 95 987774
373 6 473460
155 187 914054
421 36 86155
389 74 684745
293 132 142104
361 384 355171
123 338 645653
550 411 638585
545 373 38605
303 70 249619
428 194 528223
45 163 666685
477 163 626773
417 306 910454
437 190 78451
381 367 349697
495 47 238360
76 319 961523
35 369 419679
394 76 580188
143 477 944823
348 525 758877
9 148 829214
189 7 750731
115 103 549694
242 130 907642
513 444 977810
260 415 232854
56 39 861987
179 243 834277
36 232 617
296 364 619556
123 114 804290
197 424 29195
371 516 780532
439 254 306247
21 520 552676
448 385 708208
523 113 967974
223 63 669422
223 247 105680
357 356 569276
493 321 3399
134 290 566001
367 369 919154
150 368 306869
124 498 893307
151 127 408658
381 34 909021
464 25 420606
312 509 66561
393 355 950450
308 266 980633
88 142 764190
256 311 635906
200 507 613919
438 198 937349
456 264 193402
41 410 456965
94 302 382237
250 280 707492
177 215 203223
490 357 889662
188 363 7406
370 31 910722
533 479 75858
533 62 672698
54 310 622207
545 304 938994
531 428 208318
439 13 683435
289 201 130065
476 494 539450
50 217 813719
52 66 475777
92 327 543057
44 16 304985
62 178 223438
149 161 441828
261 165 858645
526 204 298536
356 333 626280
534 189 843177
412 414 745887
158 35 455444
222 482 264225
237 352 834029
186 503 175241
550 229 94627
46 237 619054
559 260 868944
97 418 481581
392 399 487784
276 235 243798
249 315 604457
549 250 858094
212 160 328530
108 554 191725
120 253 70686
22 300 659331
280 487 119976
181 251 54309
495 85 260800
345 248 185310
444 193 860573
340 273 376540
9 345 159372
488 394 787676
519 208 188396
558 223 173875
276 237 527489
381 204 978546
77 272 74650
534 271 686499
256 279 890717
46 438 988348
190 89 196073
87 362 241440
444 39 600852
111 114 425551
187 262 8378
86 231 609645
417 422 827144
200 544 586501
325 258 77176
131 523 381708
178 249 313624
203 351 18583
144 237 26161
506 213 36843
39 129 167742
145 267 509347
332 548 618730
140 517 480374
11 206 509996
159 333 715820
431 190 14091
402 53 98690
333 28 828313
432 224 239552
132 448 607396
111 310 486287
503 402 291148
446 328 924747
210 447 300333
141 152 129868
447 314 545749
457 141 815190
332 263 715102
427 327 310619
122 275 497415
490 108 632650
377 192 847092
410 124 914635
39 457 669719
95 305 341097
397 6 57249
101 366 979413
57 235 375061
399 113 458312
284 508 226261
92 248 318939
46 348 872411
363 341 863119
544 141 810602
555 103 928831
350 371 562258
274 2 203862
400 439 533031
206 447 633270
109 140 313782
546 512 115453
374 282 579871
168 81 521657
231 544 763320
42 280 813582
355 518 533582
418 214 286357
346 7 115655
121 419 586143
464 542 224901
161 423 788905
103 517 138458
436 308 213785
524 455 987244
241 390 898882
280 69 584323
429 162 136373
112 397 112283
195 411 403694
480 388 533490
53 519 972924
71 89 616122
356 190 159929
365 162 688072
417 81 709072
77 451 491860
493 183 681882
473 378 298637
206 458 934819
504 221 167880
381 210 189993
204 509 727576
490 263 757440
460 15 686699
128 352 535225
45 538 140753
75 216 264185
257 392 695875
329 444 965356
218 534 303820
326 300 694666
373 321 741189
353 467 557538
339 83 429478
364 5 614183
162 99 995193
465 480 241377
444 188 379445
417 78 632126
471 500 53595
126 283 420555
527 55 232429
239 137 394734
293 406 366964
242 436 408299
286 285 94358
375 427 87511
335 195 374027
155 258 70689
252 466 939771
431 298 775245
126 461 185977
114 253 18395
533 491 320474
436 112 131564
329 105 161819
222 47 754658
284 115 177731
9 294 598047
432 297 532241
562 386 99269
118 22 875772
457 555 488765
484 79 765989
123 128 149802
453 508 497218
391 453 49631
78 110 515784
10 91 127862
74 551 199816
192 554 305529
86 114 558585
375 335 545373
226 546 356767
363 547 878326
29 232 438163
165 479 852542
422 465 900631
207 82 160735
395 287 229306
437 203 100750
196 356 90421
430 243 633883
201 59 538367
298 321 759317
473 507 19611
384 532 94112
425 166 271771
462 339 939825
348 350 90267
437 444 340247
344 410 161368
440 319 854377
29 434 289737
542 5 438031
480 145 641565
121 27 517281
283 82 268907
387 65 903926
98 430 662747
497 141 678096
386 192 511488
56 490 519373
434 142 903761
377 334 738001
463 496 55593
57 78 978649
453 422 21166
48 31 125585
132 538 779571
329 3 304400
479 400 82653
557 228 33659
336 57 73321
308 163 804771
198 369 683877
237 278 20121
101 18 844780
329 301 994141
341 297 852335
344 85 809313
144 523 174904
356 115 28537
346 77 421793
60 244 290137
531 107 187158
323 507 820152
294 505 405463
335 222 518402
236 501 624992
541 546 434565
288 282 537931
74 92 269805
297 518 303307
407 454 128772
556 193 844434
527 147 481372
211 1 162382
74 556 966690
271 302 443363
507 151 988759
463 506 269616
453 41 560897
167 542 730183
46 525 713779
34 444 844193
362 368 972603
355 181 155375
463 212 638544
151 126 505414
164 193 92513
323 359 109096
83 197 349648
7 541 888874
356 362 147135
406 545 712118
251 104 723458
127 550 81876
276 388 856577
528 549 959838
485 471 829240
562 3 486240
175 381 786938
29 451 743879
514 427 345703
279 9 229920
512 367 610919
79 499 22232
427 517 313122
432 99 92655
87 411 381686
519 380 54475
320 159 776678
552 45 95050
424 219 463377
282 555 262791
235 352 94474
26 469 695940
393 378 382005
103 19 632368
516 544 202678
330 528 996065
451 504 353819
372 284 332820
377 175 16389
110 474 839869
245 298 893746
107 555 841779
356 417 261775
132 499 381778
340 10 794123
430 1 977923
392 160 930821
281 397 74054
379 184 449835
47 413 352969
315 267 189786
308 390 455856
223 466 970696
343 374 34514
2 72 733622
288 473 530221
562 329 330173
23 294 39786
239 136 557162
453 125 19037
412 25 500037
438 143 951770
382 437 15519
92 70 262981
28 237 82023
113 348 779150
97 259 265305
101 47 269304
101 250 634444
295 426 233277
332 258 256029
193 140 583358
556 167 354165
392 357 729762
34 523 256809
397 68 26334
536 356 865762
406 105 689473
17 274 818819
296 109 410609
342 508 451807
448 156 578614
178 444 448409
310 476 993415
289 458 792287
513 533 126310
529 73 626833
191 135 548169
295 232 897912
349 350 999529
540 144 109610
460 386 146364
254 548 434784
167 471 41602
31 417 675780
522 336 887601
56 414 745954
561 1 485675
361 120 785822
408 207 249293
397 303 791647
562 67 516206
434 33 413138
162 492 746173
210 371 654821
178 406 753866
71 66 495923
376 126 69400
8 461 144118
460 550 122929
11 264 917026
298 160 984209
19 4 315316
230 459 101775
225 242 738583
224 94 477603
114 309 908211
473 34 572424
17 176 568646
156 490 607153
167 144 699161
413 442 816593
464 366 768321
151 254 789253
412 482 722351
405 184 346309
486 289 402503
222 345 678577
74 450 52739
295 349 438337
401 524 242559
493 23 782743
209 401 872665
404 503 286939
507 529 392554
488 300 499969
389 430 62494
313 136 996781
402 31 150139
329 278 870385
378 343 378765
440 330 484583
304 347 617845
448 43 903873
1 538 610122
248 233 343567
62 157 789828
382 211 976508
18 529 726499
458 444 145574
144 236 925365
435 416 40696
226 213 996667
274 161 983658
280 74 49285
335 355 320001
463 95 202794
251 157 21293
112 213 495635
407 482 543605
278 511 540070
84 268 131867
348 223 885394
153 57 370955
487 498 674042
336 295 364905
292 98 683113
191 117 301653
429 29 461821
109 101 134193
17 488 452410
390 99 942835
359 208 62577
245 198 343703
28 499 905794
285 75 35661
416 71 625814
279 177 926134
499 541 574462
113 496 660951
115 34 473429
29 115 109947
478 475 527177
452 173 428682
53 159 227113
497 108 704804
239 276 606463
298 199 366267
558 227 968546
551 358 339354
385 264 126714
345 532 157599
131 255 572670
31 112 113292
135 442 877045
194 165 69854
444 288 838721
390 560 893342
4 262 468526
27 481 596078
219 446 926338
63 266 76773
251 324 627574
178 274 906232
522 74 878942
516 311 847826
509 231 201654
424 107 378494
541 447 68574
437 535 789873
212 58 930208
492 315 662955
517 538 670559
553 214 357565
439 186 832641
462 301 494676
504 302 3933
422 165 557831
403 409 618528
493 193 832868
40 138 802033
158 221 250996
144 470 621011
194 353 526767
145 552 835978
163 58 906365
95 6 470244
85 236 965252
260 4 241296
170 510 970093
363 278 186029
225 266 455341
266 250 938487
429 261 770271
546 70 971163
168 218 834165
426 544 696980
519 551 567983
379 268 435280
458 524 292622
180 557 599103
302 199 24275
105 454 769025
36 476 588936
518 172 584580
552 220 806415
216 408 73684
219 475 941053
557 502 322123
460 274 297964
134 144 59154
35 398 157524
339 309 56948
374 174 844955
31 524 18407
44 343 889454
20 260 949167
351 421 474104
523 66 430566
62 279 222919
331 147 545149
336 420 831430
107 81 59575
558 152 769078
371 541 196671
392 352 524617
381 546 760460
391 432 421096
48 144 175569
408 329 698692
356 485 882148
326 454 125130
497 221 595860
236 120 429634
508 273 581934
158 211 739992
342 288 514200
515 290 970918
562 143 522874
465 216 717129
378 517 433534
21 117 443744
494 70 196866
414 274 168000
87 406 493482
516 253 514865
173 387 856330
97 326 317405
396 201 521821
146 490 556579
347 348 754244
552 258 814400
299 234 648489
373 408 74261
206 424 794788
271 513 227151
131 457 478122
73 518 958894
500 528 148875
380 422 838061
206 514 349949
416 476 21941
129 137 174092
65 192 64796
252 370 383654
465 161 188814
499 245 962554
548 467 218923
133 179 987146
195 235 442080
85 271 168858
229 381 364068
107 473 72642
467 89 249774
277 269 977210
537 256 209105
7 513 281658
524 287 48776
15 172 859023
323 150 565169
487 359 934524
399 505 163858
409 22 569296
78 434 204510
315 417 600707
56 132 289655
334 45 818922
180 262 598614
228 448 176069
471 238 257349
515 66 247547
221 168 548972
43 174 988012
324 366 468112
186 62 579952
245 484 29200
477 289 456630
167 93 989229
375 90 980460
439 395 618135
257 47 409513
522 499 190118
359 10 372193
425 287 330762
82 53 799465
531 262 734032
274 435 153716
528 78 956821
423 489 750474
117 430 141680
413 16 50541
471 504 408536
22 182 2964
266 6 952561
519 236 794269
108 498 691398
508 328 78099
442 292 149787
11 225 587858
244 315 407005
202 516 23064
-597236 57560 590582 212080 32966 226627 -339208 438892 -941153 -112314 -900161 517336 683645 561931 -787546 -990380 -337653 739074 -471797 -135615 761769 -191440 103112 742033 861349 180020 106796 784123 -421636 -544822 -341355 14427 -634430 105765 946338 410999 451502 -984325 748846 -399399 455109 111298 794289 595687 -712878 655720 21281 535092 40716 531717 -493375 -988554 -139132 728172 -641707 -302587 -372158 281440 325579 170362 81506 136260 -766209 803045 -267106 -794966 -112394 -597944 359293 538279 -827392 887562 465808 -305924 -373773 -369315 355889 592139 -336746 740563 532678 634214 -700635 134498 -229756 -814664 260147 498518 -438218 -704966 -467602 607216 569046 -663611 -727431 52042 303682 889286 -599026 828282 -809921 252488 122677 895995 -771686 -658818 722942 667609 259397 470554 -684790 -494146 -672796 477378 853491 -701081 -147777 920827 -823339 423331 836067 582794 608186 532568 967096 116379 552572 -235591 -575316 -222306 -64261 -252389 138303 -236530 -654537 423216 -218233 -862562 744268 733292 705671 488245 852991 920295 900618 -403896 616637 609693 316263 25133 887085 430394 -409975 -940491 -334120 -220684 -805150 -827112 783038 246372 639002 -707546 -599326 -836667 -832775 925502 245444 -345682 -479832 -858106 -609889 761786 956117 522164 217219 723013 806365 -188619 -457995 242391 -766146 -197164 434056 -49210 236324 -205424 891077 -91970 736517 393212 -278857 -466282 934272 -807135 -11929 -49018 834453 610953 710978 23210 102190 148348 -68578 791122 -685853 670896 272395 525853 609335 548414 -567731 -492635 453563 828941 991970 -160803 344450 -634535 787536 963105 935713 -727049 471231 901246 435947 -779928 253962 338424 -431576 -607124 749211 458176 -394217 780846 -761978 -900177 440206 -418684 453318 -798907 807780 53449 -425053 -615338 -658173 411391 946187 -28720 930949 -190749 -433847 -628729 -407396 -238965 -337517 973988 918985 -219573 714272 -127455 -378692 840708 199135 778459 314925 -256278 991619 -109182 -143601 -719939 988711 467734 48702 -24452 729569 -302588 77315 -105769 527398 323954 560568 -973056 -791742 -515027 -80888 185158 -931850 -656118 -415435 -755978 573317 431393 -623670 345285 883695 -695164 -999748 -742284 -44883 -524992 -544753 -710823 -8117 92252 -771780 -332647 556955 592678 -252712 -747715 520426 -470657 -815943 332907 -600595 234945 -464249 -906047 359326 579553 155423 -359942 377959 411688 978480 627387 573664 -873638 -44906 -74801 -541316 -823841 253095 907185 -198184 244240 687256 649196 -190426 386904 751487 -576340 732552 -504925 519595 -404099 128547 641741 441131 -709543 727945 767281 -174849 308358 671033 749393 -377921 -32660 -741641 -464640 -811645 -872562 -825705 83874 -604877 676533 746835 -714283 600943 679358 -66724 -785796 856844 535294 -731899 199365 -933937 104310 -312009 515218 411481 480047 498615 241652 -711272 -577726 -544030 -684388 653359 -250420 151852 600287 700916 832266 997779 -382803 -692572 449211 -223457 -284130 -518000 821020 333399 500728 233941 116678 392447 -978580 580224 977938 417499 220020 696268 562155 809809 -473559 -632115 439279 -669107 -809009 -155307 -415416 -466973 -108491 227064 -726340 -285218 -948474 965708 -510216 -492989 -698598 -658722 128638 -123891 370290 -35027 105411 -36510 795870 608872 -721467 -599887 -397689 -537863 -313291 516233 660483 -15970 304072 356384 482504 225733 -55590 440868 -480089 -431679 169712 -781266 -634683 -961838 274370 604381 335765 563290 23819 -714515 -270362 -910265 557690 754071 607017 642250 -982700 79009 137690 -699826 -988391 -169140 878330 -899562 -733305 -376457 935919 -410901 -754416 -546314 -688374 -965523 939816 526466 -128826 -122949 229802 822168 -977847 590534 816512 11385 485459 -64423 738277 -43071 -3634 -865590 666018 -632289 7491 -114329 -106840 -912483 -385612 736282 -786176 674098 -693453 -587566 -475731 52443 495085 710767 659502 696049 428636 422036 -138165 -152637 -299127 -177754 316292 144992 -918445 -164470 443020 -408334 125408 785558 434355 855265 718821 316912 -745245 586929 442949 -683346 197638 -337318 327951 -106673 -568700 695451 139036 937395 -899801 -413110 -425263 -8508 107305 -238425 -914698 -449793 510980
50688340
