869 3716
350 185 603667
197 285 497723
101 563 642074
396 37 230668
244 6 74733
100 94 818931
776 297 57354
363 798 16531
381 151 447506
509 458 230595
109 190 15779
793 325 450172
787 724 767351
599 852 513581
837 301 501357
302 789 907432
225 83 300286
35 221 184752
382 242 968154
430 337 365447
181 116 192936
248 654 201457
524 290 63879
724 43 384193
729 362 778701
278 638 534653
24 498 778603
598 599 172179
845 607 630800
549 245 231221
104 132 651564
701 389 583212
303 40 171462
75 532 124993
859 686 655833
402 862 939196
168 563 788331
138 537 713025
700 753 203999
461 231 924144
696 756 104706
772 480 824080
59 227 696510
272 476 159476
575 580 102155
302 476 499544
168 650 244084
810 301 189451
689 491 519841
88 505 96095
645 473 978046
327 750 642834
276 697 336704
328 362 616115
224 303 83815
516 506 333719
268 549 566111
358 600 743820
171 299 218781
706 609 893595
386 413 983485
722 617 535132
4 658 803462
480 262 867814
852 720 85964
257 537 264197
526 210 827910
543 799 305928
375 31 891742
588 431 419085
64 706 844825
737 169 608785
242 644 185590
748 234 232938
431 800 384280
401 94 691153
674 640 582074
403 616 258827
372 561 800049
30 8 572516
817 10 810846
569 736 152095
106 467 64441
455 795 335565
705 742 423486
720 816 198269
399 123 713369
134 775 948089
393 247 810306
585 847 749373
419 348 317747
23 778 669805
689 2 176449
670 858 555383
248 761 395774
313 110 24302
775 548 804372
692 513 897857
245 390 176006
565 75 786625
814 554 289790
527 252 728526
824 223 888103
433 645 533430
110 600 786228
800 488 424854
274 189 320399
292 355 751096
764 824 820162
301 644 401276
30 756 425698
175 853 241967
28 503 632859
81 524 123911
73 380 848469
267 859 326536
863 271 262688
554 764 42830
50 830 848183
463 828 235826
735 641 902096
763 288 79771
759 309 293193
757 515 920722
793 629 562076
98 277 401625
626 539 472530
528 228 103809
706 403 387003
35 342 374954
408 391 304126
119 689 458171
148 422 45768
741 602 517621
299 113 726284
456 850 213370
86 314 600827
560 525 725467
866 17 930811
669 369 300204
671 117 413241
797 220 290204
161 473 365609
561 493 479520
73 800 88331
107 833 180653
359 44 660771
199 279 132769
463 729 452918
458 705 99550
461 357 352112
85 727 387645
417 708 756978
363 154 289686
585 459 790206
814 496 448619
234 788 731232
732 522 573624
286 792 168342
480 655 623621
12 817 481416
781 542 278676
529 75 458246
84 782 371091
118 275 378392
761 853 988432
150 538 646338
849 684 159106
530 735 857322
249 845 156189
142 544 609177
665 346 473083
557 746 71387
393 130 934857
424 431 100343
257 398 52476
12 539 992524
482 438 799866
266 635 337753
697 165 259654
496 140 55430
277 671 79261
3 347 166867
861 665 597521
268 282 84385
338 555 767778
764 714 883526
796 89 505134
756 410 563800
768 438 92173
479 649 727374
478 640 845730
439 863 25834
704 724 754679
506 823 16599
654 109 833899
438 224 184059
293 779 600060
286 494 919116
341 61 940078
264 307 30126
411 376 703173
568 656 172327
280 239 931000
47 771 945751
50 591 454174
97 402 26616
466 552 280676
692 587 957769
755 478 864668
344 416 473370
234 760 688281
145 466 746452
827 2 535474
13 835 921672
256 285 871045
553 22 158761
283 602 595316
682 75 721100
122 399 918667
696 856 670950
141 621 985106
82 276 53664
846 623 356304
278 818 550245
681 826 635333
717 608 613684
10 585 910235
439 17 720171
120 41 235210
854 53 861201
39 247 77038
488 815 211445
333 792 776775
387 347 276139
806 370 238444
166 835 87483
608 189 328254
860 499 939370
769 328 80558
684 720 343322
221 853 668520
695 500 417719
515 813 504178
632 706 54235
290 806 292801
550 104 903542
103 397 831126
754 269 794325
427 849 121697
639 114 795586
334 471 92633
32 796 784538
508 79 421681
731 844 653071
724 118 913029
145 688 519132
225 746 715775
417 454 252379
258 793 48617
762 292 949645
489 682 200231
209 501 970489
644 48 309563
522 214 768370
733 465 967880
18 439 314908
696 235 611764
483 504 236685
586 234 259366
857 786 317501
594 670 840889
619 259 561744
340 5 744079
686 421 398345
754 741 992090
365 95 62736
255 547 955506
844 630 354875
99 368 83156
647 565 572
47 862 330093
223 82 207235
491 627 655071
633 746 46767
815 234 471845
266 459 233034
518 488 985457
175 332 334597
569 34 446921
9 699 891125
751 401 844386
455 492 301439
235 66 858433
579 560 132108
560 829 923391
466 294 783297
32 65 744117
850 549 32426
83 154 697651
400 722 539946
492 813 523686
267 42 818399
447 396 514958
257 393 595553
4 843 350399
304 297 974671
859 228 147086
627 411 223434
131 405 518326
146 297 771610
480 75 242433
414 706 67652
770 278 110496
410 420 205077
238 652 321172
345 223 282574
685 2 680257
87 56 516905
6 486 974001
326 496 46639
270 516 21833
443 138 101569
513 337 209803
404 4 797739
214 457 711685
832 160 491860
808 515 979399
455 417 533094
643 119 129126
778 313 784087
359 766 299268
199 638 609129
96 341 504308
341 592 660760
711 813 153809
173 377 411428
207 668 122293
391 155 916608
453 606 559800
698 582 881620
488 66 757918
573 543 983857
188 389 155998
465 864 25995
626 271 800395
551 656 298850
142 52 208967
519 618 479717
28 331 562405
392 757 522689
732 288 673859
403 164 597816
39 363 410767
94 732 453525
201 680 812812
594 314 801693
826 386 552476
637 852 503233
30 209 600205
808 677 419940
308 8 227243
153 768 123552
489 824 431793
844 0 641553
515 277 804961
801 614 140370
297 224 137572
360 246 149991
426 258 804116
851 65 598302
160 691 190045
834 104 603761
703 584 766427
655 750 618528
63 421 528552
313 256 457224
677 210 46392
346 246 181061
566 372 272969
392 245 601062
810 778 630266
145 849 614642
649 475 976693
490 546 558447
12 433 564267
574 44 514797
304 846 399401
49 571 574003
323 344 401094
22 605 711182
848 214 392796
85 148 940487
113 812 290143
620 395 473839
856 765 880581
710 53 340909
133 565 612060
311 242 987989
216 479 286161
773 443 823430
131 642 370429
486 418 857238
27 84 692766
573 59 316923
310 507 769515
498 232 18965
645 644 85492
658 420 844451
524 783 976859
605 522 123696
668 94 465713
509 209 705790
211 160 198147
176 198 94857
753 845 761739
489 56 797681
674 698 827407
382 506 819569
295 832 302662
642 165 670935
369 168 132082
451 786 93877
780 135 606491
110 427 176820
652 710 50873
607 52 237500
134 381 908340
169 35 141801
409 636 644220
689 694 417674
234 584 916973
761 519 905764
341 362 979628
575 137 109579
719 171 729838
405 494 571961
617 282 217114
516 23 635556
693 189 203897
756 158 146854
643 629 566843
802 407 711586
181 684 132401
120 262 203894
252 178 297211
259 417 742772
592 725 312294
817 431 359238
101 98 123769
848 653 825905
139 726 257978
775 306 833745
746 24 743842
643 109 471072
572 72 918200
825 655 827259
534 732 446330
816 266 845728
773 539 491710
74 698 320299
736 861 36502
215 1 345816
478 493 575169
141 181 220153
491 139 32459
15 103 398759
180 369 997314
760 385 902056
154 422 73953
58 314 463686
445 257 682382
655 132 779651
560 181 949806
427 547 462492
836 116 451245
496 306 109988
853 90 466570
545 733 499674
276 490 239226
38 570 652182
201 518 454466
224 357 346819
43 709 784475
838 363 680823
176 92 105586
605 619 49025
798 419 130376
587 624 829115
206 554 72570
374 724 687336
465 774 619732
714 159 976776
840 803 640682
725 159 849940
756 616 850467
550 218 516652
15 861 703906
85 663 3560
848 278 258581
207 101 787158
542 219 232543
134 699 89211
511 723 934957
285 795 781187
130 266 371987
743 853 768329
208 81 428130
670 445 81616
595 382 142261
774 78 998800
178 522 47306
329 306 657207
688 712 248365
568 864 242727
709 809 233053
297 83 546747
176 793 793322
316 651 300716
75 736 869410
48 585 906842
291 342 53564
394 739 419539
307 725 427585
308 177 826735
156 572 841339
305 431 56448
803 690 303111
200 734 383582
208 115 351093
727 553 602053
5 118 953791
850 244 934941
314 285 643928
272 311 537196
536 480 269718
60 15 958867
717 571 659884
479 428 851382
579 725 911485
717 339 654180
425 766 251461
619 332 399147
215 216 221670
234 429 86991
316 744 279461
47 423 949840
473 64 209960
487 630 632037
246 718 453905
671 130 430926
783 55 490696
313 502 71711
320 210 95026
199 121 409341
225 838 584885
371 236 123778
69 658 467412
776 420 43461
767 446 264418
249 598 194114
167 94 748053
520 313 609031
840 578 98859
453 829 383170
88 12 554811
606 357 809820
315 564 734969
202 584 572344
849 201 21328
494 588 871641
532 677 531530
320 244 873060
532 278 101448
720 193 243965
271 13 964164
352 37 632310
490 371 684198
493 461 237581
637 641 773867
476 33 145003
234 428 871819
793 605 307498
195 176 976935
196 586 98984
439 73 472684
15 382 81501
125 90 312208
523 510 218214
793 362 847665
377 164 264825
828 825 808238
276 244 162315
586 463 595442
767 14 591114
411 214 793005
517 144 863584
685 695 968931
307 337 528228
471 861 21417
350 847 960393
359 36 774651
777 211 571818
667 362 693531
841 464 476625
31 820 841832
141 733 23151
386 739 317169
221 29 583863
691 177 592441
433 172 630762
735 337 879459
491 526 193876
23 1 819879
661 535 643426
743 168 366284
587 542 467256
738 508 667119
331 613 354547
602 460 545534
545 447 904237
756 45 716214
302 528 244024
47 670 20504
772 674 27537
493 819 343018
47 283 711148
156 538 130802
278 110 935346
256 265 198041
200 130 238472
106 184 301150
143 442 226153
381 460 626343
121 605 872398
558 585 995575
646 789 948338
312 184 580902
737 828 786339
431 396 253818
832 786 503735
503 20 572264
848 56 423503
4 592 204187
390 500 702966
130 861 943263
377 801 721742
469 857 570305
796 604 835205
759 728 260523
467 109 541409
855 517 359149
147 424 405220
55 586 632492
58 421 523034
733 46 909755
752 860 246523
634 232 428944
97 564 293735
91 328 1713
269 140 275137
78 495 436643
92 146 206609
508 339 612505
766 786 874014
555 52 406343
217 549 383504
602 842 622339
54 129 340571
375 684 911507
212 758 676137
459 222 874787
282 794 795953
708 19 271196
431 371 70298
416 469 488780
15 384 102414
749 67 136465
252 384 649119
63 268 418954
631 694 544405
262 724 995923
21 750 86654
563 7 821168
656 97 409766
709 543 484062
273 197 940458
449 388 720238
120 435 339381
755 182 973219
861 310 801173
384 626 46245
520 861 670516
396 421 383960
818 142 767025
427 149 726648
546 170 457188
88 615 212969
64 636 456905
7 391 515870
779 401 566155
170 322 912336
7 858 604247
810 343 576750
70 176 970157
798 151 207947
27 784 948741
375 306 740760
437 65 23795
89 424 229501
119 730 84042
764 232 680353
296 586 616580
210 122 854611
431 590 958333
762 340 411806
663 864 465097
253 656 463183
481 581 240951
105 346 421431
599 441 500556
177 235 809018
421 686 934912
837 574 943114
856 614 45392
171 85 200579
68 299 110723
678 514 287543
642 808 765248
484 850 990829
775 168 35603
284 386 891444
659 790 495128
182 640 398801
263 524 624179
339 813 858294
497 664 791348
463 178 426800
808 671 608865
579 506 700667
394 404 38992
132 129 927545
642 655 363037
332 671 898653
504 556 36980
275 151 942835
208 145 853045
340 343 270776
560 442 762767
540 635 376805
124 151 929785
224 627 403305
500 447 427704
689 71 882183
289 838 591280
83 705 92033
684 467 9040
40 859 590024
831 203 489078
638 248 885765
710 261 277235
326 5 783360
266 643 468475
769 145 361283
820 121 750523
421 211 63787
419 268 206250
724 410 569850
855 449 343456
780 867 287481
441 529 232918
309 616 351391
868 602 832239
698 646 551218
166 842 11364
36 824 935954
176 70 422183
50 612 866745
849 355 134621
0 361 754288
490 63 293013
648 834 53876
695 483 815917
40 416 927569
555 185 628025
792 17 378229
458 112 268416
758 808 708724
527 675 813083
304 588 676734
773 172 707936
167 736 268951
267 308 102193
715 399 656430
41 841 200444
801 266 154970
78 818 18156
38 687 765543
130 107 589280
127 216 496285
169 556 671470
775 369 919272
65 99 578702
33 544 13152
211 608 881053
752 181 214238
400 31 186175
417 370 131331
271 104 210521
26 558 254204
38 836 487583
494 579 506024
63 491 805925
428 783 38452
220 507 630495
456 180 585922
78 484 21379
627 83 180735
367 650 863063
622 572 297990
784 745 512248
270 347 93324
146 817 798616
855 513 879409
14 160 330561
90 341 116665
601 107 268147
633 833 154531
279 18 447384
72 360 888285
419 761 666048
56 119 816378
149 833 735951
756 339 396810
140 394 227438
650 167 418084
331 560 859316
701 842 529654
33 730 505777
340 373 83794
866 99 278102
429 190 64943
61 208 290602
713 320 839818
338 821 1299
145 299 29310
318 168 688731
651 350 474811
281 9 507772
64 647 680988
357 556 291974
279 669 124975
622 32 948804
598 487 86208
418 749 3844
527 673 300105
300 348 809475
188 21 503106
69 147 309497
223 194 475839
658 244 758401
299 233 770438
133 45 262655
685 710 141661
144 312 203009
152 117 817958
265 817 87061
573 30 201110
141 136 979389
200 501 167219
249 3 620540
353 799 727964
473 57 161671
172 89 912410
659 236 442705
855 125 327466
744 487 621638
79 493 597209
519 557 14016
867 229 560823
378 138 650741
559 384 47494
235 571 672378
420 625 146656
99 694 99842
437 518 559208
95 604 164006
614 376 307657
543 578 628085
442 353 646879
312 58 812780
470 726 807978
662 158 573889
96 673 371929
71 202 607641
17 624 733354
143 308 423534
186 442 11292
831 65 620767
383 181 837121
596 464 297666
340 647 103747
662 372 449487
56 725 573931
716 447 618701
268 794 537187
231 67 228939
523 223 976798
283 141 992031
14 802 44982
96 225 50998
552 660 904414
332 64 196082
46 546 626632
784 367 726315
387 837 183099
217 81 74729
388 441 184584
349 245 665524
75 107 804780
135 401 383115
66 524 289882
715 314 750894
58 16 641250
620 44 448781
594 620 946393
424 187 771400
463 661 66262
373 611 765474
233 91 471910
11 437 441544
710 407 630965
739 93 978331
783 187 16566
86 564 443471
746 390 248460
243 436 663094
38 585 627913
694 164 322612
308 376 152004
718 605 369461
241 564 383360
281 535 526221
601 407 187253
477 123 945265
201 819 350219
356 752 533365
70 846 266052
635 697 107012
33 652 587963
188 239 516612
259 823 785281
540 554 63343
595 410 418950
476 786 234915
290 155 539691
61 198 411190
98 182 356393
642 640 921890
295 137 832787
649 49 410534
15 864 59409
264 619 771702
628 5 902379
737 73 424460
617 516 229601
823 6 268155
691 117 667333
774 804 120983
354 384 563207
326 511 276190
606 247 577450
102 145 764047
732 643 135304
658 327 286427
572 581 267524
707 123 899459
168 70 714573
21 848 192981
562 767 889191
487 7 891162
392 591 971688
779 178 785261
629 193 894726
137 717 932669
427 391 272468
425 323 911200
287 853 125281
258 322 160372
101 744 761688
227 600 252406
147 432 457901
841 461 68701
831 835 858682
23 320 920042
331 227 598079
518 480 82631
93 530 327240
213 173 810017
490 522 605796
379 274 951774
404 822 548057
627 778 122047
18 563 921163
587 76 390500
501 270 54364
649 805 126880
646 651 994459
744 857 211084
136 807 990027
284 678 630200
43 859 306901
790 470 111853
648 498 324719
330 812 400479
613 376 861156
551 408 323412
202 436 47281
11 559 393718
150 243 547841
64 206 311046
280 806 786207
445 4 934266
349 231 266089
414 854 146146
555 839 992858
720 552 245901
127 783 171798
834 438 782175
468 516 23523
474 375 176979
323 8 946990
807 664 202392
133 825 203399
338 377 401038
782 849 190644
213 500 866862
742 421 515687
226 845 49742
345 98 923234
843 546 305712
834 8 602390
665 625 133895
242 96 365744
742 608 592448
340 212 810474
557 735 243635
612 622 755414
424 531 836551
369 485 937976
643 52 342961
390 5 591477
474 160 899721
278 194 473370
93 4 450
269 90 510433
164 572 769968
750 749 31730
28 90 26863
588 839 539165
225 444 691171
572 305 971081
774 76 564136
30 327 791174
163 305 7870
749 199 572094
487 350 823373
522 784 403503
656 505 482391
87 427 885090
434 303 99410
763 311 524511
814 805 261486
38 337 789603
528 587 458999
40 212 269023
855 553 995087
447 581 797394
46 370 570169
517 852 801574
222 498 420533
84 46 251513
223 263 230548
11 49 698626
841 319 440647
497 859 396326
735 101 762447
545 852 569025
573 109 988465
479 620 51610
141 350 252213
125 381 708097
149 659 459017
775 365 407728
9 60 393207
14 109 392319
146 436 24250
109 422 229024
257 844 681454
268 40 655404
665 780 506924
385 533 513270
285 736 380277
81 654 115767
279 466 800228
628 774 724932
207 561 448338
718 275 621910
849 22 748871
823 255 634417
675 460 496734
397 541 902140
620 402 359870
325 800 762051
854 317 619711
191 675 396608
722 725 879025
717 817 928498
694 740 917382
32 566 789328
799 43 632962
656 791 839212
204 206 652565
252 156 119424
642 424 640235
572 188 773838
576 300 797171
667 413 396659
142 827 209357
669 301 236890
773 867 416344
564 510 889182
525 75 94562
148 780 664520
68 754 989415
17 588 574810
213 189 797029
558 455 611488
636 526 223647
237 312 964601
260 828 169570
486 364 248690
16 153 588703
393 9 497840
653 830 449834
90 773 881091
427 746 53172
825 29 423591
40 118 453891
711 610 929776
529 810 167185
22 295 988139
263 236 479439
56 463 284152
777 277 233434
224 820 790438
574 62 725764
178 223 453764
585 447 410251
48 512 797075
269 536 766032
708 527 721297
820 197 265955
483 832 886247
0 80 22928
691 390 594279
723 571 844670
820 181 823891
583 646 493474
537 12 190124
659 325 844915
864 95 819216
180 458 676170
636 591 779926
645 136 213323
578 383 413963
301 510 887018
724 331 48986
169 857 591705
15 142 159152
120 204 575142
6 716 75543
264 840 739245
81 110 424290
462 27 318756
655 436 796389
242 360 189170
607 668 975119
85 206 471867
89 6 899150
219 406 323887
42 704 649598
510 85 539025
679 649 634523
350 207 994770
87 233 973597
20 830 73670
686 106 86557
689 387 465925
208 437 298142
64 520 655603
797 202 293677
745 340 238167
381 423 358624
431 437 486279
143 372 609398
723 536 659282
269 113 792680
714 502 658899
254 770 830781
845 14 404034
94 146 584693
312 452 940075
645 825 542602
783 403 89297
591 798 98018
556 174 794605
793 302 351346
723 729 786879
45 64 788709
820 608 891688
101 266 890405
98 39 170675
66 104 945448
695 593 65980
157 851 971537
179 491 52787
284 575 225263
249 348 810926
231 364 922383
682 480 33823
93 365 673817
732 619 408849
562 281 960098
202 460 903578
37 63 44258
317 488 763456
386 649 941440
541 470 104943
19 552 887005
420 864 852176
237 828 158449
861 322 223592
424 652 150158
77 87 40084
347 484 936159
723 447 428379
376 137 248561
419 664 307409
464 69 517843
153 698 612158
449 402 404724
546 71 34885
54 7 245320
854 851 994399
236 476 294662
455 133 434366
494 287 484600
23 460 313340
246 222 306836
220 834 252049
517 770 65655
668 53 634027
639 522 421555
77 304 334286
477 432 231792
853 847 386773
528 194 380770
829 447 610603
226 273 573775
444 238 538235
471 504 350049
671 199 376618
363 405 862647
564 781 173262
593 154 38798
87 479 23119
662 424 438699
107 340 227302
664 759 593946
578 46 919369
864 635 778012
541 583 913264
608 115 894995
249 455 94240
105 735 357222
424 388 427289
618 325 197073
48 490 505582
867 390 524285
68 106 99124
810 445 515118
375 502 330896
611 259 47721
842 787 805724
451 290 865193
354 171 996531
632 746 938958
641 437 830571
361 783 605494
362 488 654391
252 850 260125
403 94 979216
862 496 806575
418 89 146594
687 39 704292
818 324 973380
711 184 185296
174 761 114254
483 765 361709
632 299 887118
93 181 965214
233 113 2118
196 370 995415
141 11 238504
663 769 457067
96 686 252423
0 666 475232
280 839 770463
264 53 356049
565 371 62521
700 668 196868
453 101 537498
204 863 1735
521 281 335945
272 674 815988
131 510 946392
626 44 642614
497 386 283434
763 516 832324
354 127 799236
528 468 874101
139 759 998755
134 705 742449
697 767 851258
652 224 43943
599 356 981071
203 834 324305
214 210 313085
444 665 780570
157 227 993572
534 464 791781
410 16 292384
286 273 824335
839 54 412517
829 627 365309
643 114 141103
785 166 222932
695 159 811404
438 783 228663
605 58 50548
807 294 182084
439 9 255863
819 839 542884
623 697 688919
838 63 698997
311 60 54599
435 296 272254
64 805 797945
724 844 888750
718 194 752863
479 225 884248
429 123 731985
790 783 760119
254 172 134452
759 216 989380
105 111 263400
191 19 547450
511 504 287460
521 544 739938
860 338 415076
857 333 320871
611 157 71320
699 51 569582
561 428 844423
778 290 655277
839 739 65940
515 253 138066
476 586 563376
205 480 458500
46 143 269010
284 700 856037
32 319 319593
729 292 979235
99 220 975632
545 528 340176
79 488 151909
364 406 15625
714 126 944355
737 543 982450
716 402 105682
517 22 165618
678 832 919884
733 369 89453
457 800 519161
196 607 792446
791 204 7273
203 458 857426
122 389 339220
620 528 198336
787 602 934377
493 734 227272
513 399 951225
440 224 238615
264 809 715569
742 521 945828
453 715 365802
377 128 959611
95 205 163924
330 129 113815
236 465 617881
129 44 499715
94 547 259806
326 620 798115
320 240 863716
699 299 483946
547 682 800017
14 385 247279
540 722 174877
87 536 257948
857 658 126170
233 804 228850
687 419 788838
419 687 128667
66 822 779301
375 475 743022
738 638 682187
397 467 119151
72 668 652499
504 763 772488
111 466 318412
516 322 288821
776 121 270359
108 212 558352
131 289 49028
642 821 741592
557 306 647995
750 470 345355
835 575 997618
659 195 119357
447 503 848604
764 299 794735
412 798 369876
752 112 655184
632 573 226749
727 120 947203
215 97 439785
194 96 714533
51 824 52920
847 426 799958
604 22 945862
639 31 259691
364 273 999262
49 94 961395
673 249 247695
244 539 973907
398 81 531619
474 510 624875
693 827 266145
437 223 294389
78 114 264064
783 400 761444
738 509 513455
447 97 561112
53 108 195486
196 0 749887
38 793 137163
165 269 502305
452 551 298476
433 442 435085
65 352 643062
513 5 168975
529 192 904111
691 12 570373
727 852 129736
6 100 828728
324 762 364065
853 717 245135
244 119 224550
43 425 668189
591 354 478292
160 410 772506
719 827 538859
745 342 260977
647 568 135843
400 621 672709
598 783 301523
309 168 744247
105 518 693089
253 865 74892
727 420 731296
262 270 445749
119 861 446692
393 529 421863
417 405 520855
657 623 626925
65 493 228024
169 580 802753
197 714 437230
413 838 940737
157 745 338008
653 851 313263
854 490 959114
817 775 308890
200 803 286554
115 226 635296
764 8 392774
473 696 626219
80 823 394990
238 231 19477
717 227 713796
632 102 654325
308 519 81241
72 601 220086
850 532 346922
152 274 538987
77 40 541175
688 157 852052
42 448 657448
817 410 831637
770 693 903308
450 852 775355
532 232 999764
767 862 719170
670 781 260851
440 472 625831
813 361 587773
509 646 269103
640 121 764725
436 451 556848
79 626 356712
761 457 314608
641 151 658346
625 159 443276
109 695 125895
512 533 525096
468 174 715765
46 638 288851
146 182 461076
315 525 458563
175 154 29348
811 185 934853
772 621 684596
275 43 53521
124 746 117752
727 472 554652
744 308 743388
447 560 984279
858 755 883975
45 449 706964
827 435 48216
375 621 982023
312 152 972890
867 133 374091
31 427 388078
510 81 439157
557 84 242452
426 672 169661
487 9 395984
142 333 156063
144 673 300648
676 181 775972
681 690 561485
538 710 847920
655 92 466924
707 58 523617
668 257 158446
710 296 770946
33 63 500307
667 299 417091
513 804 284947
515 467 293153
7 355 372494
72 848 684933
228 466 867372
863 725 961784
831 813 272062
338 794 198414
256 47 875751
854 206 838440
703 777 382892
553 716 656275
435 426 610600
498 217 482894
245 749 823138
788 257 175090
695 166 360320
504 454 715387
365 224 136249
441 649 674101
333 723 868273
812 651 144000
101 60 975479
543 524 215293
720 142 11583
193 620 404837
460 484 58394
266 251 578082
785 543 692489
581 354 438641
353 213 511090
868 24 220226
207 581 791599
30 369 35539
800 223 312462
813 448 919725
773 339 485153
205 225 868864
839 702 118664
58 396 896759
312 419 231823
483 493 563693
434 577 506368
764 181 403516
246 25 117334
41 361 174688
108 432 387581
698 221 202933
538 561 457201
687 642 51871
284 660 552819
470 822 660038
309 282 863921
696 66 834365
137 247 743438
6 97 751164
349 629 716191
439 28 123929
181 723 367771
404 300 117078
212 368 472856
658 79 218759
406 37 478670
858 690 554599
322 699 473126
150 275 685480
69 782 563756
518 741 958212
764 229 603823
783 373 888545
470 355 914908
641 487 762861
748 121 16739
181 681 930099
837 311 719812
286 217 936900
865 145 435480
510 824 52046
226 713 801296
661 609 20148
761 211 658728
775 537 216705
795 415 935087
170 453 156964
260 602 605890
404 749 61600
359 491 271160
183 787 610922
570 586 562619
795 436 143853
722 334 738603
326 627 235625
267 810 106095
747 718 144006
521 257 758568
587 716 511726
760 375 381099
403 779 533775
262 364 435523
545 442 537754
243 155 508539
116 511 902207
699 0 164640
410 736 819299
168 511 803454
63 550 955289
689 182 736492
380 620 679724
675 149 840620
90 548 625840
360 255 712713
366 815 410370
653 266 244315
414 399 734636
107 476 373518
608 125 813657
720 698 292266
270 607 178929
786 186 517877
687 109 313161
857 698 779921
204 697 566408
403 712 265928
785 432 45659
576 494 374360
216 30 361499
244 206 89
849 861 456076
865 814 340531
580 479 427544
342 351 735567
31 535 214389
637 207 94793
213 423 681149
143 607 339734
44 452 860504
534 276 264552
744 126 477010
658 553 725932
576 495 891084
280 740 94024
66 112 342918
744 833 623858
720 227 772052
280 208 390260
776 791 145692
287 168 624863
280 195 537292
371 531 278422
144 44 203344
279 646 536511
522 817 782522
121 349 285898
436 9 91384
79 159 70932
323 108 559897
536 208 483590
28 500 922690
725 821 455730
586 600 760417
491 820 688149
648 743 616409
314 117 514716
595 40 608436
370 860 995333
721 351 541018
784 475 932486
3 184 403637
219 847 98303
429 764 840658
168 639 610534
200 30 19884
682 455 245822
597 360 909606
483 333 640689
811 798 893771
443 134 546422
334 506 735603
318 649 141955
434 278 824971
327 686 302234
113 252 397800
376 231 281688
187 638 604424
91 437 903799
111 618 436473
255 521 328414
22 446 907103
858 301 238639
453 359 591990
237 196 395057
548 799 351810
854 763 996005
248 306 421337
651 424 698156
553 629 197005
288 680 490184
317 466 654171
698 294 458766
764 244 409749
642 60 170589
135 527 872338
547 293 402294
463 709 232734
10 393 589573
53 753 28726
292 602 2567
60 364 168271
272 404 819077
410 517 504875
560 741 666081
213 644 722845
358 189 988698
716 286 809634
792 630 819585
508 711 298084
380 534 6691
692 498 491125
768 206 181071
844 76 732623
324 813 243867
157 841 714561
401 243 299602
88 103 667257
113 851 932074
82 853 284374
691 164 975669
594 202 775242
735 393 43910
575 429 663095
669 66 248091
340 410 1597
40 223 73090
173 727 113095
61 455 954565
438 54 177012
333 762 295515
314 555 913786
809 799 336918
11 565 188066
641 183 708236
550 155 488926
461 451 982618
138 318 825835
514 823 990566
266 300 557885
651 471 889702
403 202 214967
515 450 362403
261 448 14421
724 113 287955
562 271 356710
237 587 674841
452 87 783778
477 24 318769
9 713 536438
512 791 334314
349 459 499190
328 393 151142
753 437 985367
707 197 735891
126 388 596274
191 432 816392
1 132 350858
221 368 834302
238 263 862822
791 663 780659
646 364 121340
426 671 430974
391 32 485389
782 136 932822
261 774 522877
283 482 206692
574 494 536647
361 805 910265
383 185 461980
353 375 677890
486 599 670434
818 385 261335
163 227 29865
459 694 549014
637 528 586375
783 23 813690
748 5 490562
275 747 471956
113 36 898326
279 444 591019
309 222 680474
60 739 79147
212 502 323145
352 224 751457
545 827 578078
203 272 761391
500 543 917791
129 52 969114
86 286 251055
663 243 228551
111 53 433979
201 21 29776
650 254 162272
165 715 864285
281 155 229718
218 54 540388
299 542 354835
845 755 661584
850 117 97790
599 384 758372
370 127 694918
242 433 194365
67 255 414467
69 404 374741
445 141 426443
2 796 370883
664 510 540810
609 756 328185
178 452 929641
655 849 304684
205 58 457725
222 449 68966
164 659 354394
401 83 950220
687 720 799765
709 789 583671
574 88 799341
680 764 548734
721 579 460766
831 87 79253
773 63 824826
174 18 192223
494 154 119940
37 646 254996
153 345 329296
739 97 129925
661 685 747644
642 62 916976
41 324 100804
13 406 480566
131 164 538489
664 375 583129
593 113 328725
139 273 870627
406 441 28924
196 468 802816
482 435 773268
291 628 498472
681 465 773209
550 560 19462
390 777 698091
54 202 56104
160 732 423461
698 523 635948
430 315 344125
530 149 888138
212 550 804319
324 464 402272
443 371 996308
707 843 501571
22 98 67516
604 431 626363
295 519 540419
362 742 28493
762 20 149786
306 286 344632
623 288 141248
349 848 566261
719 310 732228
384 301 763637
249 288 192828
103 538 347471
77 84 491508
134 676 429123
282 221 973850
308 586 140425
527 500 60460
642 280 768890
189 678 708134
123 767 614215
241 218 232085
867 22 475108
436 44 755380
56 515 46597
565 411 5682
378 239 301584
404 358 432539
143 481 576564
110 486 133435
444 820 594993
248 195 773577
118 864 541995
333 4 190958
549 718 225809
154 454 940476
177 557 652249
6 224 899335
768 284 711167
627 49 438916
446 194 933468
348 744 464096
491 678 555137
551 528 794941
297 550 226399
500 557 847193
171 125 799238
606 789 997898
757 703 71755
489 494 151826
826 76 340659
233 519 898163
594 497 394314
318 365 184980
95 579 488904
205 502 715818
485 676 452667
384 318 809415
758 688 782309
90 545 685105
204 243 616160
113 116 877384
698 379 252926
416 23 241999
225 24 57577
631 613 686178
395 713 393110
611 274 701440
657 547 890514
793 262 301439
481 764 337826
604 612 994427
516 418 532750
686 608 371708
435 864 783928
234 426 580519
365 696 463413
147 237 247880
439 495 956949
754 687 537340
405 327 469355
469 486 650724
303 156 829427
181 795 10231
172 657 297242
501 17 425764
342 559 760034
73 372 667895
153 458 63976
377 277 703235
703 574 972712
855 602 739476
570 163 999750
752 154 117267
462 712 906649
59 665 542791
760 812 793684
8 652 578766
248 509 896873
389 62 709239
434 348 794625
175 505 172683
123 560 481715
595 319 762318
297 284 92736
855 769 510942
796 810 107452
773 774 804103
179 73 726213
697 747 303949
280 715 663485
268 315 129476
640 734 383398
745 170 107486
358 225 451143
630 642 661899
467 583 20250
168 47 104450
12 618 284216
470 403 385661
543 90 704765
468 808 348133
537 208 339741
692 372 701859
261 196 374585
464 422 524577
332 53 543298
748 606 51322
201 774 728209
158 447 459445
565 774 482360
831 644 620950
552 205 194504
156 404 211085
850 576 208757
435 277 900862
701 788 365473
473 787 477501
165 842 632540
349 192 20611
78 165 987246
299 437 437090
825 102 588098
528 700 522524
303 726 44180
639 421 254536
562 596 464872
764 223 473226
734 760 246365
270 510 855210
517 701 984592
276 817 394195
741 12 661572
361 781 227276
800 398 309687
401 684 69752
52 583 743385
454 685 485850
725 863 620316
632 463 507184
42 640 411807
732 751 2002
652 405 921821
120 56 99110
594 58 542478
10 667 178064
833 700 891875
647 815 207698
15 390 928047
645 100 278922
742 851 227538
176 456 253482
463 36 990460
160 120 435891
304 645 785604
832 18 647424
79 705 606238
234 794 969074
681 110 935662
514 73 787114
248 698 870655
294 475 966553
249 132 293163
329 164 80650
331 5 236787
665 554 344524
540 207 788482
209 727 866117
303 667 397111
40 23 974294
19 47 743373
139 250 869757
288 573 688981
573 819 720709
557 488 791788
434 697 821803
667 483 456690
277 268 555034
737 256 342709
576 488 223116
25 118 623536
786 90 207025
516 735 354440
387 240 302632
653 598 107518
275 699 242885
306 304 762877
837 509 20705
389 229 943661
221 154 842656
422 352 60783
179 71 351113
387 457 853710
452 567 350646
20 418 843774
571 60 942421
791 295 818160
12 397 377218
780 409 805233
255 307 422219
679 466 318999
727 225 632794
287 647 485429
474 544 90118
25 761 660941
631 787 615946
757 354 899797
471 205 457444
403 64 673053
654 232 821475
102 657 631492
196 767 528684
412 436 975630
507 641 59502
605 812 293960
255 784 835466
393 263 183096
290 574 9919
764 6 885151
264 164 306939
647 223 404979
217 128 591325
858 780 655800
346 410 185030
755 565 948108
865 790 754438
231 300 446566
500 224 509474
458 229 37944
797 580 490259
298 221 893712
394 718 887276
486 814 484639
301 288 851178
748 11 191543
850 541 221357
218 477 348598
190 276 291983
308 411 45734
830 718 760729
175 316 910313
769 390 7904
309 740 285653
815 22 761673
774 709 649589
367 315 770436
596 429 409767
137 860 547507
68 278 32169
774 554 55937
111 349 891658
673 493 170962
320 864 532022
508 865 369286
142 252 934108
360 499 153342
726 197 149790
131 447 559486
452 79 706330
836 206 472963
613 509 411290
762 83 539496
301 287 618818
392 197 251154
336 715 23833
425 802 343738
265 764 714433
202 80 568536
698 609 987245
81 818 396451
146 261 564632
246 204 451138
277 60 172574
19 31 324462
588 486 576707
736 82 349390
159 446 722066
695 862 921918
421 742 794341
853 744 519643
364 5 341326
266 334 445903
725 696 266334
420 479 843097
266 378 340640
397 845 663815
523 412 65674
445 532 725437
22 190 109403
591 318 348672
172 283 341906
589 501 627551
1 10 782758
457 172 409700
239 457 635824
390 560 888348
391 457 597572
288 795 324161
423 350 807064
552 201 76531
21 729 603635
590 316 805791
448 246 946351
363 141 775070
220 465 510671
347 154 624966
42 744 749464
73 549 676108
129 541 592813
153 511 900830
597 747 29855
456 15 213690
105 82 37201
584 165 220301
842 106 954942
334 119 391204
257 131 302174
228 541 385336
828 576 791243
835 238 117905
106 707 363469
196 494 227205
188 425 507011
606 35 396938
482 824 472429
693 836 178152
513 435 996563
249 767 540017
253 726 674706
781 574 259415
836 462 66977
54 8 282183
233 341 956224
790 193 444727
99 701 539914
277 741 567100
801 384 956963
565 25 881938
213 598 455542
791 373 827067
353 354 478121
166 32 29246
196 171 303546
183 414 687185
615 134 543856
117 831 533993
248 451 555519
548 573 98561
217 833 652040
168 276 168804
343 60 373688
61 609 994427
780 842 2491
202 102 351814
249 336 857319
732 11 689267
176 419 750112
831 743 570841
267 570 805982
200 747 862297
333 660 912505
446 385 184148
40 80 748389
825 14 515473
195 48 261602
132 580 316706
485 445 485951
85 289 501869
280 384 196284
274 357 502082
409 42 379491
129 361 983207
720 344 310004
224 638 982157
599 32 715760
240 754 745587
573 815 579250
206 12 597349
811 338 228333
367 55 816608
469 637 793101
525 822 817783
856 864 8305
423 524 243571
461 129 73980
693 190 180707
325 153 846353
322 349 406091
351 728 866882
761 5 769020
96 706 763158
754 595 377775
272 206 672554
33 286 660076
224 198 147944
152 185 346360
249 11 95211
202 769 666167
682 691 997858
733 638 529747
854 170 369285
220 629 499945
496 283 449897
483 790 821347
377 550 519819
130 677 915402
617 851 788108
369 474 182461
587 621 100882
334 9 288918
556 290 946642
77 124 381605
645 728 145620
231 87 35142
718 304 656135
634 764 691897
50 64 584957
690 631 701497
433 387 843725
67 130 366857
452 146 138725
292 375 618542
644 516 979509
515 435 37257
444 859 206183
279 370 812669
677 295 676584
731 70 830013
257 423 843053
521 545 508419
412 58 89679
590 758 84954
163 100 109026
563 753 529244
151 720 630693
271 290 960057
596 387 386304
410 692 226454
825 701 33189
761 80 188528
64 653 84436
320 655 317288
467 259 962531
383 566 282732
833 251 399982
674 805 862544
775 310 7537
393 726 891479
387 441 942026
101 669 256327
356 249 450754
845 409 907397
391 615 593223
566 577 422940
431 509 388592
510 725 141914
70 79 487238
442 325 746944
292 241 526329
44 250 828774
819 371 853733
351 848 133809
794 462 880059
412 664 276774
631 821 919137
641 398 344198
729 486 32304
269 272 454285
383 140 509934
65 328 443171
597 863 582701
137 393 317434
826 224 43843
825 27 504636
617 296 320006
567 769 725799
495 800 653938
810 737 19834
675 797 464486
761 328 305124
18 151 697267
658 160 828047
502 284 248544
613 409 946761
251 344 986224
256 250 515216
587 582 845826
563 167 426546
32 861 795222
356 681 157750
866 365 364313
670 630 804102
404 498 35103
332 420 931084
404 90 33260
364 581 569100
263 323 817902
161 169 259489
554 790 595460
669 210 144094
304 476 828647
824 816 414720
446 853 95226
473 151 650308
414 339 953586
676 790 14268
322 836 236015
321 230 466680
123 358 266158
6 476 6027
17 396 819390
18 482 867759
650 122 935793
29 786 959813
528 380 479595
784 690 549930
107 597 952098
434 252 979989
343 434 367550
298 347 169156
762 291 976807
587 170 401575
20 272 190734
196 539 809600
862 142 125198
21 508 18107
322 764 870190
725 578 98351
671 688 815822
172 133 600722
20 349 103911
160 673 673542
622 280 302214
374 787 476840
528 473 767638
698 0 35660
668 818 938180
315 482 751794
139 247 904009
438 221 26489
364 795 644489
493 357 458804
488 171 200891
471 814 213382
225 860 802035
311 283 280823
260 586 378544
96 387 700713
333 768 273695
291 639 319779
88 69 678915
220 768 999240
826 545 709699
370 14 29918
251 546 702793
189 328 69563
18 397 3585
579 715 586344
594 270 516311
81 82 46419
544 557 424314
4 96 523054
261 773 583970
626 243 640235
694 319 959174
447 853 157121
796 513 448061
3 798 658277
408 135 19828
474 638 127103
725 678 489171
185 664 410637
782 403 125626
90 778 83614
429 706 79315
809 94 532090
161 21 273824
313 466 957098
136 666 604068
628 357 722509
202 822 750462
29 702 985159
466 711 872442
197 486 290705
34 226 21291
738 795 8724
596 493 920313
781 152 374256
446 602 517305
821 707 172242
219 470 32759
859 607 641355
612 630 280183
657 607 493262
763 603 105353
390 141 406177
420 751 571791
733 109 694472
232 606 107511
570 867 38143
687 61 610747
375 476 129711
819 486 728922
352 501 170077
469 671 991196
179 369 108583
843 231 439473
104 449 308473
31 112 142651
823 37 215113
150 618 903479
615 814 349295
44 130 625706
767 244 258416
150 766 910008
199 749 179118
333 815 184071
655 100 835820
699 145 132298
688 639 124096
530 755 234491
96 413 380848
405 268 418809
318 639 545487
435 325 425747
849 251 326825
822 154 829951
789 104 748317
613 290 420363
812 261 912515
836 748 23240
652 241 548165
486 238 219508
285 359 479442
773 138 519731
140 170 681001
673 836 957768
602 853 757767
654 472 91931
122 227 490152
404 516 18881
68 384 229812
29 586 415787
155 778 379488
610 131 410193
194 645 883258
352 547 872257
728 195 635955
174 818 469221
672 690 152764
95 86 618072
37 140 325671
385 41 84279
748 79 887742
480 38 574809
525 794 28613
182 581 950889
198 857 302948
700 166 217628
796 163 928509
39 455 326277
314 323 428316
866 298 162324
476 309 838511
442 461 843877
656 749 886428
612 201 394407
247 218 775050
533 460 281535
767 647 254689
27 642 406169
171 196 573927
10 723 855921
599 756 493893
56 152 350858
96 530 701979
325 116 435028
26 254 739827
120 656 912563
765 435 304183
812 634 353129
199 207 640646
459 570 694462
748 202 902994
139 866 537212
612 551 815913
501 476 984037
575 486 554371
283 837 488761
716 669 139471
728 81 883990
772 737 888690
696 332 247691
583 762 83595
384 64 691348
302 376 277855
291 321 986942
388 349 458275
795 748 306901
184 185 427968
126 639 262921
555 499 305070
537 550 537447
3 60 269760
837 184 807880
264 640 832040
43 699 577225
201 270 856834
651 375 233788
509 791 419175
359 0 50129
136 245 510303
210 850 401917
352 28 917631
255 525 832055
520 799 281712
654 219 106282
479 762 630490
791 176 501036
494 395 30754
397 422 455371
35 470 444711
788 758 103870
478 595 52277
850 648 930765
158 195 298159
819 242 747969
564 286 891847
845 117 770010
509 819 273940
23 715 988158
623 475 127073
793 579 922595
785 140 512401
44 370 489366
488 748 125670
814 115 830270
293 149 714860
619 119 136144
826 750 692742
80 24 380221
154 68 626768
16 810 652672
191 17 984238
646 282 987729
540 512 654343
377 138 692254
807 679 103199
246 795 426196
78 438 624342
818 194 985473
747 760 542323
808 213 769696
477 756 956842
307 124 518204
518 851 199427
611 238 986088
304 783 768594
616 402 61658
513 587 552140
281 420 313112
664 381 138286
118 359 599935
494 804 555431
537 774 417344
845 679 244964
240 42 834700
669 255 57965
838 314 191291
399 418 774213
256 667 766871
95 274 762382
568 404 39032
694 816 968697
321 758 360780
596 363 976141
714 164 788655
150 37 533830
139 673 482220
683 168 392536
243 713 511220
868 754 353183
731 724 19926
480 169 141277
280 536 380895
841 21 1893
705 230 864492
457 672 252315
384 192 440368
844 489 375119
785 135 956441
211 155 464346
292 248 39985
644 579 19086
91 592 843418
212 66 426625
203 678 108208
866 97 489110
196 133 845547
143 310 359068
592 741 944836
268 680 645242
264 13 971783
113 622 939030
84 54 15377
815 860 979906
260 729 147808
135 465 613629
341 263 968542
823 794 62537
31 711 832432
728 421 605991
804 425 227329
198 673 491359
375 228 553617
779 42 667449
441 297 318758
550 769 111390
678 101 65576
527 504 593238
691 779 319167
442 487 521645
707 432 115863
376 699 493600
706 723 799943
538 57 13785
779 123 379474
246 578 43694
179 183 899002
572 582 579956
795 857 883703
386 725 627273
796 656 307834
599 295 255366
818 845 192080
609 613 702997
449 277 808786
710 834 119283
140 639 777321
58 558 227743
83 498 407696
104 48 178080
318 502 105571
474 181 276792
191 679 569327
680 504 757385
809 727 357507
613 257 195239
834 430 632006
447 400 896003
635 844 855093
599 186 167909
519 202 872504
640 622 697008
555 765 193966
453 105 439595
633 402 886010
349 301 267720
328 153 194508
541 675 224250
866 473 20463
506 741 105693
288 609 229263
352 9 150046
432 56 135441
278 401 834293
380 787 855186
473 297 707574
413 797 121506
110 834 492450
748 410 210063
505 26 106365
608 758 659586
407 308 2465
529 354 467149
850 706 46880
770 866 754468
687 192 113492
239 388 366760
596 201 647784
381 395 873094
567 772 711004
838 768 435434
247 543 618733
489 413 407521
80 83 656377
55 681 39439
197 371 927775
55 559 247880
459 635 31389
171 629 79206
147 667 842351
666 658 792535
636 546 308245
339 295 148758
645 517 980900
346 78 931160
420 277 928871
548 831 961117
410 237 516241
80 168 177170
586 642 686693
640 361 547820
826 432 633635
261 805 515746
632 256 647967
345 792 977875
162 23 829372
729 660 778308
597 167 124871
250 390 355465
479 795 635641
355 333 682811
20 556 984269
737 422 912374
705 477 791813
332 766 980233
136 43 731143
310 413 305983
692 697 482244
422 781 57499
174 383 410450
529 584 412877
835 840 256142
176 203 80129
213 126 664062
426 464 536949
824 726 954808
154 678 65587
229 272 465458
845 151 310517
291 532 53142
591 809 136552
428 670 524590
464 646 579888
709 660 979323
703 258 225526
865 71 322762
700 413 516444
98 125 709839
458 691 495117
816 413 584239
113 110 505984
28 405 92573
695 181 719646
612 425 679893
359 275 37449
71 323 338808
237 865 271762
719 444 311945
48 842 832929
850 673 33008
348 303 797644
304 127 734504
180 719 941800
258 209 761196
162 534 831859
173 694 68728
324 752 968327
413 860 863505
66 93 726193
70 572 549788
619 467 342127
56 543 69603
697 763 505706
868 783 810607
15 824 658310
459 49 354460
563 357 822954
413 511 19532
478 443 946994
149 719 177316
339 401 143056
855 587 251066
277 279 140432
181 4 255628
606 509 835608
464 545 727208
198 444 340150
704 208 264280
424 399 147196
415 605 550669
423 480 361361
458 85 467768
145 365 514212
503 664 46006
548 821 588273
701 422 360702
492 641 509911
238 491 449381
1 625 296773
859 252 582677
236 298 740028
720 322 127252
639 190 236565
335 213 65692
401 579 368498
585 115 352139
815 363 327962
441 662 231560
111 588 139601
134 310 153113
341 605 991692
435 383 330626
222 295 125097
625 337 767028
703 644 878824
685 312 941084
361 573 288696
665 269 735353
196 758 644937
623 280 981895
320 281 807257
482 787 57631
146 469 889401
600 715 458701
729 773 101513
230 781 151981
606 333 400583
259 529 310002
749 825 383202
319 585 220960
438 59 589909
198 389 197230
475 820 813206
508 350 444104
665 502 499072
397 273 737336
77 690 678407
247 589 509315
450 51 551506
443 671 46110
439 841 108522
311 167 803958
519 858 469511
535 665 338831
291 206 429257
668 499 24738
308 593 766131
280 623 670993
559 642 551856
493 20 467126
387 662 255729
190 425 201919
657 211 724324
794 98 184387
172 377 314270
521 597 812388
551 848 596911
52 160 588504
803 840 59842
154 777 522392
518 39 42753
525 486 773138
661 590 159049
367 135 389207
852 285 790904
822 28 943653
652 199 447932
857 302 809040
123 254 847159
479 699 395514
783 331 472641
206 723 471041
29 215 175920
448 130 355149
213 378 951079
674 116 410891
753 769 485677
78 550 741123
593 368 358025
641 803 837210
250 703 99959
425 102 636080
199 84 263881
471 8 667704
553 784 273686
103 632 812136
514 555 274964
65 710 401632
40 364 557484
455 545 902707
499 789 362928
96 738 74636
435 729 657436
615 78 332171
308 361 247171
863 434 412686
102 94 700853
97 588 34409
813 336 955045
127 23 597365
710 591 781870
159 145 770460
102 524 580699
239 712 271511
260 50 921317
128 55 405021
72 622 552879
348 403 408231
239 149 752569
389 105 254336
84 245 884850
696 740 501691
255 206 89547
834 793 399393
434 842 248594
705 121 294967
398 538 503094
268 592 252510
861 593 158287
709 475 280009
754 449 64892
309 6 365980
97 699 207220
768 345 218239
776 674 242008
864 730 791863
762 732 515594
461 431 355585
670 145 589270
532 204 496519
483 80 402239
678 527 497087
856 808 92946
37 538 769935
9 413 853082
276 249 304314
395 354 496299
47 311 12088
601 819 554525
566 337 25988
791 10 404294
46 700 63140
839 786 940454
741 117 631909
86 80 485897
102 471 166987
809 49 828156
131 218 793553
61 755 23244
623 491 42296
34 167 487942
412 550 590437
462 13 1715
71 214 388224
806 458 450952
54 532 473287
289 745 108210
636 31 339496
165 526 329339
501 246 832014
308 834 199561
102 386 624015
17 386 499757
167 237 52724
588 494 278326
669 557 702927
838 509 477869
753 366 912069
841 718 549504
468 821 212363
721 839 510459
207 775 401091
660 826 496457
535 329 569594
55 493 325609
35 423 337908
336 98 507465
807 858 826151
716 443 116765
443 284 527762
220 661 888853
229 759 183668
334 500 146968
775 381 865764
611 435 516314
740 516 663362
615 316 947889
864 388 336310
805 295 706391
565 320 4956
811 291 565422
840 645 9046
568 398 385784
428 792 760245
850 188 404558
139 715 732021
17 303 735348
31 104 203141
471 462 508317
529 527 86837
21 229 650562
558 222 470213
68 407 249413
112 778 767654
724 817 516144
425 465 137010
651 317 692825
296 4 7401
846 296 502570
614 418 893099
683 485 866414
358 541 112965
742 334 986071
334 473 541942
794 5 154668
537 84 315475
156 416 420696
510 292 999830
148 558 911158
9 670 311788
813 101 123717
248 128 459620
242 716 449806
626 153 455217
27 742 370173
9 288 288775
149 710 839712
384 313 292772
3 860 352942
486 803 514263
87 6 818058
645 633 339215
841 199 718909
583 363 468325
475 550 764009
841 214 788335
675 28 818953
481 164 958992
291 758 421167
711 191 265960
299 763 203056
656 677 979213
123 191 670608
623 198 708074
532 531 735343
808 793 272190
550 483 448971
504 433 585605
805 215 736478
653 450 186977
163 285 260591
82 445 869013
353 420 840438
324 569 511695
449 543 483413
32 186 497124
125 223 628707
387 329 959945
290 0 963135
349 760 944551
111 778 578926
317 363 879231
523 717 802177
294 324 271504
838 689 930055
412 813 270009
809 671 368587
158 608 641432
355 173 791038
445 119 692619
144 474 533323
324 14 431698
721 69 962685
764 274 840522
293 678 126341
439 835 203641
278 27 959569
445 861 894296
50 712 871303
562 108 692288
461 745 595689
603 360 911861
315 424 453665
508 397 996780
665 303 679068
401 201 913467
835 718 645508
480 317 135170
460 384 158542
776 318 314411
383 264 590293
828 99 954164
491 232 124518
681 145 585467
448 136 361395
188 303 812282
520 657 942352
847 842 578452
771 287 591248
224 731 472760
204 750 619449
203 206 354613
517 16 495593
302 705 188884
552 752 181664
168 80 957690
503 264 501960
300 334 48561
696 321 529797
377 118 335474
559 259 662735
321 783 346979
832 736 200785
807 23 715735
768 596 40264
636 309 739569
437 192 410892
797 859 372115
81 476 355655
91 242 198969
441 202 969830
471 443 61223
500 727 524512
586 580 78748
722 61 928361
756 85 575961
559 77 926575
335 758 75640
474 93 290224
703 740 303262
421 648 675317
734 773 737381
615 201 448298
183 185 838647
301 95 48185
190 364 565213
580 302 606637
41 419 789547
847 59 996026
566 412 75166
478 848 806499
297 459 426553
218 769 819547
317 258 193000
275 371 119896
373 149 153713
52 102 529873
332 868 150574
771 192 856005
393 172 534503
653 543 427272
303 413 507309
801 57 901051
801 230 920679
598 427 192013
198 549 717190
659 591 814925
27 852 51420
168 454 115695
711 461 432411
369 323 351538
294 861 694469
828 782 414055
848 305 378469
349 529 404320
747 338 414873
30 172 653978
618 144 189484
277 717 172870
702 525 236708
263 632 448815
166 769 146642
636 179 584750
672 380 54171
653 192 422329
680 346 999430
403 774 839955
43 768 796969
208 456 94115
504 696 594386
834 773 63283
268 622 759767
292 213 267640
0 25 223830
749 625 291174
296 349 791522
716 697 504104
319 672 69125
239 10 991287
380 151 995326
429 685 456367
657 676 38286
763 329 352195
355 446 481057
327 21 206505
348 863 189141
127 576 592965
531 132 948126
418 462 715765
707 325 218540
566 644 691643
21 220 474750
392 10 638143
283 130 191430
418 207 797268
268 167 355150
217 207 308833
53 150 860209
382 420 853390
693 47 938577
51 505 772808
733 526 271392
420 185 722287
145 469 885800
242 38 627846
387 343 166200
831 541 818865
426 830 811481
573 803 100119
603 542 195217
719 824 302063
604 70 377918
834 581 955142
85 564 132017
214 27 804855
770 100 91681
656 393 818678
552 679 25666
34 703 62842
844 394 127145
515 139 192231
30 0 154483
18 47 983516
535 169 562126
636 548 151157
626 124 261298
595 298 789763
595 272 432408
514 614 354788
475 755 487380
371 578 184737
393 104 889892
557 491 798645
550 603 317527
342 153 648236
780 830 65590
807 766 336631
289 609 886657
620 539 37831
763 865 754463
336 797 40884
682 387 49351
488 557 751439
6 157 488321
682 728 717496
837 174 323808
658 643 345633
824 602 505226
620 757 482839
222 362 551119
207 257 186677
702 225 417867
479 263 953298
92 368 744921
332 428 918432
320 308 690406
407 63 797965
54 503 249652
779 17 567005
540 762 154110
75 574 531666
487 150 723899
497 217 238259
127 277 425454
304 351 103698
805 344 38505
460 864 292371
233 866 185707
166 536 312598
572 79 665502
318 244 742446
371 798 422818
239 448 196998
515 664 94476
97 68 106263
12 745 412875
617 91 429307
307 617 703831
761 46 363365
366 776 676485
616 314 319307
495 391 359299
589 23 968476
820 184 717976
43 733 231628
708 758 538278
859 179 515490
508 374 505753
127 58 782440
755 58 569851
546 109 107473
609 774 783396
463 847 37072
265 589 441294
863 411 220928
716 745 948808
614 697 72828
106 741 572303
331 719 763992
635 160 838006
365 18 3616
48 219 725430
11 535 819018
768 626 365356
410 74 855220
444 402 422764
445 350 304118
475 533 732593
792 455 794952
722 820 558577
361 332 271863
9 343 828705
267 177 38456
290 435 604443
523 790 625315
73 464 449470
102 541 339172
800 311 189025
826 485 226062
433 708 500864
675 632 8514
596 205 262979
221 231 87840
733 658 44211
867 548 39471
629 521 438437
171 8 843120
610 265 693857
690 448 540974
848 600 969338
506 578 248650
284 275 113270
114 562 22279
157 619 847277
90 203 359301
257 690 592538
341 477 907546
343 837 301012
261 742 454012
408 667 188240
239 792 361755
636 620 991241
850 16 789971
528 183 45759
829 684 472489
470 697 951091
591 655 923444
603 70 467909
150 611 77703
205 308 214665
56 327 775115
720 572 800673
468 589 391604
96 737 701191
376 851 243190
829 585 859294
66 174 246654
179 479 78267
246 705 405343
345 634 990570
715 551 370583
17 475 219688
628 224 43698
372 736 941216
470 231 470332
483 528 998990
54 27 761060
388 249 881479
5 415 748883
688 251 138184
626 400 6357
326 302 100982
115 405 233
496 168 748707
9 235 817210
635 706 550063
684 599 162118
517 218 643486
365 497 528454
67 453 356821
653 398 39523
528 851 322715
787 603 112411
320 29 864546
151 269 853825
868 707 841224
739 786 809725
686 715 682412
637 160 612728
385 453 60958
423 591 318004
757 645 67137
822 672 326025
264 219 804661
854 276 841443
775 176 96659
815 511 145528
421 536 421756
508 95 165573
493 239 385989
277 0 165799
74 119 913976
490 143 248051
719 251 766984
387 232 622488
371 553 906651
552 461 570007
185 623 243148
207 409 772966
79 299 888368
11 537 746543
174 562 440287
844 547 536720
445 763 682568
224 400 99492
713 221 504262
111 421 493489
56 867 280535
777 379 884309
538 277 463465
437 639 581606
357 647 33096
740 704 451602
528 128 825641
483 324 971620
429 185 913559
836 46 548570
217 666 750942
257 452 936446
37 426 439270
6 389 582219
525 483 83384
610 691 761332
647 710 299255
429 678 530525
36 166 586746
517 66 103886
354 50 766050
499 311 574374
434 96 121365
438 634 533563
477 152 269543
807 246 115675
413 708 705797
522 691 777876
402 43 812057
405 176 770905
442 658 284867
629 97 341850
208 629 452008
42 169 243164
87 34 372683
284 97 877411
58 68 25967
647 278 531879
128 60 628217
313 88 86885
0 393 43440
509 459 35133
661 557 971010
147 334 766072
417 249 631201
429 259 345602
29 505 252746
849 379 35853
322 359 299616
233 810 972938
539 655 918737
167 87 673231
511 132 96959
748 723 373537
630 671 633010
759 349 962259
438 303 154965
515 251 962525
712 429 494520
443 338 209345
31 434 191949
601 751 787110
294 346 708805
589 128 502983
516 220 166974
477 624 967216
271 237 465866
277 181 308553
46 791 530727
524 426 354723
419 117 122619
355 148 213551
749 280 987315
375 527 504035
197 807 945451
442 328 344340
380 205 677073
388 555 269314
697 254 790974
692 341 267886
850 375 734637
855 705 719738
174 286 66054
634 24 799684
163 747 864757
239 753 355590
363 763 120483
339 14 71919
785 270 633042
4 539 133240
458 612 633365
856 145 567970
507 264 681088
1 536 719298
139 664 727127
594 141 357017
31 369 39627
381 784 520312
548 669 513660
637 834 251405
100 309 740814
91 839 15826
614 318 774617
834 322 904526
853 782 669682
828 785 539356
213 707 637194
378 664 620177
263 226 944953
468 380 491148
462 269 302037
121 621 940426
301 812 114964
685 567 852862
342 754 958136
28 80 483417
556 523 470136
553 318 209279
390 236 407856
351 326 398307
398 589 574009
811 449 457303
804 541 926829
460 646 385851
634 337 352802
33 436 291732
812 521 42449
457 595 171645
795 814 350595
276 169 922359
4 168 163086
671 223 237902
72 401 875242
57 679 758988
353 153 126514
803 647 880972
327 794 114049
353 1 485911
204 811 449174
107 798 999425
159 758 962618
766 675 72478
513 311 81631
182 35 682568
389 289 799494
10 61 328523
209 98 766483
227 535 100877
309 829 591711
174 483 649477
563 98 490056150093 -770892 -652736 147241 228713 524789 -363410 338950 -690218 -544877 -727502 678216 -192709 -509325 539352 728876 -34290 491247 -887324 -427456 -145244 173131 -18079 -610978 851766 -276859 -918861 167109 99016 -320289 214534 -336666 292587 -157391 -590112 146685 -218175 765718 959254 -540155 808323 -403604 -628869 -696153 180775 782522 -14089 666746 -663879 -375128 -145286 -360635 -499194 -755125 222288 -916311 849599 -135049 53920 -953440 -476725 -837917 -290309 -331318 455502 144308 -951150 -844206 976992 243859 193358 -208636 -468698 629321 945568 -980030 -763986 590536 355961 -738666 156293 325324 -185623 -945571 -738444 -934751 972416 -253957 357625 251105 316106 -303018 490655 -803958 -851001 -536867 -234610 43277 126504 102782 209372 -109081 451987 823539 671778 328614 -880482 784022 22992 810254 505281 674817 -10839 601462 -170381 954538 242639 -200245 26311 -322771 -325167 -825756 -69149 429868 -207422 -239730 456369 -209610 -625534 950214 303258 901367 651708 -419082 571193 384478 311703 -671607 -623640 749362 365671 -7987 11553 -286193 44511 -255765 -341901 51916 42759 553815 701060 -134593 813504 411372 433759 -242376 -413159 687312 -607331 976006 396113 -153377 672037 -988017 -462656 -883170 710053 -567553 617321 -599049 287460 -486696 -532346 -113686 694068 -80713 -144067 299384 -74463 -250715 -518523 -360052 -896397 95381 35570 599878 768231 -832425 23566 911958 615181 103712 -387533 502722 -142106 -3579 -302101 -996607 -833842 6052 855464 -640195 -74054 710441 -333477 815099 -293735 210768 -431379 -707994 -462385 -544050 375530 -489942 535491 24640 -303383 290106 -875517 834440 269695 95101 540071 988055 432038 58832 -187501 222363 430881 625597 810251 -289658 565914 -169551 -491928 -235215 -579480 -555969 -299121 797842 -244325 -78761 -917823 791563 119658 -618998 -202122 -686329 -870376 -850000 -941802 -410075 646891 -826803 91037 776036 -310131 -214046 -339008 657883 166632 229705 -817535 386293 -780218 152665 431604 17427 -937499 477276 -962778 -594135 -258402 -932614 -43096 -470174 -882019 550462 803482 -175458 -201177 463469 -12217 482127 -140037 -43234 720931 608203 -9509 -567161 739284 -470852 -946510 694584 -700343 -122111 -125081 327583 206042 -627045 35308 224719 930036 -332117 -768029 170303 -55354 -291829 -22684 884713 13317 35569 -71841 -61262 634773 -528955 -441886 -594235 -697636 319083 465042 -497717 681456 -570165 -711088 -651100 -418984 800681 804746 -284150 493351 94373 703805 7624 337011 44363 -633082 -250256 -934712 372518 -414583 531163 129075 813799 -661141 -814017 -857587 815141 246047 -58091 292370 228770 -976495 -623004 698861 -514497 210970 -420404 -849404 -904786 915898 172326 -631459 -385725 -913167 -962910 970849 528193 -58737 -217837 627191 -238719 -591064 -928344 -333281 -241884 362954 16769 -632024 -477862 -846054 767267 -510309 -379819 167712 139188 548070 -101544 872198 -555440 611846 225318 780792 652006 175984 132408 959214 785131 798420 -369964 -942884 -66357 -316029 428448 -771137 828069 -275858 -443481 -219047 -534779 53807 409385 209024 563944 -694093 872655 -140526 -955623 -225456 -907504 -190545 -239126 -259206 68655 -466671 -647967 686505 -107723 -595808 295380 -71877 -737106 -617287 -82070 -968881 -171950 281215 779772 758968 -486314 843292 652928 955512 978281 -840896 293405 -744706 -718902 -585471 -715902 418303 -850329 564897 683977 998643 -570212 -352210 -338266 -184762 446928 -212707 -875267 343790 -803598 533703 897858 922628 84637 627903 356577 126364 -743867 -254301 757012 387585 -39119 745621 -213156 -80534 -163813 914068 -839370 -342453 -759881 210806 670383 -955835 250641 166325 -533629 -241479 283910 183975 325268 268755 -948126 -47210 -717697 818332 -561754 -846786 -422135 9753 913586 63486 918296 -661547 705631 881034 938631 -317659 323726 448179 -911768 -151693 -194554 192048 597422 -946184 -552365 656938 -782458 -8706 -937527 902221 -680270 -846922 -712323 -113746 -492041 390477 940007 555465 250365 960883 -561045 -996827 444477 -70874 539229 352415 399782 33211 636266 823653 270883 974031 -662831 727836 -690060 -59508 -654410 991887 800209 735849 -497504 326676 -233445 -873803 -56624 3085 -157336 -497927 -995964 -193137 857266 268018 545149 -574537 -179877 -134348 -469247 379750 743229 -716627 -860881 -824212 874033 -786420 312614 647549 519430 408014 -374062 -96916 -707653 118001 376750 121432 406902 289616 -496246 150530 83013 682791 -947585 -154710 -313355 171273 -912867 -518621 -419348 598620 -140714 322250 -668939 -551698 -853408 -393776 996303 -121644 833993 -393461 412797 -321679 -963241 -699900 -272843 526634 125516 432629 -772398 812887 -390443 101304 -895155 -650144 719325 295454 501073 -987239 -967434 -968352 -604407 101465 209915 842675 -38029 -15840 871949 720543 134344 -89576 816346 904445 -791807 42523 800396 125100 -103064 -227837 -751793 663550 -163655 -823788 -192196 -50209 -565438 214363 -762951 293911 332323 -430762 -482914 -628017 -828353 253282 172955 -1706 -803675 -336147 -162273 122900 -732903 -280426 -392897 213027 551312 -285100 843766 228404 962591 -805873 -30640 -2998 427512 292118 460669 919237 -307410 -385022 -441759 608711 951937 262249 -620800 565551 783793 -414075 131753 132306 912387 -3506 202276 -158135 632099 -212712 -502203 -635295 -348422 -267851 -594638 794410 -525558 600686 -302054 488409 -171422 154292 225101 -297709 -301456 75292 619411 585742 -18387 55541 965265 254604 -16998 -231255 847698 -192860 -691626 975151 388163 75043 -475303 -816940 805893 -948336 -250464 -126856 572496 223173 475645 -74808 -70237 -514469 519905 501340 -475852 655854 503385 -697883 811987 593737 -211925 434466 707049 -4681 -253294 -584329 -711903 595354 -196223 -500698 29879 986017 -872448 -229218 41290 128235 282258 -923047 -140345 323070 978933 334843 -16964 884297 702356 811122 -840945 -9269 -810805 800655 217255 -743671 -665465 -165282 -218570 832183 -739274 -932701 -489175 -677588 -930388 364077 505055 -364692 622167 -947546 -309404 122668 -704243 639361 355634 -630125 -112120 -272944 -923426 -147301 -76810 904196 558223 375349 -713218 -457396 -973136 -175210 -576301 180728 -400983 -911402 836358 541714 -854557 131535 956920 600328 681049 -266680 -529291 734052 498083 -366319 -623902 -633410 -63565 -361019 -114128 937278 -650992 -386867 7978 -863570 359228 -507305 -733590 155995 -905490 886062 501669 -448087 873819 270095 -559229 -336271 -119226 674229 952912 750122 677747 191160 561672 -652425 -103968 -861798
718849
