402 855
214 149 567588
149 236 995197
376 67 996203
62 167 290540
61 336 574911
225 62 226887
284 210 514555
191 387 92056
166 284 237197
217 353 586620
249 140 95742
101 182 330904
10 156 227061
139 197 823271
288 123 923711
229 94 880358
397 324 92258
160 38 701626
227 68 942660
182 114 301526
70 129 235671
131 9 69180
232 273 36457
141 341 560212
291 74 94880
371 322 514210
320 195 992609
209 395 854181
138 169 857069
180 124 5767
108 336 384933
339 195 801545
137 124 551580
267 184 435540
27 243 973172
292 207 475233
44 11 612877
141 274 219292
138 80 367121
253 273 326480
315 1 577789
165 212 12121
256 111 198827
358 181 526124
241 182 645038
131 134 526868
325 196 915901
31 256 403925
243 10 232371
324 274 839768
381 208 364585
312 168 284261
206 102 162949
252 161 536029
302 20 177796
272 35 856560
239 60 632210
363 72 622890
12 277 588644
86 212 860556
15 49 17589
89 271 95136
384 390 190877
158 155 122829
122 120 137254
155 106 151316
319 384 623414
48 387 663606
147 50 274507
92 91 814577
204 88 569213
160 281 490124
190 224 41016
72 321 949260
401 238 962498
218 116 501483
272 118 883802
105 362 835997
27 387 661578
114 26 532420
385 108 9598
179 366 392548
217 47 222171
228 129 806917
385 371 852952
355 262 442425
184 99 29223
333 367 689394
193 164 430055
12 78 408219
122 92 37441
277 85 197735
219 285 476976
215 55 155118
224 115 957236
40 254 519457
263 101 659632
68 78 959787
151 160 317944
400 29 69930
2 362 702039
142 94 969155
345 116 117559
278 340 387193
302 82 13521
230 385 483122
324 124 855781
347 93 656314
367 155 860624
75 207 760651
301 19 443219
208 382 92527
106 91 16494
128 62 56313
196 225 668079
202 40 512912
79 130 333214
202 127 442135
153 190 411438
396 60 48835
125 334 415824
395 104 397065
288 278 734752
300 112 37168
233 266 868913
241 96 939123
92 376 14121
329 171 389694
319 218 64435
329 244 733215
4 397 946868
98 197 994861
30 214 604177
73 321 149037
341 151 219835
164 150 177178
349 163 401737
310 353 838035
307 45 6722
152 350 813627
271 127 685019
266 16 237163
60 104 329515
140 71 228518
39 116 213644
268 94 13072
402 316 885801
213 340 795587
149 396 734691
201 102 195907
181 230 724533
331 224 326605
209 175 910377
368 61 633588
317 286 779547
74 172 980514
41 272 545668
117 155 714963
381 258 10528
154 36 334189
59 299 143374
15 107 838185
264 333 100669
279 294 350797
236 24 880176
282 320 74202
340 201 727410
148 32 445660
56 210 149656
249 136 168821
394 299 432002
15 239 594332
83 206 501225
327 130 989694
272 314 426868
334 339 340110
339 120 81320
205 242 487085
37 192 627868
35 274 66978
44 76 873018
213 261 115263
254 71 866975
386 126 829116
156 276 334823
92 190 446450
14 382 797563
76 353 807640
34 30 92162
128 149 752234
387 217 754815
114 178 298353
161 386 652194
347 313 289101
4 359 926697
359 182 357140
379 180 835903
104 48 508075
182 165 770757
365 392 287255
239 182 470903
170 263 708434
157 82 664303
200 236 482920
237 336 141914
33 37 487238
205 151 746944
136 112 526329
21 116 828774
379 173 853733
163 393 133809
368 215 880059
191 308 276774
292 380 919137
297 185 344198
338 226 32304
125 127 454285
178 66 509934
31 152 443171
277 400 582701
64 183 317434
383 104 43843
382 13 504636
286 138 320006
263 356 725799
230 371 653938
376 341 19834
313 370 464486
353 152 305124
9 71 697267
305 75 828047
233 132 248544
284 190 946761
117 160 986224
119 116 515216
272 270 845826
261 78 426546
16 399 795222
165 316 157750
401 170 364313
311 292 804102
187 231 35103
154 195 931084
188 42 33260
169 269 569100
123 150 817902
75 79 259489
257 366 595460
310 98 144094
142 221 828647
382 378 414720
207 396 95226
220 71 650308
192 157 953586
313 366 14268
150 387 236015
149 107 466680
58 166 266158
4 221 6027
8 184 819390
9 224 867759
302 57 935793
14 364 959813
245 177 479595
363 320 549930
50 277 952098
202 117 979989
160 201 367550
139 161 169156
353 135 976807
272 79 401575
10 127 190734
91 250 809600
399 67 125198
10 236 18107
149 354 870190
336 268 98351
311 319 815822
81 62 600722
10 162 103911
75 312 673542
288 130 302214
174 365 476840
245 220 767638
324 1 35660
310 379 938180
146 224 751794
65 115 904009
203 103 26489
169 368 644489
229 166 458804
227 80 200891
218 377 213382
105 399 802035
144 132 280823
121 272 378544
45 180 700713
155 356 273695
135 296 319779
41 33 678915
102 356 999240
383 253 709699
172 7 29918
117 253 702793
88 153 69563
9 185 3585
269 332 586344
276 126 516311
38 39 46419
252 258 424314
2 45 523054
121 358 583970
291 113 640235
322 148 959174
207 395 157121
369 238 448061
2 370 658277
190 63 19828
220 296 127103
336 315 489171
86 308 410637
362 187 125626
42 360 83614
199 327 79315
375 44 532090
75 10 273824
145 216 957098
64 309 604068
291 166 722509
94 381 750462
14 326 985159
216 330 872442
92 226 290705
16 105 21291
342 369 8724
277 229 920313
362 71 374256
207 279 517305
381 328 172242
102 218 32759
398 281 641355
284 292 280183
305 281 493262
354 279 105353
181 66 406177
195 348 571791
340 51 694472
108 281 107511
264 402 38143
318 29 610747
174 221 129711
380 225 728922
164 232 170077
218 311 991196
83 172 108583
391 108 439473
49 209 308473
15 53 142651
381 18 215113
70 287 903479
285 377 349295
21 61 625706
355 113 258416
70 355 910008
74 155 179118
336 304 939140
54 324 115851
50 319 167501
95 246 735548
154 45 869658
169 188 475855
220 148 308480
172 202 735850
132 394 374756
334 381 289160
301 366 178345
169 284 120729
367 376 334575
10 387 301476
221 302 861063
89 226 277798
193 133 274179
209 358 413375
274 65 159677
385 312 196489
305 279 962859
37 303 982507
197 57 543377
8 188 261926
93 32 594635
168 14 442756
153 73 675170
165 283 896550
355 90 150868
351 164 743293
256 338 630315
189 81 224933
62 312 942228
249 45 794735
131 18 99196
34 179 162195
357 347 48286
232 223 91668
12 244 43869
383 85 914534
397 88 669459
78 374 806670
76 132 916469
211 173 45952
150 66 361614
139 338 997301
144 340 548101
214 357 508777
347 159 755948
94 312 704628
102 114 284534
214 103 614075
300 164 882974
298 231 31953
92 345 197806
335 199 12477
351 142 689490
71 283 65447
246 175 111335
54 298 375061
118 367 30325
304 123 138222
202 142 881244
294 258 935565
96 280 229676
265 363 529050
94 216 861603
401 328 160627
255 396 704801
221 223 577089
225 197 662663
388 57 325946
310 356 825205
38 358 838381
342 100 889323
154 34 801919
353 278 671354
30 112 442177
175 397 347711
149 185 335197
162 124 447611
347 173 915125
86 106 211866
296 123 145864
231 217 639899
255 109 618550
29 325 3639
86 335 964178
297 232 304139
324 345 50256
126 94 232037
174 169 750270
367 21 586050
1 206 414306
114 162 156595
394 369 242806
14 335 406156
243 114 294653
370 43 598985
102 254 753845
353 202 552360
82 13 910812
184 196 569338
17 218 444711
365 352 103870
222 276 52277
394 301 930765
74 91 298159
380 113 747969
262 133 891847
391 55 770010
236 380 273940
11 332 988158
289 220 127073
368 268 922595
364 65 512401
21 172 489366
226 347 125670
377 54 830270
136 69 714860
287 56 136144
383 348 692742
38 12 380221
72 32 626768
8 375 652672
89 9 984238
300 131 987729
251 237 654343
175 64 692254
374 315 103199
114 369 426196
37 203 624342
379 90 985473
346 352 542323
374 99 769696
222 351 956842
143 58 518204
240 394 199427
283 111 986088
141 363 768594
286 186 61658
238 272 552140
131 195 313112
308 177 138286
56 167 599935
229 373 555431
249 359 417344
391 315 244964
112 20 834700
310 119 57965
389 146 191291
185 194 774213
119 309 766871
45 128 762382
263 188 39032
322 378 968697
149 351 360780
277 169 976141
331 77 788655
70 18 533830
65 312 482220
317 79 392536
113 330 511220
402 350 353183
339 336 19926
223 79 141277
130 249 380895
390 10 1893
327 107 864492
212 312 252315
179 89 440368
391 227 375119
364 63 956441
99 73 464346
136 116 39985
299 268 19086
43 275 843418
99 31 426625
95 315 108208
401 46 489110
91 62 845547
67 144 359068
275 344 944836
125 315 645242
123 7 971783
53 288 939030
39 26 15377
378 399 979906
121 338 147808
63 216 613629
158 123 968542
381 368 62537
15 330 832432
338 195 605991
373 197 227329
92 312 491359
174 106 553617
361 20 667449
205 138 318758
255 356 111390
314 48 65576
244 234 593238
320 361 319167
205 226 521645
328 201 115863
175 324 493600
327 335 799943
249 27 13785
361 57 379474
115 268 43694
84 86 899002
266 270 579956
369 397 883703
179 336 627273
369 304 307834
278 137 255366
379 392 192080
282 284 702997
209 129 808786
329 386 119283
66 296 777321
27 259 227743
39 231 407696
49 23 178080
148 233 105571
220 85 276792
89 315 569327
315 234 757385
375 337 357507
284 120 195239
387 199 632006
207 186 896003
294 391 855093
278 87 167909
241 94 872504
297 288 697008
257 354 193966
210 49 439595
294 187 886010
162 140 267720
153 71 194508
251 313 224250
402 220 20463
235 343 105693
134 283 229263
163 5 150046
200 26 135441
129 186 834293
176 365 855186
220 138 707574
192 369 121506
52 386 492450
347 190 210063
234 13 106365
282 351 659586
189 143 2465
245 164 467149
394 328 46880
357 401 754468
318 90 113492
111 180 366760
276 94 647784
177 183 873094
263 358 711004
388 356 435434
115 252 618733
227 192 407521
16 26 656377
373 92 784065
100 26 428054
13 213 643878
32 80 731597
339 69 724540
319 309 768805
124 295 757929
60 157 629102
395 299 340542
375 161 595082
374 195 90282
387 254 319488
208 191 957112
72 38 273106
276 272 193790
221 297 739644
255 383 416544
208 122 497811
261 293 927153
394 160 295718
334 76 912423
313 338 26782
51 277 759724
143 116 193027
256 222 449665
275 165 915142
396 10 383450
367 342 641099
319 327 486369
394 154 549295
294 64 882469
123 144 50438
194 321 476299
24 196 802635
165 81 899578
166 245 440908
103 387 672257
33 82 967247
267 99 233753
216 198 145075
384 382 534798
27 72 836169
188 107 781399
125 391 314112
22 135 174355
55 274 612505
211 199 931897
234 216 772070
394 329 744256
91 326 759724
130 401 297891
208 325 82473
286 46 475698
199 213 145008
235 378 796105
204 53 475725
38 14 126671
290 322 467232
274 284 208581
16 167 489860
137 33 317488
401 126 371860
206 335 828662
390 14 56243
312 321 978895
141 296 401626
59 379 350781
333 306 207952
97 335 297674
248 28 186647
322 390 199529
349 348 373256
399 292 476508
44 221 76380
265 138 81642
217 28 712785
252 204 65314
354 326 802493
8 382 999934
213 23 354460
261 166 822954
192 237 19532
222 206 946994
70 333 177316
157 186 143056
396 272 251066
129 130 140432
84 3 255628
281 236 835608
215 253 727208
92 206 340150
327 97 264280
197 186 147196
193 281 550669
196 223 361361
213 40 467768
68 169 514212
234 308 46006
254 381 588273
205 228 360702
181 111 738348
120 1 565418
235 398 720501
298 110 290248
52 334 343384
96 296 371640
27 156 219261
149 186 245338
142 271 666675
132 378 133161
94 205 418664
57 52 762699
62 63 677251
399 159 357221
133 202 697053
51 103 441176
309 290 339683
299 379 388764
145 117 788623
266 296 416149
125 260 765902
352 395 226559
130 325 718226
131 24 369082
365 358 555053
218 185 168418
331 41 690746
358 62 839437
362 161 265350
155 125 697925
245 155 298480
382 89 863209
271 238 368303
28 80 504675
181 327 228596
380 179 547195
163 201 585190
233 297 766527
127 273 457223
320 205 89195
273 222 284892
24 19 518132
311 44 510298
390 324 506294
78 189 359047
398 137 598165
309 173 616216
96 10 335533
232 308 769045
275 270 354907
289 222 323298
298 188 643579
10 103 568535
307 82 446562
197 292 219349
98 75 756620
46 127 914322
175 327 199120
277 240 600751
393 237 634888
75 25 60797
389 210 925174
360 18 178315
19 311 596504
225 64 604394
273 157 761823
63 318 423362
133 380 981071
14 181 946540
93 326 751103
57 118 986845
222 324 395514
363 154 472641
96 335 471041
14 100 175920
208 61 355149
99 175 951079
313 54 410891
349 356 485677
37 255 741123
275 171 358025
297 372 837210
116 326 99959
197 48 636080
93 39 263881
219 5 667704
256 364 273686
49 293 812136
238 257 274964
31 329 401632
19 169 557484
211 253 902707
232 366 362928
45 342 74636
202 338 657436
285 37 332171
143 168 247171
400 201 412686
48 44 700853
46 273 34409
377 156 955045
60 11 597365
329 274 781870
74 68 770460
48 243 580699
111 330 271511
121 24 921317
60 26 405021
34 289 552879
162 187 408231
111 70 752569
181 49 254336
40 114 884850
323 343 501691
119 96 89547
386 367 399393
202 390 248594
327 57 294967
185 250 503094
125 275 252510
399 275 158287
329 220 280009
64892 -868098 516966 -365980 -356165 -7273 -207220 111747 805669 -218239 883994 -398108 242008 -893879 -776216 -791863 994630 840329 515594 877346 843648 -355585 -531029 496187 -589270 -772080 167195 496519 613416 -235475 402239 -556822 92407 -497087 780614 607499 92946 986085 -930472 769935 -43189 -619770 -853082 10865 476044 304314 318591 -287695 496299 455058 -407585 12088 -55033 357969 554525 692685 -943266 25988 -651651 -388105 -404294 910854 12555 -63140 -53201 -805811 -940454 -966019 -905825 -631909 853162 135087 485897 99928 93133 -166987 117719 542417 -828156 -931639 56632 -793553 150805 251236 -23244 70833 869668 42296 -717878 566198 487942 -40154 192335 -590437 475222 633076 1715 -532876 -15911 388224 -82231 246965 450952 928290 527693 473287 -62893 -612585 -108210 -333344 857597 339496 -732854 36821 329339 -190530 606446 -832014 -576694 -283550 -199561 -354914 -960443 -624015 117705 -444702 499757 20220 -444623 52724 192801 273305 -278326 -677699 568952 -702927 -770679 -642215 477869 965592 585986 -912069 866773 -421883 549504 968270 -826479 212363 -539586 945005 -510459 830648 -966191 -401091 -238388 892350 496457 -759819 950853 -569594 -616379 379259 325609 -64012 -568038 -337908 -40299 -486879 507465 387710 113729 -826151 -929784 988455 116765 -824331 -510210 -527762 -510085 327414 -888853 -253428 760847 183668 -264163 873747 146968 -385170 576642 -865764 -892409 438939 516314 -703538 -501136 -663362 851750 -594593 947889 708397 364770 336310 -994623 -447267 706391 -926932 340443 -4956 650351 368902 -565422 -934001 335459 -9046 -967526 742779 -385784 -654412 458145 -760245 492900 912604 -404558 -979426 -216554 -732021 161111 823359 735348 -20643 349348 -203141 -35880 -120048 -508317 -543179 532286 86837 609784 607216 -650562 25059 264080 470213 -643397 -256169 249413 78994 -469551 767654 129769 895888 -516144 833436 940744 -137010 -490260 535953 692825 -749650 364928 7401 341123 -5229 502570 973908 -341553 893099 707735 -481244 -866414 -786473 558382 112965 412839 623550 986071 -854810 -385131 -541942 385152 -544515 154668 -914110 6764 -315475 618469 -97119 420696 -180656 -479713 999830 -587147 336485 -911158 -170641 643183 -311788 11319 -771804 123717 936127 -116852 459620 -285675 -147682 -449806 279151 824718 -455217 -721635 176363 -370173 32209 -854882 -288775 10569 -332358 839712 171836 -817248 -292772 -442242 -360267 -352942 -4481 990617 514263 -560470 924683 818058 -100958 -7381 -339215 743031 729655 -718909 -968094 -229613 -468325 671852 -418176 764009 547718 -633059 -788335 -968807 -247467 818953 777838 -33316 -958992 554564 188984 -421167 334963 -872913 -265960 818378 220364 -203056 -344306 -878723 979213 755808 779991 670608 -142065 -219974 -708074 718188 227956 735343 -612918 -611591 272190 930974 913507 448971 633372 556431 585605 -580402 -499408 736478 -927662 -247926 186977 -752117 518876 -260591 -187827 -328161 869013 95238 -513338 -840438 -407046 483996 511695 373803 -655474
483413
