909 2464
877 277 836600
778 44 731103
6 341 291595
97 645 31299
550 835 697716
759 312 959622
786 460 868842
488 293 41631
897 336 581272
872 629 980926
643 27 500946
457 365 262744
898 578 850312
737 290 352679
610 418 393451
529 227 507899
153 574 632609
567 31 311572
482 834 681995
511 437 268323
749 424 638663
305 151 473278
682 420 422112
298 825 899213
59 547 832533
143 855 723535
615 750 240612
752 38 548099
258 695 137822
483 443 54581
340 403 569964
793 895 562616
181 885 7506
180 701 635412
192 707 124803
456 232 948049
101 222 322366
367 630 201834
847 80 825239
578 120 184924
168 630 762198
329 310 865914
718 141 948932
251 102 400874
819 235 606362
144 887 418085
189 461 193171
738 508 821491
730 776 826753
354 227 685404
282 53 371363
231 304 42156
313 777 559615
403 259 991775
465 681 406281
529 564 684813
745 349 925843
580 591 373007
628 32 868569
602 839 257574
800 806 679994
355 883 796766
388 611 407558
49 612 250295
479 240 819978
897 640 933737
371 304 111918
685 183 795394
295 314 141987
12 719 694656
213 509 701507
124 401 479578
455 823 369573
622 129 720485
341 513 217640
360 562 502457
659 241 198058
606 2 744360
237 683 736846
291 602 546453
554 819 588104
466 432 632643
464 777 725479
400 192 147007
895 511 439415
508 188 160283
274 908 435299
216 708 789853
701 751 40154
226 2 52496
302 533 52975
243 555 215430
432 210 480634
37 36 2395
846 908 455219
666 19 489335
493 119 464506
173 128 118819
716 61 959875
795 839 48354
301 467 706549
213 338 18074
93 837 91489
737 69 998806
236 723 572065
790 23 214065
833 611 188405
598 703 366213
277 456 741103
138 626 88352
175 231 379883
68 259 452982
803 388 587925
338 807 449144
862 865 161577
139 818 126978
359 395 276864
907 348 612798
679 762 988282
383 873 395755
649 402 255801
776 185 46262
767 171 361819
891 98 990792
141 577 539226
861 813 109798
265 294 954188
63 620 849830
576 852 232256
399 688 317762
903 405 770009
580 733 472511
357 223 158535
383 830 815265
123 27 48606
723 303 142228
477 197 354013
453 310 933649
464 620 577724
426 828 443997
341 301 376462
512 551 35077
892 729 604279
632 162 306895
301 94 901925
639 44 28889
546 902 163664
463 833 220745
372 686 227854
775 484 112363
332 391 501245
469 291 221054
178 740 527229
735 336 466206
170 22 673731
76 101 240312
47 434 611265
198 856 222182
63 678 177591
867 277 8263
527 240 951833
137 139 18589
814 190 178876
453 846 191572
833 683 207201
367 298 97630
437 629 257613
425 311 242183
278 454 777737
487 540 269607
557 433 112170
346 0 826638
209 117 443394
398 260 61822
233 651 431985
72 66 805201
861 790 727047
299 320 471043
210 317 363812
661 857 489781
298 679 730345
747 269 368803
537 151 120095
537 111 235224
101 412 99469
763 567 580553
10 875 577189
646 697 624629
32 205 357743
92 415 722247
741 811 121596
577 655 192331
182 107 946213
600 583 333156
436 491 648660
46 695 100008
436 232 703234
329 904 477529
27 756 244802
599 246 535576
232 825 830816
238 265 735349
237 557 373341
504 750 760353
719 50 437944
709 189 657009
192 344 587596
805 130 733537
64 656 489287
457 425 187994
503 619 633584
771 64 59363
613 875 556704
624 40 683227
350 799 80642
357 41 451677
165 331 530856
194 720 769925
54 802 10438
242 862 352803
859 90 403424
828 1 725401
904 658 922321
674 54 614583
283 719 159309
754 653 17784
74 375 603907
712 612 725882
824 554 404755
637 194 835131
366 236 147736
516 835 534189
348 256 978844
754 251 50187
836 674 932595
459 827 133699
574 308 19435
489 635 36502
12 454 449660
543 149 108490
739 523 390257
510 32 80039
306 723 273332
478 265 571726
764 845 826423
224 248 888389
117 64 418718
600 33 775511
332 214 148909
610 717 641376
28 418 298132
685 462 87891
458 391 744321
156 438 364954
204 426 198012
481 575 1721
673 561 57785
861 81 773110
226 545 516358
322 529 952910
847 599 655446
888 643 267590
643 862 823072
541 513 957828
868 638 652910
211 496 422889
82 53 291831
442 812 119021
761 395 511083
65 87 224036
631 748 171696
175 41 671
782 682 427929
180 156 95194
590 571 186808
834 435 331500
836 260 848655
740 120 335908
469 877 194268
782 97 688233
367 263 47212
458 35 779386
818 72 944536
452 210 253751
813 798 826613
709 821 473379
409 293 747415
899 801 372661
148 584 935811
439 456 239671
368 817 621215
8 223 186676
253 256 477314
626 410 836847
180 368 138636
31 730 566477
14 531 16106
110 852 200132
242 724 199938
517 789 731626
505 226 197355
893 50 201276
856 430 949835
372 873 597148
484 511 226040
163 341 83270
387 567 434575
861 641 875585
718 142 790563
440 557 216715
322 31 174604
474 724 632422
299 488 388281
583 599 90024
420 99 227664
873 269 258551
399 674 968295
433 216 651059
815 245 109809
512 577 202441
697 337 340958
607 30 942666
697 846 873538
641 116 932513
667 395 555876
74 768 831143
588 582 304477
892 589 201549
426 479 631329
226 658 724501
69 307 739853
579 845 619482
571 286 409530
761 671 428503
418 258 201036
250 775 406253
326 6 656170
304 503 178961
35 73 242908
372 498 993185
825 422 692087
218 656 135997
761 196 727067
251 466 467409
42 56 469835
177 251 428874
559 166 134600
187 236 369918
379 618 145880
699 332 678372
255 661 669276
702 273 671276
315 750 451912
461 532 308337
614 130 796941
862 298 98910
601 138 538422
521 854 182306
649 778 404849
490 695 238590
873 387 915131
775 761 721803
115 515 553254
419 595 848956
109 137 410583
854 328 467529
274 131 11675
859 734 858293
881 764 281503
350 783 726647
890 486 582001
365 187 657552
516 524 949783
538 69 516919
137 906 510443
337 480 42343
724 540 421827
762 376 463652
734 161 253819
828 462 538007
511 740 858918
592 881 837175
273 478 752143
52 384 580145
373 40 558527
284 117 30937
319 895 577538
679 263 250336
697 755 531794
821 794 436677
475 440 171971
848 42 922573
19 173 500600
351 753 714730
59 893 692813
418 82 402226
727 445 660960
660 862 77703
322 14 243427
251 376 127411
695 159 903263
36 167 541233
219 860 165789
340 145 621462
471 492 22469
358 166 687805
382 193 42017
250 272 772097
236 895 398928
669 280 660499
659 217 755385
521 286 146886
300 75 907310
455 492 271167
299 778 701520
103 160 48092
292 409 59758
860 793 659764
710 464 208453
300 723 409663
41 674 151118
865 594 809982
734 515 123659
324 848 919016
121 860 168651
295 689 157340
642 13 265971
390 484 318230
665 61 891935
893 67 982407
221 238 771686
169 481 987480
868 629 705570
320 445 262588
794 555 416277
792 26 681003
57 18 290046
458 357 816980
732 386 971299
466 53 583081
205 773 713517
435 720 394742
729 740 61280
167 708 478361
65 365 47822
268 499 539623
173 767 991349
209 170 806007
324 767 329933
137 229 525643
17 736 481108
353 663 76572
249 222 362522
861 719 538515
53 497 825880
439 10 642163
869 534 45177
371 56 842825
284 830 23002
812 17 265474
381 294 978073
14 872 778453
663 306 436377
812 900 725060
5 546 289411
346 130 531384
553 741 964941
87 279 971189
198 381 560159
550 214 232402
60 208 669399
183 831 588282
147 255 459929
441 83 90121
270 202 872237
20 483 327333
24 569 679351
240 519 176047
698 48 892306
382 855 904277
774 130 741156
24 495 699316
335 647 815096
784 422 930701
170 365 525093
763 435 105681
134 387 381914
674 603 194044
769 448 721614
589 780 100969
608 675 907998
778 649 230384
61 28 210132
611 514 840994
278 104 185675
34 73 432720
401 760 402832
82 100 851504
544 459 375310
672 825 463117
63 323 527938
355 563 60679
651 413 727472
124 142 476456
374 865 285192
181 742 28754
157 304 658507
802 152 374466
560 251 705453
32 357 138416
779 729 886691
639 410 120626
100 220 429914
25 906 275190
599 610 491831
248 11 142836
739 610 55833
513 713 211192
457 713 829872
2 104 397468
421 220 824322
69 336 98170
864 268 688767
177 434 936336
363 842 86910
61 507 666106
575 119 847201
543 278 886554
15 341 573655
350 297 981072
586 475 838703
379 641 705676
323 619 410520
433 209 530000
682 738 194292
540 893 623126
128 230 27350
314 435 297257
798 277 955155
324 802 749902
14 346 554846
408 369 779517
247 261 771461
81 640 755317
786 332 214431
571 743 303113
867 24 62865
456 385 855318
807 43 401091
688 73 149355
122 110 189606
38 479 968215
330 755 459585
407 695 441747
336 851 103912
785 635 67055
87 130 798843
144 547 259039
97 329 826171
609 735 166198
290 155 216139
641 209 403618
812 782 977098
842 685 609577
132 853 795449
822 701 464321
346 324 323754
85 529 938306
121 300 751366
448 631 64873
879 318 791203
90 905 647420
409 806 385305
311 207 656790
849 46 307647
279 568 33453
828 643 79646
799 821 626765
182 557 382678
654 435 754667
86 433 497871
520 304 109576
802 394 318162
451 723 944965
634 574 403940
637 292 962958
77 539 870344
281 77 243785
451 224 14518
508 648 875198
516 444 551031
675 13 830007
498 784 560875
860 625 279395
206 516 26224
12 218 171847
804 27 781276
585 162 969514
508 803 521594
763 154 687873
353 635 22055
248 609 511548
416 894 563550
851 30 818797
651 431 338281
770 254 199161
191 339 723482
893 52 121335
335 256 843044
607 21 857769
572 690 457788
459 493 272439
429 326 765707
856 429 763313
363 527 531472
500 681 627898
436 352 202090
164 708 923832
853 785 475315
282 102 36168
872 857 651358
464 485 61561
256 309 707283
459 57 685122
589 37 661083
893 585 495910
661 863 924445
121 43 610755
252 656 239434
778 108 872076
312 16 322011
90 166 181397
688 378 979930
391 546 833170
200 805 361608
726 473 686919
268 790 298515
492 708 251968
3 405 943217
19 560 663151
843 231 138419
473 824 187736
344 748 888655
793 86 189050
841 298 445905
358 753 107123
595 807 448235
586 289 498783
339 459 505046
398 746 370859
353 769 668551
431 729 675238
234 781 831743
488 354 20498
305 184 274496
52 602 18412
351 445 764969
144 118 795181
420 606 234887
494 534 815955
255 543 965441
508 599 131445
761 604 227991
488 369 425337
660 298 711
520 50 993560
772 562 872357
382 317 969227
821 29 8930
636 597 654828
200 594 215208
518 44 251624
70 98 866940
564 671 100013
168 260 500648
150 886 724008
682 271 586198
619 302 551369
78 839 905578
406 750 825402
382 471 703094
26 222 786025
5 55 760788
15 160 407695
548 893 524511
487 622 756421
270 903 579135
608 173 784278
515 862 353457
125 340 476809
80 292 871847
333 521 316035
397 499 614651
789 345 52759
701 554 172682
436 72 860628
722 11 828573
171 555 454470
134 120 314006
239 676 836096
140 343 353701
84 807 955693
292 370 31881
214 4 977972
188 95 639865
188 703 416750
210 458 712349
330 779 119903
702 738 657166
856 89 409662
74 61 319566
531 279 654236
613 225 441695
697 39 691664
481 417 333563
255 41 83158
376 194 339308
722 671 190352
379 584 470793
500 523 545143
511 581 746482
420 783 952002
161 870 217210
525 548 134353
413 615 309382
639 325 792503
453 63 518915
522 7 454029
159 60 631462
740 359 851019
791 427 783822
806 823 190343
205 75 380847
205 296 23062
691 93 282416
181 842 461969
588 435 162574
123 843 677600
106 460 712165
351 547 807567
785 165 578607
400 602 942763
193 842 480587
73 642 162525
325 656 609275
269 167 975224
858 164 87481
806 405 503023
341 592 230341
707 785 384836
34 252 886201
191 665 331674
227 328 407549
855 234 364943
427 648 104955
251 624 420787
759 62 205583
425 293 724208
857 304 297549
669 419 406117
413 555 527515
543 894 178958
784 166 745740
845 363 936256
479 748 359335
680 492 371978
478 74 986377
198 38 654464
470 757 561765
39 119 143901
173 532 697587
52 501 993649
579 905 89956
766 758 590781
418 494 95614
96 637 598328
64 79 858281
21 666 527351
352 206 388677
559 48 440617
276 835 298631
400 28 321575
139 166 868444
11 254 584640
188 139 353491
654 780 315297
629 164 107350
525 498 313747
124 200 985366
569 241 602906
885 548 11537
263 138 80656
272 37 161363
468 761 892769
96 500 167425
726 552 652251
531 844 412210
410 292 785901
289 750 966759
317 651 680156
129 601 439447
580 469 775530
552 774 77790
869 619 407023
606 122 227044
45 479 131410
50 886 310422
370 809 551088
864 586 377177
527 422 741725
162 142 305421
767 43 385800
135 300 681807
151 273 31552
451 391 174
161 561 550019
245 850 403351
801 433 300017
504 308 477103
670 257 973146
106 374 727107
172 515 989471
461 733 251379
329 326 367806
896 551 946285
900 703 298990
325 210 27454
825 122 709190
534 680 992553
189 764 763869
201 717 837336
72 507 449253
387 668 454121
166 887 35057
651 749 99595
813 649 754830
419 702 676573
228 855 800879
470 76 705601
251 818 718786
705 389 282090
154 877 219323
327 158 802885
593 504 502542
413 304 702235
846 476 91635
532 295 990316
204 62 276442
877 411 402787
725 459 371326
588 258 831108
333 247 876282
613 317 309839
381 748 962509
653 400 733471
113 155 411472
302 544 126333
210 10 273569
858 678 593428
646 709 805776
696 124 769138
823 25 564673
175 349 573853
588 167 172165
118 338 181159
719 575 530592
898 621 435211
367 238 698143
204 396 964001
341 831 56989
307 637 541797
517 429 441685
904 18 877066
782 795 230994
59 212 316480
720 186 57109
160 381 350452
190 425 925288
493 447 765151
738 256 13828
212 814 623986
764 344 97572
91 1 881447
154 393 156016
456 581 224189
795 463 143844
92 660 104141
30 803 280987
841 424 477716
652 52 503514
865 221 671197
266 72 355686
280 4 694325
471 581 65030
783 397 309452
763 583 868703
42 98 954476
431 140 168871
182 553 614652
177 772 943648
752 847 971454
87 150 907693
33 532 929260
288 82 879425
386 485 249691
106 121 807687
97 22 936634
166 389 128728
563 84 978863
841 637 168764
154 751 977641
87 549 507419
290 102 484753
34 893 325214
97 618 639375
386 611 96048
536 774 376129
597 542 987411
190 715 14556
11 901 104873
225 15 528424
620 471 400914
352 400 143160
814 429 417578
175 812 684425
803 359 909680
104 437 928680
274 871 295922
450 507 123880
698 182 927073
150 883 452422
272 838 389006
768 485 799056
759 267 378303
171 327 350127
658 135 135667
661 295 906932
20 28 795704
541 429 59360
571 480 798065
546 510 523182
731 355 891831
237 340 149344
108 381 10746
619 431 671817
291 656 760132
622 454 441553
130 448 436677
271 138 521491
688 691 160604
795 396 852509
538 794 283460
683 492 767814
351 658 346247
774 421 578473
45 301 852364
522 233 975669
672 25 497821
660 851 709501
730 879 994515
228 426 805281
795 298 330247
126 159 431099
832 241 529056
324 357 995766
305 160 378240
232 240 845156
906 433 510432
34 63 951721
750 561 397532
119 575 741745
775 447 317161
864 886 750966
37 588 1988
237 375 246262
781 841 801387
486 401 194517
803 609 907789
380 357 907983
411 488 863488
368 715 370391
458 709 704407
50 872 744115
607 368 533234
556 3 452334
623 590 456441
791 567 966083
540 470 675166
347 304 589373
732 440 33070
184 403 723017
445 415 989291
74 632 147662
464 744 906623
331 303 479674
326 333 829047
663 340 448409
343 856 288592
596 752 233151
273 253 481242
787 380 319567
543 137 444219
756 496 826698
425 98 45596
449 29 131914
326 75 596397
525 68 351883
55 497 644505
574 114 629076
236 229 497269
811 155 86748
237 437 366795
561 683 208371
225 427 799470
284 553 376131
856 455 980898
451 469 358591
242 567 74469
150 23 924276
649 558 112276
405 482 464652
204 346 68953
178 196 287636
396 2 609932
877 35 691839
716 519 991526
340 692 793348
841 5 304639
699 260 444806
20 341 164141
500 237 704220
155 764 359212
361 686 569415
709 688 616832
198 489 697632
354 425 579337
709 123 906200
806 197 957903
534 682 714270
23 658 395772
442 227 337211
191 522 726859
464 847 219026
683 711 874995
554 136 507703
614 715 344520
376 317 645082
642 677 201895
719 144 419956
243 711 229680
317 6 679361
610 763 300768
796 110 524743
843 405 493295
842 825 823649
753 295 51211
762 637 871507
571 645 19217
186 162 858795
101 124 215309
449 720 641936
677 31 535044
779 285 81028
409 127 598790
129 666 655381
191 723 361627
652 200 534413
184 569 979601
697 254 258670
427 98 313411
648 877 515961
285 146 416559
800 600 619343
94 601 292443
883 353 275977
74 835 881137
64 615 456399
650 813 281053
258 16 256414
11 220 662444
771 354 966580
34 57 468020
24 512 214764
630 554 274752
185 104 195917
505 93 189293
154 211 303010
199 10 568876
105 332 684554
261 606 741818
837 297 221686
883 114 360748
451 576 597176
633 670 790899
42 164 195989
255 397 529214
758 370 14373
96 454 400566
254 612 38900
528 758 118811
334 199 547585
762 713 25045
651 844 558001
191 161 832074
282 546 696501
893 760 259407
815 259 643227
429 305 758248
101 364 578914
815 549 338811
460 221 772799
815 304 707381
209 126 797316
671 288 830874
34 714 658815
141 554 324378
388 574 493381
675 190 576420
194 217 388760
577 509 685873
703 82 883391
467 0 632390
292 687 707682
438 806 647819
884 138 941858
172 505 398760
31 257 239708
161 62 799715
726 729 996526
301 810 867195
37 171 148783
117 54 590979
346 681 906856
641 668 767155
763 542 529682
756 469 476641
198 656 509824
388 279 778364
348 241 369210
850 882 502196
431 414 292452
327 737 704437
812 429 519777
644 215 639649
203 573 444273
617 536 788846
457 200 897420
146 487 205825
364 249 277662
123 785 266507
310 289 897942
87 548 694956
400 769 150918
252 452 835960
866 561 167842
634 517 405887
221 885 723903
396 381 838425
29 835 484002
882 211 271615
787 121 738857
535 38 621659
167 279 96158
167 711 25445
792 567 866020
106 814 682442
481 256 95901
4 249 924732
201 893 947017
355 344 769623
893 454 272781
547 258 90630
360 877 682420
224 365 638156
92 358 906033
323 139 658485
130 31 624268
448 309 33682
881 186 642981
893 906 965630
550 207 46714
504 402 616418
554 724 216976
70 499 776854
443 7 537516
896 578 422472
196 492 930827
594 564 621590
467 137 887013
503 774 420495
189 118 669404
79 302 685616
724 481 282283
200 255 936687
570 324 703424
94 689 438279
882 868 507869
4 793 573386
79 703 422677
873 882 187200
743 574 562873
485 712 946534
633 766 350395
370 601 121749
198 299 922845
545 891 701701
324 142 817568
875 705 71189
246 682 520494
342 557 245479
480 195 80324
888 431 756591
699 170 738401
127 758 357856
760 474 832829
468 57 800304
256 79 320084
540 355 315966
653 828 875942
534 164 377780
851 683 236909
843 596 97926
507 589 940339
388 117 38094
181 601 989672
146 200 761079
644 86 818056
215 334 33478
130 268 596269
259 256 791460
232 169 424930
538 280 173862
797 752 342700
468 406 4124
252 714 216101
406 411 857919
762 458 182096
247 437 931377
336 544 715535
568 72 21028
464 367 454106
571 467 430228
447 478 568255
631 152 856521
521 319 222221
242 902 391116
607 5 426893
566 351 10102
823 357 801001
782 726 388715
18 132 320046
131 139 421719
790 449 734858
198 148 35226
63 100 250235
667 197 77543
479 428 933371
468 546 519344
164 750 460432
386 129 871707
51 690 490450
561 518 646914
296 654 835540
96 38 526085
237 41 833263
835 793 68515
300 81 203907
654 208 408993
527 474 50368
514 741 983035
581 497 4634
370 82 586726
443 707 199039
182 785 275558
480 75 480141
525 113 393940
446 698 505497
639 419 909175
513 465 358212
229 719 141120
594 500 107640
462 508 479957
847 744 187348
600 808 826416
738 735 551806
113 178 921168
10 172 206126
232 878 566126
896 90 326637
534 804 656712
487 251 722745
309 2 457121
893 137 172881
362 703 764378
553 138 867325
708 274 718044
266 78 479565
836 280 354969
497 330 347898
454 675 168750
164 21 651874
293 688 78960
353 188 160027
817 255 467315
205 272 165631
41 417 785058
730 96 986019
625 392 860237
326 688 511979
777 832 154431
354 718 168177
728 830 552352
116 368 492915
807 619 83900
173 265 185230
481 19 239446
510 320 808042
371 15 300655
428 92 133615
757 811 385293
907 682 938736
731 133 952494
104 513 505466
369 831 350228
135 648 435400
476 626 308975
515 11 635313
84 644 758948
138 777 611251
68 435 699810
73 813 4132
556 313 260144
350 885 217846
393 387 187084
812 464 390583
171 836 671545
374 735 90363
751 687 935793
25 607 383769
763 899 107456
100 58 535069
3 141 411951
515 359 578474
9 293 827016
458 181 962086
693 74 382685
311 640 460568
396 131 247586
324 904 149634
122 247 174609
301 906 290700
618 630 685919
606 120 653059
18 342 288457
846 15 507457
131 552 522349
81 261 537557
695 139 973848
790 584 872783
408 483 356754
869 46 834803
449 718 534210
262 248 809975
719 425 478086
80 120 821373
701 276 215840
235 737 487563
64 380 153558
585 144 784874
305 296 61054
191 598 280610
87 809 502680
282 357 41893
456 11 15952
57 139 955879
497 5 26554
849 575 119894
586 140 822654
708 630 727737
372 816 247668
690 119 230510
80 870 588849
896 722 211652
511 853 701185
119 399 690409
869 675 901313
57 374 313394
876 672 401800
666 102 279812
766 474 562079
768 171 136312
163 868 439918
850 182 369024
570 574 999970
897 395 797222
836 275 812314
748 878 896960
804 413 534152
7 111 101731
444 507 675635
762 616 790883
321 54 788524
863 712 151942
420 658 247782
83 390 929735
608 178 172888
623 98 247717
342 726 778287
590 172 467775
334 151 516148
508 135 720614
618 437 86046
727 589 731069
461 877 783275
306 558 52843
795 56 290028
805 318 967601
80 448 604671
496 464 463971
569 413 122898
303 764 999859
270 425 407070
153 466 63088
426 36 272368
90 765 544666
731 631 775133
617 29 71964
780 341 367938
821 77 540682
742 492 532275
784 713 82746
739 394 220087
315 240 722969
126 458 809256
125 454 819869
524 66 97376
82 859 202004
196 224 653678
552 407 785088
597 434 717976
245 864 645093
473 657 87340
864 493 157692
460 313 832195
451 627 472344
459 547 231539
276 813 898375
535 850 146097
901 350 166137
833 436 81819
347 485 398516
718 150 473172
680 801 5006
201 312 242311
514 531 161055
462 682 59190
353 893 472305
630 414 664711
455 431 463925
241 444 800915
621 716 490509
478 61 586738
316 584 151594
890 649 100993
264 470 293714
557 527 268609
63 441 958999
803 730 839821
520 114 601918
665 841 217403
816 653 238054
92 22 140778
383 503 208559
100 695 821393
536 138 257485
8 584 127485
565 547 946828
784 557 45556
46 278 291967
76 485 859252
69 724 307005
20 723 266427
442 802 511702
434 452 900529
847 428 250441
132 690 581968
469 383 168474
282 60 873411
787 70 243573
187 175 478889
58 649 805940
52 154 995816
664 662 330250
904 133 87440
701 173 603055
905 293 685104
766 140 317035
622 296 11580
21 603 245070
698 806 792523
792 284 301324
343 172 627421
410 175 31398
23 86 669623
430 399 296894
301 755 857273
129 166 20463
53 419 765142
280 515 101483
123 306 299751
409 503 902506
212 483 737483
383 66 309746
287 557 641987
286 884 233811
469 91 302817
849 756 38076
12 529 569474
872 748 923751
550 128 888105
465 204 447015
252 721 425069
600 156 82679
748 521 108156
19 742 716337
88 248 157604
765 225 7754
842 459 754076
841 475 562295
235 861 665193
678 469 289780
638 608 758139
593 169 190664
334 848 663543
598 421 194179
285 492 125858
2 774 753418
374 726 393831
728 678 394500
419 62 340740
741 777 306965
484 376 608637
554 884 773322
23 66 500653
422 7 61978
494 765 956603
732 815 92301
229 0 169273
187 387 511802
482 397 894351
323 484 172184
192 732 890682
662 101 711726
399 384 745187
450 378 364045
116 215 890882
162 408 186737
575 866 627048
345 179 341643
527 61 292800
473 639 825251
427 155 214542
825 34 640148
667 847 38460
248 539 804885
801 520 912450
601 59 149641
253 546 897258
745 806 574166
73 92 655056
130 284 231587
765 192 594989
850 496 168546
12 336 746483
666 183 495435
777 283 754064
40 748 485511
426 329 937764
87 210 230307
87 651 687607
493 354 241630
398 458 958868
206 226 165236
257 488 101239
803 209 565112
279 805 291733
203 235 138151
140 733 327745
162 258 571820
590 783 997559
667 649 976715
218 870 823489
714 837 721042
139 624 9335
526 698 45386
393 789 837936
13 389 620469
380 134 161998
457 197 609502
869 282 928590
257 220 819954
61 297 109149
818 907 537742
158 800 601091
463 610 32889
714 563 694791
869 463 737500
8 844 520759
58 99 709256
5 456 76399
80 201 171831
548 166 333817
626 275 755782
380 643 822910
31 740 486989
125 845 750860
821 378 798351
828 834 182135
838 842 255590
65 170 501194
616 372 260577
156 197 752606
133 433 666300
301 7 114105
142 344 359792
393 543 461646
650 457 662858
481 96 928327
840 48 166964
411 286 561796
814 242 965402
140 783 363982
114 364 29860
244 536 76669
729 98 73458
59 813 605440
259 660 317954
386 507 983551
194 94 393552
577 381 248898
569 679 995217
90 646 605772
522 717 355921
722 494 217454
859 162 341598
83 6 918788
63 876 281774
741 112 894153
441 478 854897
533 596 115696
289 853 356467
437 200 351692
128 270 570342
463 9 857660
345 484 934483
679 750 503803
88 721 719784
85 646 403976
792 621 400783
18 822 484393
839 895 665089
566 697 832792
162 481 659160
479 868 190001
749 761 25670
139 371 836663
99 79 575473
93 775 502390
373 475 678357
89 240 60551
766 506 408793
750 885 264042
160 802 679701
728 150 232596
735 533 199161
722 93 974906
224 166 880652
762 563 542612
266 485 324686
882 886 337508
23 251 577205
59 429 629456
633 508 811578
123 888 476242
118 466 342629
419 768 294739
601 442 877964
842 584 273220
288 658 789847
681 23 838778
398 323 83635
722 497 408114
856 126 243075
536 848 459565
202 566 209292
735 2 341890
378 692 363208
818 105 485840
341 745 667687
689 218 510459
21 790 799614
247 697 261847
827 821 327155
13 304 4685
459 884 980625
877 224 418599
273 117 281708
470 71 891494
130 782 978119
287 338 688835
829 137 262414
128 865 49866
758 390 443355
475 288 666320
431 810 668742
92 207 767678
506 258 275619
203 405 998130
886 420 1128
753 234 625775
313 588 467898
234 5 964565
28 21 76177
873 858 66803
152 221 20933
485 431 445077
8 799 537680
239 30 945496
199 901 647465
891 548 721784
79 420 764213
152 502 293704
397 167 111429
768 495 764476
378 51 773169
522 243 431410
230 824 510643
589 785 948784
221 143 847982
445 889 513943
562 764 711241
643 239 455181
574 333 308346
61 128 749047
81 314 163337
562 48 453312
844 768 578056
204 476 337977
346 465 621005
86 721 686381
93 698 242516
433 844 45519
186 209 822943
84 680 340976
28 267 912958
121 151 40489
610 386 282037
602 752 15831
891 886 278306
212 629 958226
793 730 230941
412 281 363114
581 43 71502
144 217 764492
761 707 101895
584 691 684819
756 429 903268
703 634 356044
106 413 983711
660 348 8412
663 747 377436
673 656 479813
298 591 909098
572 626 356338
543 292 992953
223 705 917702
504 427 102289
687 593 804857
260 197 774165
904 12 782015
894 632 697430
655 843 668726
609 870 784842
297 384 293291
516 644 770913
417 369 778446
517 650 291987
555 363 784598
670 266 505356
81 76 143457
222 802 503458
341 395 947393
720 386 253158
782 711 136910
879 120 873458
574 569 75455
574 234 163769
407 821 333268
131 318 344112
873 470 392746
401 887 248054
97 208 943183
561 528 923928
853 418 196127
124 588 149645
561 522 382781
468 758 217824
344 327 971159
266 157 190540
260 189 566599
705 682 871123
17 173 668141
735 293 94297
105 424 496265
597 309 11855
646 292 804008
762 83 220250
53 780 448639
815 185 507976
82 360 435405
825 274 507170
389 171 457554
876 455 544407
24 182 379620
420 413 51375
436 421 950400
866 442 716295
282 104 369393
278 245 988664
252 305 896939
337 759 907865
693 412 36036
245 395 929861
696 886 486653
303 596 318831
745 101 336490
265 571 642049
42 12 4974
4 62 942077
469 419 679818
459 897 963638
374 801 140511
817 832 849285
481 297 941051
309 809 572980
615 30 808945
691 78 586692
659 451 682720
79 500 631807
583 506 677555
400 341 174495
13 486 440429
388 275 146269
250 221 780695
583 771 387207
768 501 632267
330 15 754715
175 668 501003
170 901 458668
506 125 860018
730 318 638187
834 21 235936
624 727 828738
383 789 486848
624 453 464571
282 75 776701
189 211 302164
377 553 165515
79 882 256403
176 392 879396
338 405 912936
750 97 702052
83 407 941232
577 728 864655
467 876 771656
770 253 979235
374 659 302899
615 169 227152
489 815 572434
140 533 852936
760 653 508001
418 230 706099
280 659 785929
621 338 784873
67 721 534699
828 185 235177
686 276 973752
277 679 631606
364 628 217678
263 286 150726
477 762 393071
117 157 331044
85 883 136844
558 872 155839
385 240 255302
474 580 441175
79 692 727822
112 879 89317
75 574 301696
573 786 526674
348 579 184710
854 891 692741
709 818 111059
899 847 583239
292 589 744967
622 382 172555
896 736 912131
105 201 815360
576 592 946988
316 713 882528
498 621 666971
785 30 88855
649 769 354189
362 888 406432
192 77 134186
248 779 144393
796 319 873554
194 812 28442
485 229 256600
724 787 707512
88 194 71864
294 22 111192
153 696 85815
658 298 446525
208 200 302847
740 231 731280
379 355 561939
335 701 976965
533 549 458670
117 299 531345
110 381 818841
693 124 143430
556 46 105399
242 23 686203
78 133 965755
343 155 781113
587 456 207009
553 773 638089
563 86 568507
538 656 339760
68 488 425378
486 129 735341
657 122 851492
173 701 895602
751 2 886834
469 467 430511
84 319 622693
441 485 870823
476 134 69153
222 231 781292
192 78 444126
430 223 456373
95 811 890511
56 116 429704
272 460 450207
284 265 870390
760 767 350953
263 625 36566
614 144 926496
617 217 804159
637 158 211067
292 24 461457
33 325 468364
145 18 113301
233 845 530777
122 414 450740
655 567 404799
314 762 127814
759 676 452509
334 1 64421
623 734 341989
427 228 868645
104 673 76831
878 495 260543
77 132 453132
315 798 2528
521 695 474789
256 721 298030
775 869 708860
172 564 312474
273 264 660182
486 659 804449
46 563 679371
843 713 772156
40 64 822028
449 24 221834
265 381 621477
11 205 425110
404 689 281083
238 41 833664
196 878 865554
482 269 739002
798 347 123177
251 471 892094
806 295 215597
1 696 888806
804 653 370611
333 267 840522
94 237 909311
678 122 636804
510 305 805489
513 641 673081
343 102 991501
389 534 481014
92 231 477670
52 764 803924
151 335 175110
643 411 507093
618 55 122605
610 771 61534
450 118 644806
57 476 520285
59 672 795063
889 724 864798
715 69 241806
895 766 148545
822 604 419246
213 44 440343
201 469 854511
84 163 602123
740 716 607958
35 392 153674
432 140 697843
561 32 230025
578 878 232913
150 127 909871
642 647 194222
639 297 258213
798 715 89555
547 462 515290
827 617 188523
374 777 189903
181 97 722083
731 58 687840
743 149 329349
148 720 52149
463 262 587727
616 410 762526
721 747 678466
878 19 385855
122 710 953705
239 80 730402
841 623 487197
317 790 331139
747 356 75944
332 30 347458
452 171 620041
191 91 644947
756 701 945756
821 263 489968
765 158 797249
699 887 569804
113 132 231427
383 871 127996
79 6 728313
337 563 651114
399 882 75284
661 699 80888
908 357 846639
421 447 191520
44 61 697076
739 833 446140
207 150 726285
65 358 409136
550 133 265534
276 121 866481
332 156 281825
632 674 337396
853 394 840928
292 664 923970
35 98 345866
159 416 507949
402 53 422766
367 899 76789
580 464 475210
804 578 656504
560 327 383317
68 279 648177
670 81 475831
736 465 237271
33 679 252704
246 675 26779
95 425 729531
279 82 114271
814 345 421418
508 665 920723
416 851 936875
100 775 461056
842 867 441316
376 414 297635
360 491 792303
12 25 550748
236 885 950139
839 420 312925
387 68 755904
140 813 266151
315 624 611603
402 401 285992
185 536 13026
686 514 142350
840 259 404391
212 313 81993
48 465 69762
677 567 259384
792 728 388953
327 508 592604
83 483 473150
654 386 506764
412 775 500599
819 98 567633
600 502 812049
658 76 626399
802 289 40412
156 465 454384
713 547 587666
128 540 299693
613 634 747082
681 242 421416
645 877 295791
152 327 633268
7 576 849009
388 163 970514
242 585 758796
519 82 364583
907 108 208240
612 153 86389
833 395 842475
901 300 357324
792 855 783316
757 350 820250
613 168 691921
879 398 505539
100 337 606372
167 777 403917
394 309 371482
421 291 852009
424 491 239242
779 630 912521
850 320 531536
883 280 923424
498 717 25962
615 617 570470
183 310 753573
791 716 478207
150 531 129966
70 725 34030
93 209 784202
504 534 782419
301 385 511623
373 627 261733
513 201 174465
457 297 313443
384 525 543320
14 319 269746
542 853 776838
31 20 692654
162 249 359114
264 525 777626
383 321 170643
906 416 681443
129 810 588194
301 639 233528
747 487 847273
514 341 49067
506 213 163686
33 452 224194
497 761 29675
836 908 269427
296 395 581383
747 148 553751
349 398 664460
94 206 592299
74 667 935494
815 199 743885
897 274 522254
852 285 925597
591 791 306903
626 707 136889
474 118 519327
803 667 609186
631 654 677250
585 781 688976
104 864 36454
127 716 952568
863 286 84634
600 492 35600
668 895 108179
133 759 962309
205 196 361205
45 554 590471
636 390 920601
489 32 844691
277 376 167886
346 801 696531
785 351 573971
438 149 913938
61 734 687313
667 620 515040
847 559 631356
211 744 46522
882 53 342143
94 696 68413
366 679 212378
99 4 489837
832 670 632505
796 805 163091
768 135 994604
798 821 499256
235 644 719286
223 608 228455
349 461 263945
334 131 711168
188 392 245313
112 618 303324
836 185 697913
152 154 512848
530 369 954200
286 727 954306
654 885 300053
201 485 947838
908 11 118769
5 473 548131
45 56 580491
904 705 376556
3 826 526475
546 898 306258
88 136 197744
744 589 824872
200 39 883635
414 171 981088
298 277 87673
483 59 505395
3 517 958379
647 875 54097
899 745 778714
825 851 266963
871 283 129280
622 538 34031
530 84 307225
601 75 156120
565 677 137205
665 536 596686
289 254 750502
644 847 227344
693 534 47115
406 881 357833
503 442 178666
516 180 693698
599 759 289047
738 845 774557
406 689 143814
51 304 30569
88 340 265485
76 487 35700
602 848 665813
301 625 799135
349 219 816005
826 394 6543
686 694 635093
607 221 572909
109 813 251801
125 803 380606
275 812 105307
145 52 528687
620 603 693692
292 558 946864
21 327 163578
86 140 994782
379 548 365336
717 135 235021
14 446 637686
531 874 667012
238 158 129404
391 871 974177
851 11 115528
374 546 556450
414 807 488221
574 586 479275
120 702 142957
177 9 605303
532 400 820065
382 745 720983
830 511 761416
775 255 311089
720 729 298204
464 680 799133
322 85 989718
786 509 362758
491 801 247411
321 232 310287
651 43 397969
683 122 340377
548 522 877019
367 515 725401
283 838 708440
591 324 498638
618 412 299266
200 731 45347
780 590 608642
601 565 128459
204 409 431966
487 63 235478
471 763 754374
15 106 706016
344 893 148122
185 347 858789
417 41 590368
772 892 550864
249 704 164562
702 556 891651
881 470 286537
221 710 299360
372 474 852748
627 213 611378
600 196 193744
412 396 673940
681 756 641534
649 862 500741
132 235 335272
635 734 445461
561 699 708831
772 401 375617
836 457 558732
537 365 932935
334 517 592982
584 812 610252
294 472 732697
600 821 288178
145 688 435503
503 611 906055
155 392 882103
685 149 394465
425 794 475975
338 138 916156
65 459 863282
716 156 895692
146 833 899006
192 480 853350
713 529 215473
820 871 348472
234 428 627201
693 133 931994
302 547 992474
766 296 229327
629 522 927
612 626 765658
515 346 791148
544 841 646616
772 879 409016
701 288 288195
499 852 221346
98 875 499730
140 163 796847
856 722 396719
678 12 927786
320 674 444645
10 400 787205
167 879 2277
83 111 716065
228 841 120896
266 93 89844
540 122 294008
39 330 472084
303 698 711357
559 306 546673
447 187 20775
387 699 886699
900 835 150772
296 846 830275
903 509 433281
205 251 846953
705 626 468772
31 297 120094
759 188 836468
191 547 578969
523 237 581810
519 186 843434
620 94 708411
750 514 708749
571 153 993795
698 425 196625
335 249 375867
32 710 860732
354 767 464708
377 749 499883
734 904 439668
590 23 605496
117 767 613242
520 323 854839
520 813 356771
120 421 536844
207 616 820025
875 870 545112
281 424 663963
269 240 114020
487 534 135610
217 502 341039
807 161 103083
141 219 910692
201 698 556898
306 79 910142
723 384 977578
791 859 678129
35 366 955876
242 615 58929
306 570 133347
127 14 993582
231 61 622830
716 751 480823
156 632 10279
846 423 812224
171 561 407004
80 511 734297
362 890 943897
687 654 12996
682 698 847576
122 134 475531
615 422 304863
347 230 966120
452 442 904412
856 276 389595
190 126 739861
332 612 928848
264 754 420687
242 405 607862
385 96 250637
350 322 813887
583 448 868443
177 179 578238
86 766 149091
213 798 688512
661 203 845417
815 120 45262
485 389 568691
720 269 250633
272 719 349615
419 304 498222
664 656 291491
212 77 368934
580 564 903864
267 616 169874
752 427 877809
812 458 492977
343 240 181715
693 583 320520
731 535 760309
409 240 431300
306 532 496512
419 202 83795
241 618 661363
223 853 834313
239 276 82794
564 785 619879
688 116 328120
93 525 188899
714 14 335150
437 98 717878
247 741 586386
678 630 993601
903 703 201737
639 826 968246
703 725 62496
564 248 107973
625 624 665456
74233 -67331 -91038 926423 961614 141924 657366 989464 379072 -395316 -624077 96636 548748 555355 980921 5434 -551958 -820602 -678387 204454 -866020 806901 411046 -186953 -337586 282745 -841471 -158306 -610009 -224338 9640 -780674 -645001 304464 576189 238554 434361 905757 535334 -658635 -782386 -537159 -476750 424663 -796620 -111200 175809 933989 -463397 -870663 -296892 602992 615726 -809293 -778320 -214326 -990633 -346359 -562565 523371 151634 145022 -5591 650695 -574421 -880843 -273110 -426533 -573319 241260 -195461 851019 -254596 -556279 153989 -474803 401848 -71894 469331 134090 -765082 661310 -455931 -86416 863137 579836 -89027 -137027 -301241 -972820 770220 -221288 148256 526858 649489 -741771 11219 177421 99488 330967 -125481 209123 312691 229567 850377 -845260 -33590 -962535 259884 -174835 -587217 850481 -12768 -113125 -686698 -532674 -988466 182403 671200 26978 252859 157033 569082 839457 605603 -568941 -856456 43449 113474 648160 437900 128240 -137505 -345449 101358 -957592 598741 -430961 -433024 -928233 845758 -486250 628998 -740556 -410030 735841 486051 -458331 932175 -676942 -993617 -955467 -52854 -392504 155043 -863373 -649657 -801563 -603608 182840 -348885 -498214 436184 1431 181892 390303 652344 497617 -336429 512111 -792947 586725 -325765 66416 478041 92557 -90883 -794290 141639 414037 899956 -824255 -788754 826812 797453 -480143 646862 645990 -417606 -299243 -793719 124688 124241 -391991 -436717 253591 212508 777828 116512 -673769 545536 -22920 557168 717019 -884739 -40347 846948 -626070 354683 -809908 829235 -894280 -447951 -648551 -410194 -151060 974724 474799 -189301 -739594 -601509 653886 -559028 -80322 -854840 -401102 115100 385111 424240 -238603 -446854 -57539 -972578 671487 -274951 211980 -260792 -20146 -18418 -704382 379357 261212 890400 162257 -344160 -825617 637457 -243389 -185300 391333 40320 -640377 282932 -750795 -146621 -754806 -327413 -235157 898988 -50055 -525472 -733701 -499365 -585389 -651779 -160722 734907 -608068 -747307 131280 -595941 561186 -271248 878755 -877363 -720526 236103 -100014 146073 -196660 -833632 -530807 444398 -569211 982249 383526 925654 483012 -498272 -416874 84391 264294 80901 343855 295594 -116808 -281398 -695403 878617 -693693 404 850406 -413058 -730822 -687509 -12703 893916 -328998 821980 512867 45267 257368 588285 -520515 589817 874753 774150 -346962 -643277 58041 -776134 850505 30156 469596 35458 200876 -891873 178220 -380362 150307 600582 260451 181193 -548315 -467975 -735106 743797 649928 348252 -659651 818190 152158 387462 -710538 243035 -195852 855565 307822 838582 -863554 167956 -248114 -22443 729522 -234228 -667722 -191965 -13879 -71476 -971806 -929738 55512 -539627 -189249 791887 -438464 -244479 774304 882137 571943 705861 135525 887089 -289775 -169580 235297 -803065 428106 -819431 -614645 610448 -351526 -442532 -787794 -241012 847544 413850 978309 290739 -527843 799506 326223 40933 580022 89144 -268361 -619914 659737 -992524 -481529 -182339 -241437 -157756 430511 -2169 837030 -951241 -51053 -397481 130797 -819727 841873 559495 -23927 -5622 387990 -928379 109833 888805 780071 -403760 209388 264786 256449 -961830 225252 837644 -507977 -584374 742588 -291540 351977 -130926 -23993 758438 59284 -404805 506114 -899984 -543296 761820 -297769 -324314 185255 -918897 -502204 477244 371461 75838 450945 45541 -70478 718309 346685 117693 707311 132858 194444 180254 406378 -367792 998942 503007 383368 523284 889576 -464791 332811 -353380 -643619 20692 -147313 685123 638130 -916495 307017 -167762 -632715 -44990 -520740 812443 -633043 -406032 -457682 -185630 320810 971646 108885 355660 -216912 -884213 758498 -573889 -102973 -955521 50422 -523622 -654923 -464074 -205700 -618461 -898740 -986813 462600 869483 -304357 54478 540804 -116752 -293328 -584819 569090 -717423 -348868 634958 -282640 672823 -956496 -898318 -933979 -14209 -28099 770985 -382262 -808483 -675646 -265818 -120183 820347 132140 -325592 379788 -74142 -543675 -323836 688517 894604 431142 -323545 902840 -387379 592612 -964406 138574 -794894 478683 931857 160901 -870029 198451 319157 -433927 -315693 652318 -323850 289362 39067 328398 995877 -875001 -998413 -375769 884462 -5802 604081 -877140 61112 -94676 574161 14168 -437542 973210 946161 -720796 516799 822153 301931 -737217 419623 -528911 651655 -84108 619996 -169673 275646 -687414 -197112 777012 561995 -653795 -9135 792998 219440 -766519 -416603 -596864 619925 -271276 -39503 -84435 181248 -59461 -352114 -211048 577776 744475 387718 539388 416889 195561 429778 -772598 -976014 751145 735144 955624 520154 -727955 -860367 -960764 -302996 364363 -445746 -51731 -891297 -831248 -468895 148659 995493 -558846 514313 332004 169973 -703640 -155116 -513094 -226402 -188588 898979 669499 -670498 -483527 -768885 582843 -266245 177521 -141188 437007 -130116 44610 203662 525418 -130345 -705326 -194314 -72510 159965 -992161 -94853 -221774 -360612 102992 -341653 800758 -507478 -756261 805863 359794 131898 804136 143929 -994509 -250222 -269332 393480 943176 577014 729893 141471 95503 -134605 423601 -499786 131856 494701 -425404 105944 -705125 -562087 -354203 629837 -552781 -189214 522720 -705687 900088 636840 469145 -174021 411541 26957 776784 -643146 504697 437408 -800949 785880 393303 503761 -276986 -316655 84566 -445440 -992484 -69706 -771945 -948263 494774 -868619 -721959 -60135 874920 -522019 967294 -820060 -230393 -196496 -396674 -132429 -337985 -969457 522666 -937156 -433036 -36135 468676 206297 -636579 182577 -462950 -96087 -808214 -184625 -734108 -330806 536566 -609503 597373 172496 407844 -957425 403431 439434 504627 513418 -20644 608725 482985 -870221 100043 -150977 -16969 12229 929011 392207 -962888 -382099 -552774 124390 -590319 -74687 -179186 -951964 680565 703805 178868 554418 -275444 -454962 -567736 579454 465398 675938 -708500 627312 -393123 930160 -449480 -461389 600375 -413943 -896377 143979 -938724 238396 483310 -277195 -438779 984786 -61267 917932 856492 410475 -580325 126007 452639 591470 -831619 -301648 183888 864383 -373731 -27629 535739 -351660 202705 -343473 -218756 802162 693174 -871112 -506347 291977 -539262 378195 890798 -701969 338314 449098 93386 797378 546632 478970 274517 -259423 -273684 495789 -894890 479083 -41844 244326 579794 -364508 -690800 586246 -88465 -376385 -887950 -560299 -848847 -261350 -925570 207504 -377938 776867 993206 -942072 -415863 -546861 -376600 -81966 24885 624557 55150 567398 -287878 -947463 994464 106947 -281024 -780191 -102969 -161144 -570425 -551345 -914998 -836102 -373201 -539989 -87649 578040 534552 162723 -938922 -825619 -984052 172689 539887 -299061 -169655 -520705 30711 189261 -855239 594363 -484644 44423 -536697 24639 -197888 135930 33115 272146 -415957 501136 798466 -985997 269857 435005
627921
