588 2379
418 388 495085
252 249 696049
90 176 138165
186 86 177754
97 261 918445
74 462 408334
503 423 434355
439 346 316912
402 117 442949
193 63 337318
409 82 568700
529 243 937395
6 64 425263
538 265 238425
21 542 510980
457 101 353221
494 444 809620
272 1 899550
483 108 158831
280 197 675658
152 404 236614
223 140 961531
382 90 890809
117 171 536373
409 181 669967
374 525 442861
358 155 898969
328 212 109403
38 381 873045
392 174 785591
344 184 961073
281 153 555250
399 456 314014
400 235 75639
397 439 129675
506 214 676581
404 384 236761
87 371 795419
253 312 682439
585 119 465769
413 472 891974
39 334 731381
153 395 410474
357 433 948734
151 494 535153
290 160 856058
399 38 539882
270 221 201953
282 313 113010
196 350 518043
405 160 324368
60 216 635597
544 582 185080
98 277 650808
15 48 519682
487 469 691834
428 3 94389
499 504 356602
14 319 142610
30 180 472430
391 119 490203
259 480 1733
452 30 432589
260 333 823929
256 25 245709
286 390 758277
341 581 868019
339 548 594173
532 425 682538
203 34 171430
229 103 366447
429 517 218106
336 420 974695
59 61 47923
363 267 607592
199 86 409950
523 274 843092
571 187 562631
145 134 429326
394 122 628552
440 152 13436
161 204 747573
505 202 266656
566 438 53185
76 204 184744
149 154 756468
111 509 529397
497 397 179903
349 353 354121
152 199 785175
262 553 830791
339 134 883775
122 273 466792
457 39 36597
475 175 952345
192 81 28223
384 84 571580
436 110 935420
115 578 430848
28 72 518858
166 338 197116
104 436 528415
109 160 411673
348 312 931324
106 165 540429
441 298 236672
411 37 486602
98 540 532921
49 9 926932
517 163 338593
566 225 628602
36 586 500527
132 513 880947
118 127 775446
429 491 371853
71 265 108716
456 390 253829
321 373 222760
335 455 174799
523 121 231257
483 131 436731
17 192 365310
340 216 795233
465 230 541470
340 416 699819
405 259 584393
362 484 302857
119 386 671560
514 525 163148
565 177 220284
222 103 318915
282 33 363438
147 72 330513
149 265 684412
102 526 651760
207 211 64302
9 309 608629
241 473 956237
119 207 658420
218 155 467335
531 256 530300
397 222 367422
71 350 146639
522 385 74659
344 5 665075
358 236 966620
376 277 413821
513 231 958915
78 102 372100
535 491 83329
446 447 805199
35 180 703578
506 21 653146
41 301 408111
377 389 165883
86 558 905360
585 27 192127
350 211 324930
392 43 745587
439 383 944333
197 138 591000
174 85 743553
186 131 482957
357 322 379745
568 486 346383
394 95 813626
219 119 538665
374 537 534774
458 538 344373
111 522 199674
481 238 519952
132 18 549719
3 122 119548
312 191 566464
480 106 929789
166 201 963784
457 575 942344
452 417 902606
531 386 110750
252 53 516796
426 224 701472
464 122 180570
8 413 899423
262 167 319456
524 580 915770
327 206 101201
40 167 938963
225 271 155743
11 189 6651
178 582 307429
224 297 974738
133 464 630060
573 162 674654
558 402 278949
26 169 694537
197 316 141645
337 435 884064
205 324 76327
107 419 137224
239 338 733700
254 415 822124
87 311 309084
289 398 785290
380 73 247488
30 344 109430
227 361 672236
571 348 498427
439 202 962051
13 555 266605
21 154 7554
360 52 175701
339 278 358009
187 433 702349
334 388 889281
473 566 802148
196 190 862608
398 121 512264
137 360 998274
144 445 66587
189 249 37087
284 367 784573
486 355 664030
84 549 985876
50 18 763280
259 159 63292
573 529 993786
6 189 532607
74 64 887273
477 132 773850
584 103 268499
269 546 844095
175 498 783976
201 402 691876
407 417 211942
328 65 180662
417 144 195874
309 465 297849
554 176 346852
357 468 577458
421 494 603899
266 567 130927
131 102 798346
15 582 473203
46 124 972281
175 45 674800
580 146 248301
356 409 297419
473 528 516119
396 429 355379
354 104 120903
549 285 183806
505 111 25505
175 257 238082
340 270 912076
309 474 412941
543 45 919419
311 382 28492
54 208 687121
43 299 460681
471 185 671706
567 39 352682
560 519 700754
83 395 774932
181 562 440114
5 119 750705
272 465 464528
363 49 966637
215 229 18206
261 163 481420
33 79 695974
89 217 263659
421 466 466904
32 401 68677
159 532 314914
430 565 889965
194 543 233362
492 118 677160
462 399 346337
52 189 528047
130 444 416911
365 420 201193
292 346 744559
448 90 398504
94 33 444543
194 501 517329
188 456 556330
148 433 781470
298 92 556275
538 462 54208
331 59 830190
197 488 985281
86 481 979729
74 385 695178
221 423 118189
211 437 513658
572 339 956546
186 56 995549
463 1 945891
274 362 262706
541 70 449996
59 70 154846
231 300 92339
139 532 506880
92 553 435651
555 131 342456
464 134 735926
332 62 685400
249 232 727580
391 169 625184
13 542 691372
478 153 603194
442 154 778632
30 367 966506
131 338 890758
237 492 793625
62 173 13506
81 194 121455
177 124 9029
523 312 619123
298 158 697533
260 567 839476
11 464 986073
425 428 193154
526 349 970112
202 528 171690
15 502 905319
170 228 112488
325 186 79512
514 226 203047
419 414 538249
148 179 687208
47 321 302225
434 476 311960
463 433 667174
45 33 504928
61 358 815101
106 252 960818
487 307 952665
127 93 203920
236 107 296065
353 156 762229
536 110 547701
98 161 40945
149 320 733869
455 509 448417
304 70 20084
143 163 73730
581 27 788453
587 55 89550
587 35 945336
63 421 293154
210 417 742467
75 141 846358
244 422 976655
261 17 758135
375 61 57798
474 552 604215
310 415 481759
137 527 625009
491 282 720579
215 257 283817
384 525 665457
407 205 79775
279 571 952097
110 359 314064
65 8 184129
71 249 518211
540 141 783061
181 307 165697
586 496 686945
243 56 479938
521 142 726116
136 158 438580
9 43 370227
314 535 525144
528 402 588866
8 539 274704
414 46 396767
141 502 803595
185 510 653194
383 550 253801
70 568 216519
191 282 860978
166 157 927089
3 367 18761
343 33 16145
55 285 873499
167 218 568070
182 67 939095
121 102 723479
238 535 980171
499 386 114285
337 588 781584
468 315 81634
2 461 218186
455 126 994496
225 295 143604
191 129 802437
258 401 108316
483 533 990740
570 341 57999
259 278 419490
99 420 582579
37 528 599574
470 507 627159
136 79 66757
176 75 469487
209 121 264890
339 432 101951
282 578 83227
557 142 474679
322 33 668609
338 389 444870
289 107 200910
43 38 377923
510 69 63511
582 120 772333
412 432 476792
244 475 137298
433 504 976850
182 492 187079
273 496 632229
8 115 877555
410 450 680768
119 96 318953
116 462 903317
372 444 164212
336 39 216299
562 468 219409
324 355 820052
316 82 79448
258 267 538738
457 4 734871
81 292 806225
401 527 981383
123 558 985957
114 98 343819
291 493 147185
474 524 117661
299 240 557436
190 371 374377
264 178 637431
99 249 756352
237 100 217049
280 287 302063
370 122 552974
485 279 14963
199 295 451400
12 200 323683
497 271 323439
230 327 675085
580 42 584609
394 330 936090
560 574 586779
16 516 105577
267 370 537459
191 250 866401
529 290 61212
335 78 456429
479 80 830430
346 119 726274
279 329 855201
556 267 20938
285 570 318025
246 314 193465
93 152 87639
207 364 442190
317 289 420082
576 497 2285
321 121 781844
42 219 882330
440 87 413848
150 372 408155
330 191 7971
246 99 722301
520 59 155317
484 326 790873
327 252 546612
220 138 415777
408 442 448681
559 320 561616
381 29 255657
102 21 146679
273 119 561716
260 179 790085
359 179 270540
381 252 634851
290 582 206150
220 261 188285
30 391 156666
529 364 421356
278 504 14900
544 193 163126
403 78 349007
392 33 179901
202 575 682121
247 486 563427
326 520 584653
464 91 53961
185 117 592415
225 66 933078
483 397 998099
258 202 498090
180 370 408112
60 412 708618
285 318 656662
71 135 102061
182 249 200429
417 8 749092
116 319 587457
8 351 849123
277 271 68566
187 562 325573
471 418 350540
553 365 925504
337 60 595988
505 518 114492
423 109 177283
82 548 590368
277 540 684542
588 498 235058
369 187 886963
339 334 809422
169 232 997148
524 406 184802
260 146 115328
109 152 937661
161 24 998120
508 524 792311
362 586 693608
27 122 202518
258 539 917777
61 40 329425
242 545 9103
511 188 231338
532 192 464925
183 95 368840
476 558 638822
108 416 476075
547 393 625436
511 475 173868
533 300 988637
202 472 804520
335 357 872639
285 255 248935
243 225 964267
461 294 896757
321 179 309878
449 96 168053
572 543 419457
89 113 516285
578 65 365366
257 393 249133
351 574 680017
377 412 259442
359 389 499451
490 457 728973
276 1 926308
95 96 367635
354 549 292171
280 328 839852
177 491 95
389 126 757888
318 252 457172
109 549 939757
577 416 356374
264 524 502647
439 357 411059
275 504 216583
552 513 514491
184 274 6508
210 422 231068
134 349 489699
422 562 293041
267 169 643045
97 192 380728
212 25 65707
44 108 826033
185 261 378471
64 162 358004
136 513 151295
172 328 557549
332 102 841826
470 133 473234
193 364 332644
23 476 543460
179 98 838825
525 588 26153
465 383 685505
428 343 498871
21 550 384500
77 94 190932
21 305 230997
518 392 20908
325 491 332166
577 347 664030
178 257 688601
293 70 265714
246 461 371210
83 289 78519
15 244 64572
510 94 523595
255 499 375243
173 542 193519
231 78 572908
6 91 149359
272 387 42109
113 149 518390
463 466 532098
256 525 758351
504 26 502085
568 564 165085
436 128 718278
137 491 637652
202 320 160123
157 471 699552
554 96 501865
313 1 923039
547 75 678495
75 332 715851
328 312 613963
106 71 785865
48 115 918430
136 249 934692
557 30 665273
127 290 780600
95 432 839200
112 396 393368
403 520 986307
211 41 633450
75 433 754837
142 12 815271
359 496 192490
377 157 345158
349 275 77868
143 77 43481
182 332 927698
476 100 666209
582 488 667699
13 351 779266
40 264 186322
87 347 848006
52 341 988324
530 23 540377
282 74 267017
172 110 802393
538 443 350688
352 296 129788
378 206 93438
488 128 388037
74 389 900766
75 209 196371
165 48 693929
59 487 920320
428 241 25492
475 121 482371
140 424 958357
293 483 741403
391 459 769703
464 326 159666
172 297 25376
481 369 155273
300 504 461085
182 571 211757
566 109 776131
353 37 204475
387 534 792349
476 63 705099
290 575 515378
301 193 441368
98 152 400217
212 586 238640
345 554 640085
48 487 500129
394 192 948785
496 36 257164
240 291 93994
507 529 985457
510 497 626829
105 507 425686
220 155 210546
491 81 642316
97 296 952675
227 417 353550
41 563 817745
14 103 767032
192 1 317617
239 29 45643
316 450 818018
73 62 279411
335 530 15031
30 269 226600
20 280 855279
64 254 153832
456 168 572059
116 4 857885
265 512 46304
133 473 516413
529 272 976862
367 417 246563
552 281 914108
208 582 17926
432 109 350860
563 243 349355
562 369 272947
136 445 521725
169 411 904246
379 454 353131
549 223 98741
464 56 186680
42 183 503991
515 167 464661
470 101 79603
184 36 200418
139 27 437243
221 408 392614
565 406 72827
578 222 671969
155 164 86027
273 289 507989
19 150 335132
253 361 570815
534 238 710200
156 209 753090
481 170 920442
316 98 484882
468 76 19459
564 112 830257
206 244 630194
531 577 306437
406 276 194373
159 45 289777
126 140 578526
476 60 704626
229 65 900759
585 24 198235
287 66 173843
479 444 569273
145 282 200557
471 77 582192
253 2 137606
113 391 398619
57 547 872154
352 269 854040
384 246 125803
43 9 612100
148 392 96287
313 359 999819
3 535 902775
199 74 486843
307 469 326744
539 182 529426
537 47 888199
8 121 503014
445 67 158861
156 461 45448
123 120 106903
298 314 563202
140 234 195006
536 456 488800
111 498 391045
86 425 628320
318 27 750202
512 233 725786
67 563 211885
451 438 234793
198 456 536764
338 546 179857
341 75 324394
269 433 409590
505 552 613868
355 472 703098
142 186 321549
134 57 390563
78 160 951697
309 427 852208
191 558 865238
123 105 46399
172 525 356693
558 208 3067
490 393 298199
265 37 399797
450 101 744021
523 439 790428
236 69 46322
267 469 882829
196 370 355281
437 221 563792
488 319 433400
296 454 887261
208 413 947108
197 270 556837
439 234 431442
327 294 712260
168 200 873136
486 314 766146
588 485 891074
334 311 631312
211 289 969461
79 195 526963
193 557 430576
139 454 31837
449 13 353753
102 377 831729
172 60 301129
80 265 805040
283 479 102324
21 111 151438
328 247 464101
403 146 911319
499 352 893929
227 309 356855
368 269 541096
123 29 981133
536 42 739858
216 4 956519
66 43 904420
263 245 822998
272 302 358871
140 196 222193
522 466 452014
503 244 987728
8 46 520429
34 450 152099
95 111 284125
295 393 920361
217 13 943257
348 191 916219
11 114 923171
96 575 518163
212 352 352246
131 289 939787
476 109 709463
44 285 219502
432 105 478364
442 410 672015
433 369 335318
374 520 925633
212 142 159333
132 310 554737
399 402 590348
231 525 257811
303 582 446114
79 235 151323
456 555 15282
567 206 2980
168 522 433593
392 11 70895
556 363 346616
426 210 769408
130 485 801255
192 455 463940
388 220 692772
142 262 789024
481 270 317250
458 59 839499
310 152 69125
229 200 84890
378 584 810667
194 89 617581
196 438 761703
432 223 194824
279 557 625942
51 421 951677
16 3 528847
491 147 409711
379 481 851680
315 274 938229
2 348 91512
520 126 297142
352 506 471793
236 500 577373
516 251 232751
331 133 325611
11 587 778240
575 402 699349
548 163 28583
583 15 486633
569 286 74671
481 100 914332
54 348 276767
95 260 267544
445 348 589873
204 5 310456
218 479 175969
296 210 714298
468 431 178525
262 261 291096
65 512 318166
484 297 803962
259 433 662766
147 222 391865
292 225 245768
336 341 595028
516 331 309555
535 177 503482
54 38 115195
4 233 591117
248 264 283060
564 172 148122
49 51 167412
106 201 824977
436 203 62014
169 95 926603
498 70 478319
519 232 549011
369 206 464788
203 154 819245
120 247 770721
556 300 958796
486 278 564259
42 272 489248
95 501 185896
450 542 597921
186 394 276775
434 552 977842
146 280 256417
74 388 770195
512 482 749913
29 364 309772
144 321 620181
335 205 408029
332 386 638091
480 484 924124
15 326 426959
284 88 878595
439 136 128048
59 501 302813
215 129 609387
324 550 733860
159 582 852368
268 44 743076
574 561 80827
125 156 37785
342 90 493757
47 284 778078
421 491 561065
177 307 609306
38 200 466911
71 307 251727
335 139 895229
575 341 262374
17 520 486807
351 233 276610
586 419 321373
342 560 812825
290 238 56576
176 406 166611
450 578 344804
544 260 988762
72 389 300605
566 239 869456
530 96 437051
117 309 585740
315 553 441890
352 468 799341
345 92 20124
481 513 675708
315 99 394424
176 30 949430
125 124 846215
42 372 67190
218 293 301529
266 337 441687
425 538 777148
123 312 39092
559 227 256546
93 131 576146
222 240 320294
376 409 220669
288 134 86745
218 232 220914
302 297 772865
80 500 807250
561 167 458580
588 367 238169
247 432 762968
288 262 233508
185 432 828317
230 18 203342
325 66 456773
558 190 925883
39 82 458468
357 543 875921
189 338 981433
419 4 322783
197 536 127818
487 227 954265
330 110 561154
567 530 695297
52 468 917078
509 582 628242
529 348 13819
102 68 192444
228 13 982308
482 428 900376
148 523 281218
268 227 986484
310 84 684020
115 437 351689
13 231 471527
356 421 970728
535 64 185891
191 380 354602
511 322 391239
474 157 78854
46 95 374074
397 49 957145
70 504 493693
378 415 139641
467 212 860040
522 54 49755
561 373 242564
380 46 254038
526 140 906739
166 450 454858
468 423 700602
255 281 474457
430 197 174602
185 331 247854
420 531 472890
357 185 6806
396 257 979169
68 344 547125
76 374 262944
548 428 576730
181 325 693184
311 461 191695
457 473 72571
455 194 113713
213 384 815212
117 510 204079
575 70 659125
5 116 787389
97 189 491720
492 522 643402
260 96 136394
369 516 290965
547 184 105680
203 351 557729
552 244 768293
313 490 650876
437 59 691050
318 291 273575
390 73 785756
370 296 771081
497 421 168586
389 334 778820
372 417 475319
140 25 336225
303 96 94473
512 527 62447
91 334 812460
292 555 987316
89 423 990559
426 235 359570
58 348 447998
439 398 849836
18 453 959144
250 322 280511
345 472 209495
22 558 271632
566 241 157667
341 116 66762
469 388 651091
561 349 46927
205 332 676181
62 536 530684
494 383 340877
77 42 436888
271 496 21898
491 118 976398
145 169 939206
354 353 789055
412 315 911393
451 413 490744
17 482 322174
279 4 80842
331 153 43512
259 506 655455
522 153 628757
583 493 410393
2 567 182378
91 422 396451
150 202 47718
193 361 605423
120 332 274592
563 62 62465
340 470 586896
426 492 123524
233 246 836947
251 329 173716
202 442 64232
232 536 266069
471 386 313970
381 17 777051
284 464 516158
432 506 104585
140 585 749621
18 156 878487
57 228 245775
582 103 76446
148 268 584053
226 559 505197
31 252 738599
491 261 317010
360 523 151431
452 106 687443
512 441 729613
113 97 376626
348 2 332547
487 479 794380
345 332 848784
159 402 826568
343 506 242077
408 74 408537
509 482 263398
177 279 853918
320 244 759056
564 89 692103
240 414 75041
189 157 345264
546 319 537633
370 556 216683
18 429 741008
118 360 522985
16 139 253277
385 183 916524
70 506 416035
454 402 61735
252 560 31684
431 34 19105
462 89 357122
323 281 135285
107 134 976908
411 323 461998
43 303 163380
145 519 575410
220 426 371981
260 238 33341
474 543 713487
357 127 389909
584 316 148274
2 572 375609
199 416 326678
296 428 759160
306 235 970731
52 70 137107
436 461 691823
324 197 826823
466 397 494609
465 521 533758
442 42 28652
289 436 27428
512 417 184446
398 464 214632
540 235 550418
301 470 769703
259 486 819629
121 548 688729
322 338 892717
222 397 631346
120 289 878207
331 26 604624
118 306 177453
210 133 652861
509 37 535948
311 165 923360
145 300 750895
285 236 76279
361 43 887822
107 533 572057
368 211 940554
295 207 15743
511 233 396910
3 165 177699
315 443 502653
89 41 519990
237 214 637793
55 438 389245
265 481 809365
20 525 474194
168 311 94712
431 395 532610
317 68 854340
430 487 557135
140 513 368267
512 488 106755
438 134 821176
496 313 559474
293 345 842407
10 325 853242
87 114 657039
46 411 882178
265 22 722103
309 343 411597
383 263 25146
377 484 485765
358 345 903494
503 251 690483
468 586 272535
459 422 54187
24 346 398304
430 296 644024
303 313 193344
434 183 82238
181 581 477238
402 243 784779
197 2 39737
110 317 513364
483 349 26344
245 504 924455
64 207 193804
1 453 384566
501 519 792973
586 449 403227
557 553 704331
282 419 138902
246 396 383945
209 280 26308
493 426 308084
529 11 523682
157 70 547420
351 443 474424
238 28 769007
300 27 463754
208 177 710873
236 438 851494
186 373 977644
96 410 33516
343 174 466642
452 555 312019
138 93 66470
144 274 64984
47 453 634566
440 171 900253
237 203 327199
558 451 764657
79 578 663456
431 346 477817
570 124 685498
354 216 223747
549 266 472193
511 518 996830
264 347 588933
11 188 973838
553 555 253372
477 58 95373
392 567 104208
586 14 962846
551 278 684637
265 413 820315
118 172 636912
250 74 656981
125 308 694883
539 324 111641
331 87 148772
334 396 67870
254 192 501562
440 224 297263
493 574 793328
212 241 927645
126 95 822771
270 403 837360
524 259 511832
198 135 714527
80 586 952954
117 182 228498
313 430 66479
188 537 485742
380 543 122926
533 447 229294
22 312 719921
64 309 771874
377 475 700852
266 380 58414
3 413 605178
73 169 900312
570 312 316501
355 430 870603
65 407 939534
131 3 938307
191 243 417881
210 407 773973
5 385 251654
186 524 489557
200 536 590616
442 567 955447
423 179 843007
510 177 441906
277 119 322592
289 74 378932
493 559 698245
289 101 406026
260 397 656607
414 248 836196
293 402 514502
363 279 814506
170 322 770742
580 342 598116
434 217 376219
361 447 237569
92 312 331951
516 499 622601
368 348 455562
106 383 169906
423 448 459363
541 540 127551
426 48 303142
523 110 392331
6 533 263106
338 238 73294
258 478 487718
576 471 278113
38 372 733765
414 49 88332
158 95 742620
525 108 912385
284 465 723695
43 383 46845
77 126 785519
111 26 904025
495 61 465387
538 489 402247
384 583 622683
1 182 698335
280 353 617178
242 254 298733
556 310 486791
313 58 643170
79 165 360284
65 555 525382
311 202 531973
417 17 230187
60 214 113392
197 502 662487
171 377 430738
464 475 945095
122 332 492977
476 154 461729
128 407 85685
256 531 596008
323 137 86826
560 107 288763
488 218 974584
177 254 71608
126 586 812484
44 333 874592
365 50 730169
326 281 767772
356 227 934051
113 238 23709
495 374 169142
16 272 993232
357 244 940679
289 110 92742
200 253 802859
569 283 344835
540 52 807075
515 200 585243
434 42 397513
332 360 861914
445 354 149219
389 134 247079
553 173 650755
260 279 824155
433 153 426318
577 93 947563
185 467 295994
215 428 206788
322 134 682558
490 450 509251
208 279 873455
483 211 689054
344 560 320357
543 235 543253
321 541 865772
521 342 399353
215 191 302694
163 57 128660
493 159 641767
431 457 65503
358 447 180604
247 494 476981
566 270 286696
509 204 321353
80 518 530327
455 147 947722
96 105 983184
575 354 914544
578 433 858402
365 150 275280
222 355 273086
449 343 416586
138 442 449269
499 300 61243
110 74 159856
369 261 635285
312 288 703931
127 210 876695
331 557 29838
473 553 356465
587 444 67936
56 193 353325
369 447 687704
588 421 255130
199 306 793407
132 420 20147
69 129 853568
369 210 935020
5 577 810370
477 21 289241
474 331 590279
279 212 742501
64 175 627719
26 411 87824
366 349 652313
130 262 477852
368 421 115803
487 363 683128
8 307 400756
359 37 381024
178 128 694469
429 102 183189
561 420 805338
108 588 453094
472 106 229940
453 47 766086
583 49 729216
296 175 988311
16 287 648958
331 497 14090
524 332 190378
225 533 55783
225 56 227121
311 271 368112
24 538 20842
51 254 141764
73 142 570785
42 582 266435
227 559 831500
362 182 639782
284 573 74023
220 320 648255
41 128 276924
397 50 114896
340 390 192653
289 253 516728
54 460 242083
60 143 739667
43 430 396697
497 232 774566
331 304 374348
387 81 448131
295 573 761530
169 468 306474
182 486 16234
332 133 621730
269 398 457347
515 403 523803
275 8 259593
427 272 804261
282 243 229423
559 432 11389
357 95 452863
150 315 558982
123 112 416063
94 417 497354
447 23 529300
115 82 871599
234 250 249912
225 103 990981
373 32 754667
373 411 573907
467 111 692654
508 587 58658
578 515 652023
537 507 269590
407 46 724822
284 459 806311
96 114 910970
122 317 134338
271 366 490329
46 389 972079
213 177 397792
490 70 36411
251 250 393750
94 269 353574
415 183 446739
123 573 454716
566 446 415515
176 157 868270
456 94 866301
574 557 367130
504 106 742082
402 184 612478
391 541 238568
552 55 189911
542 244 337185
218 88 636449
208 513 54427
3 168 350929
110 51 848454
78 373 347931
546 572 783557
169 229 410711
55 464 231747
567 54 274626
96 573 298685
427 209 407836
285 90 887448
531 497 491767
336 149 245256
150 529 753777
70 494 186399
431 103 495139
511 406 102925
245 393 516919
403 21 33400
242 214 274055
126 421 780091
471 378 258238
134 332 527539
568 292 328574
587 509 21714
77 329 166349
71 386 368060
567 124 505565
299 465 416819
436 330 684613
127 147 503204
437 123 820561
549 3 412211
509 16 192760
417 449 738540
177 497 588026
289 143 858127
53 470 682577
412 230 96618
25 432 127483
26 161 511271
261 467 186348
274 294 180330
252 23 140589
437 484 423001
525 68 10252
92 28 999792
269 51 837988
38 212 165599
554 485 105880
528 241 605678
259 138 135008
97 152 384826
501 230 234971
508 293 989448
197 33 196701
362 303 789353
333 519 707832
284 73 204191
391 37 574411
22 487 539232
271 221 486731
110 575 922077
339 318 190130
481 273 19156
211 436 324557
425 576 880879
413 412 647536
358 424 85337
468 321 444507
134 276 193318
405 187 810870
181 53 573667
223 112 263927
548 524 838358
579 158 806770
480 309 872460
278 557 250502
573 588 70378
388 559 482619
455 106 439036
313 130 360790
215 460 860967
212 172 697539
414 295 841277
338 63 647542
427 441 147600
6 287 46469
269 236 793845
565 324 890561
462 499 904844
125 287 766382
174 286 73304
408 248 315739
251 113 379847
458 363 540266
193 412 632981
185 366 313722
48 578 732805
461 21 294327
173 225 65420
436 565 394864
89 168 101828
278 582 647891
448 377 91277
257 194 428509
459 208 417547
4 361 573168
13 491 981179
521 104 537218
496 84 623179
369 91 560730
339 25 803414
168 240 132364
217 453 346469
587 411 679792
265 472 724769
493 454 645220
414 107 929576
401 200 408243
63 413 890051
525 162 149805
304 365 51102
223 553 336280
349 27 562454
499 40 883449
363 343 399880
497 316 681301
284 228 756352
159 17 9478
135 546 982923
78 100 441031
504 57 970213
356 26 90425
64 195 355224
418 107 340492
569 493 296912
24 398 945695
444 350 493400
335 202 998996
158 35 115253
471 558 157012
429 581 121809
292 251 949719
277 221 260531
242 30 755553
23 537 596279
92 465 67795
587 193 604115
401 172 213218
388 324 110679
214 242 967460
417 82 794169
470 344 865200
524 457 836327
209 534 559810
345 337 699594
120 50 349254
346 319 26577
258 498 112694
483 363 962133
45 249 108664
484 154 323080
336 498 25218
579 77 866497
239 233 17193
257 197 917516
538 125 281427
270 44 813521
540 438 725991
25 534 246151
175 378 434053
292 405 414483
505 223 696376
90 161 121889
211 348 700672
184 386 597662
542 120 167843
476 44 600449
149 492 378926
435 45 974962
337 28 583076
240 542 956603
30 227 403444
453 366 97791
475 459 581500
213 64 997564
484 490 921158
562 322 69262
567 46 678961
332 19 414412
123 231 456989
486 389 115893
88 504 979541
491 515 474191
414 422 195344
554 269 76573
470 36 51071
557 192 474632
518 198 313959
330 538 526700
400 270 373169
328 325 995967
97 69 36194
544 303 323902
208 374 994882
137 530 970578
136 323 101284
578 121 193447
477 95 409444
210 267 25633
552 271 201264
521 209 810112
131 88 128880
481 473 371297
480 252 709923
525 528 461021
513 329 44172
248 277 785343
288 396 364668
220 173 174469
308 341 743370
74 421 709773
532 297 145004
463 122 325600
383 476 373326
98 52 847571
506 432 485524
97 498 919520
535 59 651886
26 296 771806
344 534 151854
256 518 829843
583 12 746008
82 274 614396
499 345 45551
363 31 270110
193 461 988781
357 486 572368
201 110 34862
466 13 646765
419 150 177760
418 543 734233
418 23 891502
443 434 774341
402 557 385582
499 36 875446
440 514 586739
229 572 147738
358 322 485740
230 474 170584
296 372 757375
221 191 522660
136 553 563326
224 429 29654
224 471 188072
37 232 120237
559 501 267562
417 399 68332
417 74 809822
87 407 740082
121 443 851492
202 439 333696
246 106 335323
529 213 16386
528 387 92081
401 369 732366
435 145 119736
511 398 785420
575 309 731452
423 412 396665
68 429 126001
193 556 476999
83 50 144380
343 302 664858
344 50 279292
199 448 424008
172 30 323121
212 399 867147
184 333 883752
112 362 288968
445 487 607303
186 208 153525
442 10 70417
245 329 618477
29 109 449967
78 415 133950
23 585 970894
164 503 865160
33 300 791417
293 495 690563
393 446 219439
185 82 492588
446 517 577850
29 415 192042
39 46 293146
17 454 404164
232 4 265146
460 167 566931
517 115 55997
207 235 767772
151 217 661766
8 12 62938
412 529 410898
151 367 794016
34 89 941594
62 352 264864
295 219 458787
494 238 708560
190 376 32578
406 73 601665
206 80 251482
74 351 524104
431 262 195113
358 562 192160
289 425 636345
181 563 179272
464 115 670858
418 185 1361
484 289 261641
205 333 491798
276 264 887800
559 166 860955
569 428 882618
248 554 301565
519 196 260924
469 285 645145
28 195 768714
263 31 227636
575 447 193169
342 151 887043
268 380 399128
277 364 362764
555 231 904516
115 335 811932
577 369 312594
274 373 770240
505 227 865926
130 307 999245
67 136 347047
177 34 132868
430 357 975839
470 143 989894
585 410 359402
243 356 256453
562 362 931316
507 265 205044
155 431 689858
422 148 684185
135 453 737837
291 186 93409
178 61 378588
306 243 717244
203 138 961797
241 42 441883
395 10 722055
481 46 354279
129 559 562094
375 63 36466
525 386 735153
125 130 90375
277 238 257347
397 563 396164
568 512 164250
543 530 324165
582 109 580955
112 560 789917
64 560 347412
45 532 468653
116 492 388208
37 165 576263
475 57 943227
299 272 146207
277 392 798039
85 362 562733
394 521 125619
192 501 700231
314 4 718335
224 106 40939
191 542 498974
542 559 697431
353 523 259978
47 588 56447
528 469 438406
398 427 258225
83 497 899884
50 271 566127
406 164 481856
549 311 206411
490 45 219447
257 538 61784
291 428 920094
481 234 985710
323 413 404534
578 361 115554
442 80 224880
78 226 81362
69 86 765925
543 190 392961
569 241 819666
65 276 569970
368 110 803001
388 302 273796
527 97 167001
46 15 729455
224 526 522046
264 546 748408
573 198 370064
577 317 503594
475 458 377889
3 32 726037
542 184 577489
410 71 6803
371 62 242877
318 394 55311
370 530 863128
371 170 573123
151 366 456904
78 570 720032
135 321 730402
167 544 401789
508 505 580339
169 39 834469
334 170 747882
421 384 92464
35 79 417297
474 546 33104
317 30 312043
483 201 194719
308 84 700307
204 271 297445
509 500 477790
57 581 778650
307 451 333122
210 508 859829
123 155 748263
120 587 734014
1 467 423474
25 577 574737
324 431 174173
284 378 106856
66 272 858384
183 147 914220
460 467 894125
398 471 622364
9 317 114302
136 224 803297
433 550 782369
417 362 996092
218 379 987456
346 563 124391
184 264 941366
454 349 440857
400 112 962053
514 197 934013
563 277 485708
385 287 679995
22 191 921062
411 138 7558
166 197 176854
480 445 846957
210 58 953918
243 489 539092
191 76 664495
515 481 813686
540 256 109325
219 89 453951
283 580 209282
382 574 750470
339 149 656225
187 289 768580
531 291 778858
133 146 676660
210 486 38023
461 449 546671
324 129 280935
493 520 679382
197 48 225401
356 43 75219
419 218 999650
504 90 344636
470 176 466469
321 402 342365
138 401 252710
279 284 989585
166 93 952785
99 431 848031
312 435 124576
513 20 671414
120 15 586778
449 544 622871
423 93 90719
587 133 975197
585 471 754455
263 4 490736
531 328 409708
188 495 637619
81 89 689114
314 186 110254
253 87 148125
373 176 800903
292 359 268747
177 326 337322
558 492 936770
173 226 749035
218 577 402160
288 419 820927
267 521 807008
408 311 663394
195 398 757280
375 447 73488
321 309 548791
527 358 932355
289 475 941443
539 211 370959
102 416 679707
556 110 448123
339 263 486341
518 329 349790
533 259 550855
113 59 531550
469 81 442949
236 477 808117
80 263 542243
57 515 950035
319 27 56597
495 292 502031
368 72 396695
379 239 996830
459 387 666268
565 113 495453
407 519 157422
515 217 678748
435 182 349096
375 86 842463
171 384 212546
130 147 321268
266 12 972208
402 176 828302
394 294 814666
333 205 764207
426 522 654471
295 395 382219
376 461 623500
369 27 185109
208 140 977066
239 385 614836
21 448 281408
337 87 476586
143 499 284616
510 1 856935
138 433 551523
457 482 707092
453 254 399745
100 131 565865
242 79 317985
332 220 874942
215 193 150926
412 308 898855
442 327 108172
191 251 714452
8 71 204109
127 530 664265
526 404 220197
586 395 849606
194 397 565488
432 472 34294
519 420 600799
271 357 62959
54 157 772902
409 374 802604
495 78 986012
215 148 794873
265 574 950128
241 478 764177
239 273 718593
33 55 918142
205 338 365125
387 381 112850
360 127 34390
263 172 716609
125 317 794692
100 396 17291
329 142 404029
363 329 504398
181 412 731826
483 3 792768
187 565 254565
544 150 769107
70 404 758345
88 529 792790
487 548 32252
76 210 62732
429 367 485386
148 161 846243
197 226 252357
515 558 428772
556 473 551762
336 425 630347
353 153 981986
60 221 72963
53 572 763138
278 334 163070
126 113 886226
438 145 909257
340 314 13386
159 478 237040
268 548 343863
446 97 748756
520 483 26904
483 47 481181
529 410 609698
476 388 145834
266 370 867300
543 53 8420
416 458 439206
487 477 867337
360 571 858858
258 65 79126
301 477 254910
170 356 263263
504 96 875792
263 5 320590
68 510 264347
79 577 779097
587 354 296581
143 188 837635
228 81 253398
297 1 888510
145 552 21590
230 492 244799
118 14 917511
236 257 582455
166 78 943191
22 404 716249
510 27 549303
243 96 798910
145 163 583697
499 94 799431
87 569 648316
154 260 517469
332 67 936557
131 158 985082
472 273 665288
381 18 493581
120 419 484171
286 189 575112
239 529 938159
120 354 678757
310 397 302974
476 280 245436
317 170 884289
492 504 332443
363 524 62962
320 85 373335
548 460 551162
182 385 911333
143 270 755973
420 374 714112
130 352 948288
146 287 568661
297 268 134527
227 432 632023
211 229 377079
532 440 667778
375 580 118743
71 514 808754
365 3 635401
421 463 14833
34 227 223120
176 336 162573
335 336 189348
449 306 254920
67 201 790390
77 277 619962
415 397 813719
97 404 725211
110 239 999704
574 390 56665
499 445 701674
354 586 878636
401 286 240508
271 334 141232
33 283 327358
133 258 685731
189 286 69849
227 336 140591
470 382 831630
231 570 942639
511 355 118375
222 493 763318
258 500 362704
538 500 173122
247 180 763746
447 499 720035
320 296 244957
231 199 965158
153 331 154092
252 286 943060
483 247 583910
439 106 568160
182 94 657309
339 39 937519
466 553 948995
372 41 293513
202 402 439714
230 21 344917
207 32 925169
545 12 116287
544 486 64279
245 270 712644
275 330 7005
65 514 297642
397 564 307522
300 403 978894
349 525 516185
462 570 977182
355 50 500877
340 434 581569
478 193 555764
377 504 248215
113 459 240214
120 188 378339
93 429 640153
59 47 314089
140 340 577948
390 531 552493
303 346 297310
103 311 767662
423 195 482472
4 172 66527
450 118 70739
206 578 216233
495 148 381407
179 278 222455
62 566 181438
349 348 65417
406 535 17795
102 225 868049
498 296 278285
276 508 119360
523 563 186308
573 199 998964
540 323 544720
255 581 749069
574 355 907933
505 351 956933
208 23 191311
358 134 150290
361 54 760657
17 137 948483
190 27 880904
556 361 462694
382 77 339371
375 556 436658
564 372 89920
218 209 448022
45 37 637678
516 197 608749
75 137 816612
417 497 484057
32 536 787987
213 524 95411
395 564 953658
298 421 56127
416 132 716225
474 367 599372
362 474 69020
408 494 126730
300 285 826990
480 246 579881
451 392 563887
485 80 258226
120 221 822495
116 561 2101
341 171 917837
5 200 676299
36 581 41786
85 312 252778
136 391 1744
569 585 107452
501 574 529245
139 427 575121
26 123 974038
15 125 194639
9 321 81794
386 579 807799
91 552 363120
181 568 70615
286 435 963397
137 427 177075
172 296 327355
425 562 909266
217 481 433494
402 460 805352
546 302 799554
40 117 30868
143 389 69697
265 248 460477
313 31 466903
104 504 881508
571 41 965419
504 248 377328
512 256 423925
62 512 926119
323 494 15345
353 557 843853
40 379 744932
251 368 370141
501 231 937071
191 122 573378
441 580 638677
278 362 382505
362 449 778686
125 227 328021
283 125 267127
396 14 395660
349 519 368357
53 497 595143
435 438 69569
500 36 555234
242 92 96510
76 179 722639
403 301 434069
3 10 155861
502 165 186651
110 344 643840
85 71 15593
470 247 798427
315 302 889464
554 420 40893
326 240 910724
364 346 896873
482 542 859498
460 372 76019
298 165 683784
437 49 192493
520 562 731692
349 457 349138
541 493 702337
217 350 117970
209 221 926949
205 288 161552
28 111 193034
201 121 548978
109 381 349268
385 428 263665
465 296 688156
433 364 703122
521 128 495883
151 501 114462
161 524 491738
517 224 339359
144 534 213947
347 328 631325
558 572 558456
244 227 96573
458 512 814105
162 409 679729
284 111 450070
260 14 247696
392 146 885500
261 588 40254
205 294 359224
375 340 349909
295 235 366711
203 263 513437
461 220 684665
580 371 462142
461 556 787599
512 255 199323
171 201 794325
329 345 777874
398 571 686486
359 205 251307
385 537 326795
198 153 263222
543 261 211895
506 484 976182
-558010 572543 910212 -397329 -251180 139501 811633 857097 918936 -868150 996527 116816 -401347 389624 782810 -408630 -612398 -753857 840256 -926141 511783 -352801 129969 836705 744385 -378430 -113149 139568 -242439 994377 56877 -567997 -336487 -289738 782577 -794385 -3674 702827 -418022 482839 -263494 835971 -558821 635898 -459731 -336611 650520 -870776 402753 787152 790656 833576 -248652 -79635 493532 673354 34811 366426 -916639 -744735 -254652 -610368 -108666 485085 174799 -147229 -477329 -500922 708436 965172 -914510 -509875 925565 -63544 -120811 -38370 -97614 -323079 39241 -595402 320945 237608 574502 -457511 -577998 752701 -292572 876454 -556640 10767 156556 -569872 -345799 631538 667640 769919 -870385 -514442 -824554 410316 819970 289361 628180 -665583 624024 -438068 -749082 -559987 725699 -181819 -687556 -952706 580613 -634263 225641 -398988 943005 -826073 971216 848496 871966 757183 984824 -281497 -554422 -658184 355731 -258772 -641099 -947909 824847 716051 -81826 678984 -48775 733410 -734185 -896702 756186 -163355 216251 953438 611224 -282346 -255517 -882220 -770020 874545 238766 -709454 -816093 -201783 -651688 517966 249317 443985 553567 -666520 611240 755905 -953297 3291 -816429 715397 627949 -829541 336409 -409777 -736425 374266 41209 727916 -332506 -258541 -224920 412522 371598 -151033 -218818 570464 554748 -88292 776477 -13226 553879 -743782 -741091 899228 129837 867242 -82074 -315927 434595 -102556 -410966 -885678 -912661 -187799 584890 658163 -752740 -225958 -150466 303425 860324 996214 -545276 889861 -152690 -518067 -237417 -501576 969470 547475 704005 105729 647396 33172 -913605 814077 -85074 -147899 -556360 -767120 -456539 817002 953820 -622765 361182 -942087 763290 643822 473276 561067 113545 144325 -431340 -429220 68670 -289222 820493 710684 813016 -403653 -487682 -270187 89258 -271685 888239 145228 848449 973537 892958 -708682 332719 -490594 -328040 -336309 -737842 940406 -817832 740826 814623 202549 896661 807542 179759 187398 100970 -892518 -209596 -388209 -800718 -285567 993592 223251 -77217 -606338 -647334 777791 841600 822080 -822952 162404 235900 -887893 673384 -631035 215950 -540235 -625794 -739255 -887276 -665234 -337260 794219 -666398 482134 570558 333866 -869215 917219 -426278 455657 358208 -821020 340098 805810 536639 918373 990459 387093 113545 191047 -522733 725377 -804844 308691 -439195 -535167 743937 471680 144082 930477 -457696 -701060 446185 530586 -754611 -474656 -237039 628214 -418857 -157932 289838 24783 -388419 -91057 776935 910891 -411172 -955491 -134708 577113 -463016 -753607 -28623 415651 -333005 209348 -87931 -118122 -95373 -543206 956287 837624 -572491 -76693 -773381 -747356 294232 745329 -394847 979469 -323925 -671382 -109345 -935397 54001 709026 -990629 41774 446996 -359978 450719 915495 -538843 -139668 19068 863442 -541455 603493 258474 -236839 281072 -358321 923411 -294501 -182735 640762 -741373 972847 -85011 443229 767978 321751 237052 543918 627624 -223735 -468403 -712049 989376 68562 -496451 -167973 656669 -462027 724369 -158712 59874 667367 -906360 -163900 526292 31737 195454 -652158 -356740 611313 -311676 454570 -670241 -222638 -554179 306468 -158389 578004 -525689 677426 561627 491794 155720 800241 -47213 11381 301202 429107 995135 -914492 947632 -22387 -810354 79712 -100642 972729 -234678 511915 -938823 579284 804741 -855446 418301 414442 -495644 -13906 597677 -948731 -417568 -774898 -793208 984064 53390 -35092 898423 112488 -245896 340355 334284 -195945 -281544 -974933 346782 498267 987013 142529 -965264 718179 702070 985796 -605230 -558191 629524 674321 256746 544717 721602 51020 242437 -58715 -596594 -177851 -799390 391833 -97318 514349 716151 675598 -255834 266303 43256 -341346 -7246 -332817 -192350 -106228 464504 -108892 262231 616471 8762 746049 131963 -974631 -794866 -502669 -879200 78857 677660 276290 -901982 -139078 -754360 -260579 995311 -72947 -733480 -557130 -763270 -555340 -321786 450206 473316 -242508 857147 -872607 -4770 324166 -818400 -581109 -504545 -190765 349728 -331907 -781315 -332874 -200267 -805782 49274 -808986 524603 -392046 847532 -110124 -718876 56793 -902537 117294 361839 487807 -518578 10312 840526 319305 515833 -146951 342123 -230753 795560 -457389 422599 137095 211175 498559 316854 -783502 970501 -691309 -168683 518919 108268 356835 -738204 -26121 -218002 -286377 -116342 910507
659332
