4511 997
301 308 8
1409 1426 48020
590 595 25698587645
2428 2435 336
2057 2058 77151233670
4173 4176 28
3028 3034 14
2647 2680 6667920000
2171 2178 162
3214 3243 120960
346 348 9
3592 3597 18
4338 4341 50
4396 4405 1050
721 729 960
1937 1942 42
3820 3827 54
1608 1613 140
494 498 12
3546 3573 5904900
996 998 42
1200 1204 10
1541 1546 8
4360 4361 9
4477 4483 280
1265 1269 54
1258 1267 24
2822 2824 72999470411
3652 3659 48
998 1002 88583987110
1560 1565 30
1673 1676 50982188223
4207 4216 3528
882 883 21
142 151 224
17 21 51983136000
379 396 336
2243 2246 63
3459 3461 76921934064
3257 3290 4233600
705 707 12
861 876 80
3907 3924 20160
673 680 18
3350 3358 1050
8 14 60
1778 1781 15
2000 2009 441
4192 4204 675
3699 3713 54
2104 2108 14
3652 3657 12
2453 2458 80704012594
4054 4068 432
3830 3837 210
3518 3521 10
1365 1372 840
3714 3715 52554043542
3967 3968 71839869393
1315 1316 27195414390
4443 4444 22142174529
2332 2335 20
1764 1766 12
1274 1275 21
4020 4029 12
4372 4377 44195906587
1653 1665 3150
4392 4395 82712262188
235 248 17640
1279 1280 49244331080
3637 3640 93372195450
3997 4006 336
3744 3750 84
2132 2140 63218978964
2578 2589 42
2609 2610 20902194624
4160 4164 42
238 248 17640
469 472 75519881130
2655 2684 408240000
3285 3312 10584
1361 1368 1890
1816 1819 11064011685
3373 3380 100
3987 3988 87179425573
4296 4301 15
1839 1866 2646000
4312 4315 21
3745 3750 84
726 736 672
1122 1128 10
1575 1589 90
2158 2168 1152
1766 1772 8
747 760 97185471556
803 805 97241450322
496 501 24
4209 4220 79380
1859 1872 2700
4349 4354 10
3817 3825 486
889 892 23935834748
3889 3892 51100784984
2036 2040 80
922 937 2940
1809 1811 8
558 577 24300
4347 4353 50
2247 2249 45796732852
4164 4165 67147539716
2039 2047 600
2512 2513 15
2000 2011 882
345 348 27
2763 2772 36
575 582 18
1475 1479 91876835120
2705 2715 245
3254 3255 6
2586 2598 12
2369 2377 84
1374 1396 26460
2713 2737 658560
2128 2129 1
1530 1537 18
1346 1351 20
1754 1761 36
1633 1635 52666210713
97 101 10
4142 4150 42
685 693 420
2158 2167 576
3980 3981 42186257802
252 253 1
703 706 36
1337 1345 1372
4246 4256 66335136708
2602 2606 10
428 436 42
3255 3270 576
1351 1355 25
4092 4105 9408
4371 4376 44195906587
811 816 294
3958 3961 10521798245
831 843 1134
1108 1124 252
883 884 21
70 92 70000
145 151 56
1568 1572 15
998 999 88583987110
1782 1784 56556225958
1799 1807 41787430578
2769 2775 30
2407 2408 14
2813 2815 10
2876 2877 14
279 288 56
39 40 15
1914 1919 28
1243 1248 450
3989 4001 3024
2239 2241 27
2809 2810 1
632 637 196
3565 3573 486
633 637 98
3592 3599 36
915 916 94168750182
532 534 12
3542 3554 2835
4361 4365 105
140 145 588
4348 4353 50
2593 2606 40
1580 1592 756
3874 3877 75
4029 4033 24930397265
2618 2659 170698752
8 12 10
3291 3327 1185408
1744 1748 10
2039 2042 20
2025 2038 16800
3994 4005 336
37 40 15
2130 2131 47614176173
3236 3248 448
3410 3416 210
4207 4211 56
97 106 20
877 883 1470
4007 4009 14
2245 2247 18
4310 4311 35108225204
2574 2576 63327551957
4010 4016 18
2079 2108 33339600
3496 3503 756
1043 1044 10
2247 2251 45796732852
1171 1172 29516222323
2058 2062 42
3416 3435 388800
4436 4440 10
3881 3889 210
2966 2969 21
393 412 50400
1533 1542 324
4229 4236 56
1517 1519 98372715774
1895 1899 21
14 16 30830302304
3482 3486 12
2700 2705 68490254916
147 158 48
3313 3328 1008
1615 1620 25430321666
2075 2108 700131600
1786 1788 58445404283
2482 2492 11760
3221 3246 40320
1306 1307 2
3679 3703 218700
3896 3899 23565720598
2285 2286 79761479572
3099 3100 74710398504
755 763 97185471556
1950 1959 12
1956 1964 84
2897 2899 95216827041
4095 4119 10372320
564 578 108
306 310 100
2240 2243 9
1485 1486 92085987627
4469 4477 756
1076 1086 36
1275 1279 28
421 428 30
41 42 68653811778
1916 1932 12348
1475 1477 45938417560
898 911 18
1144 1149 21
4017 4018 9
4306 4309 20
1425 1432 10
1368 1372 84
3209 3229 576
3780 3793 756
1793 1799 30
791 800 49
1612 1614 21
2138 2141 21072992988
1332 1345 8232
4403 4409 30
3613 3637 1920
4047 4061 2160
3763 3792 1905120
2044 2048 12
436 439 40475106175
3368 3379 400
4228 4235 56
2115 2121 48
2250 2252 24095109881
1911 1912 70347853484
2509 2512 18
2898 2899 95216827041
922 934 2940
2242 2246 63
1809 1810 4
282 290 280
23 39 96
1975 1981 540
1487 1497 56
2674 2688 12000
2869 2870 63060626712
445 454 66738890592
3871 3877 1125
892 909 216
4334 4336 24363872952
3894 3899 70697161794
1012 1019 24
4125 4129 42
167 189 27440
51 53 97309814431
789 799 35
2543 2547 75
2115 2120 24
1830 1852 10080
11 16 92490906912
834 863 1428840
1532 1539 54
2715 2739 395136
509 512 26977426966
1497 1504 40
2909 2917 24
4142 4160 10584
4122 4125 18
3635 3638 18674439090
1536 1544 1296
1812 1816 7
2529 2542 9450
3810 3825 69984
3268 3312 103723200
3640 3646 9
1775 1778 10
79 101 7000
4450 4461 84
1179 1200 480
1267 1269 27
16 19 46245453456
1041 1043 10
1177 1191 48
1110 1125 252
3660 3661 34395518193
4413 4419 14
4251 4267 1152
1346 1354 500
2473 2481 441
3925 3934 6300
206 210 10
378 390 84
2987 3009 1890000
2668 2688 504000
2850 2853 45
164 185 7840
3651 3652 1
1996 2006 7938
625 633 96
3506 3508 10
4282 4294 175
218 220 25
2399 2403 24
1522 1531 900
4007 4012 126
1826 1851 70560
2562 2563 97243999696
3063 3064 42302097650
2228 2229 66059992244
1201 1206 14
3607 3618 140
2044 2054 192
890 893 47871669496
1967 1972 336
362 364 14
287 290 10
3367 3368 1
1684 1691 126
4090 4096 720
370 372 56592785983
121 122 9
3086 3090 12
318 325 30
4439 4444 44284349058
2583 2597 12
3212 3243 241920
3396 3399 105
2698 2705 68490254916
2161 2168 96
5 7 37435556274
2543 2558 117600
1791 1796 30
757 769 28
3446 3453 40
1128 1129 74928810020
1939 1943 15
3515 3521 20
4156 4160 14
185 191 14
3427 3435 144
449 455 66738890592
2339 2349 6
968 976 50
3979 3980 14
2763 2775 540
1766 1771 8
4478 4488 560
3896 3900 47131441196
4447 4449 43904034754
462 469 70
373 374 9
2611 2646 48384
2286 2289 50
1746 1749 30
428 432 21
961 971 200
1879 1897 3111696
3768 3793 238140
3013 3014 34699200975
2453 2456 40352006297
496 500 12
1459 1461 35857806093
3985 3987 8503197718
1452 1454 14
2387 2390 15
929 939 196
2402 2404 82179425080
882 884 147
3730 3734 686
3857 3865 420
734 738 42
2383 2384 33953514370
393 415 50400
2826 2836 84
2024 2035 1680
1032 1033 46210408475
4466 4472 18
1728 1735 7
2659 2686 15120000
1839 1854 1260
4158 4163 84
1131 1134 14
362 366 14
323 328 9
2693 2696 14
576 584 18
2559 2562 48621999848
2060 2062 14
294 295 13910858279
3402 3408 21
4215 4224 810
4124 4129 126
1439 1454 392
4314 4316 21
1719 1721 14
4332 4336 24363872952
1566 1570 10
2073 2090 55566
1095 1099 21
2265 2269 37213615242
2338 2342 9
1939 1946 30
1921 1933 126
4448 4455 8
2017 2019 12081220736
3578 3580 29874322810
2303 2309 196
2745 2759 240
591 597 25698587645
4347 4348 5
1591 1593 28
3408 3409 27720300658
323 330 9
2916 2932 105840
4262 4282 10752
881 883 147
2144 2149 15
816 823 14
2981 2995 4200
2529 2537 675
4251 4266 576
2924 2937 2520
1405 1419 2744
4508 4510 18
3142 3143 86159300758
3861 3876 94500
3946 3948 66423781498
3266 3307 1234800
2369 2373 21
4319 4320 88784926070
2152 2154 76816282388
986 993 60
686 695 6860
841 870 90720
3411 3432 2916000
3974 3977 15
1975 1976 9
3832 3842 60
1364 1371 2520
1260 1269 216
4179 4180 35692187769
747 758 97185471556
1292 1294 5
3682 3711 437400
195 196 91111665876
2577 2587 42
3493 3503 79380
235 241 45
481 486 210
3749 3753 12
834 849 189
1239 1248 5400
3544 3554 2835
207 210 2
3170 3195 100800
2407 2429 3457440
3026 3029 5
2814 2816 78586900842
2810 2813 20
2704 2707 21
592 598 77095762935
3854 3858 14202287950
3159 3188 483840
3352 3365 3675
3757 3759 84682521720
2274 2281 294
3376 3380 10
2535 2547 3150
3256 3287 8467200
1217 1229 12
1082 1086 12
656 669 504
1816 1818 11064011685
4033 4034 35865967050
2486 2509 33600
3068 3078 20
4214 4222 5670
2072 2090 277830
496 506 672
3038 3046 56
164 188 109760
4406 4409 5
549 553 7
1623 1625 8
1947 1948 64228258276
419 425 100
4119 4121 35
1910 1912 70347853484
2286 2291 50
3836 3851 1008
707 716 8
4216 4230 3780
726 731 16
2781 2785 63
3782 3805 4032
3447 3455 120
2510 2513 90
3158 3170 1008
732 738 42
3909 3930 403200
2973 2978 78766847616
266 271 56
1659 1666 45
3827 3828 58511621457
4326 4332 85653330663
1022 1025 42
2043 2048 60
2565 2571 240
1849 1872 94500
1490 1502 140
3651 3657 12
720 722 45
2269 2281 588
3800 3809 2
3536 3538 1
4385 4392 12
1397 1416 65856
65 91 1680000
3209 3233 17280
1432 1433 29111424982
2225 2228 18
335 346 1764
417 418 82026559883
1684 1701 5040
3209 3237 17280
3574 3575 10
3092 3095 94844254520
813 819 98
2407 2411 294
3519 3534 5760
3802 3815 48
3713 3715 52554043542
1791 1799 60
4268 4294 117600
2128 2131 47614176173
1207 1208 83061874978
1960 1964 21
2885 2896 1680
2057 2059 77151233670
3432 3435 12
4478 4485 560
2106 2109 98
2074 2092 111132
1370 1372 14
506 507 91707867435
4050 4061 108
1894 1898 42
2739 2740 3
2544 2561 39200
2348 2351 1
2969 2974 108
1647 1664 308700
384 396 168
2875 2877 97560318492
3316 3328 126
2152 2156 76816282388
3337 3340 8
3675 3695 24300
2529 2535 225
1139 1141 8
2318 2320 37055749482
472 484 50400
4093 4115 2963520
1129 1130 74928810020
3081 3083 99593542809
3537 3543 14
995 997 42
2158 2166 288
2118 2126 2688
1786 1787 58445404283
2951 2955 135
4307 4310 70216450408
1556 1563 300
2223 2226 27
3636 3639 93372195450
3084 3088 36
217 220 50
2880 2883 84
1209 1220 30
527 533 18
649 669 45360
4476 4480 28
4131 4132 73429043897
3186 3204 5040
1645 1651 98
610 628 105840
3390 3396 36
4197 4204 225
4050 4063 216
914 915 62779166788
3638 3640 46686097725
3051 3062 8
2747 2766 2880
2137 2140 21072992988
2353 2355 15
2809 2813 20
2835 2844 54
1576 1589 90
1692 1703 160
3480 3486 36
155 160 12
2110 2112 41093260812
1716 1721 42
2815 2816 39293450421
556 557 35210388198
3104 3109 40
2575 2576 63327551957
4242 4243 10
4336 4340 50
4441 4444 22142174529
3976 3979 35
4347 4351 50
1572 1585 450
471 473 75519881130
4356 4359 70001597536
1618 1621 25430321666
4391 4394 82712262188
985 993 60
4252 4272 32256
2778 2779 96401112262
2114 2115 22787846662
2356 2363 48
2520 2521 19366236483
1513 1514 10
215 217 12
2445 2450 28
3474 3486 108
3810 3821 1296
2987 3003 105000
2395 2397 55083484668
390 409 16800
649 653 18
1257 1264 8
3 6 37435556274
3600 3601 873587242
1626 1632 48
823 824 17697908950
2649 2680 952560000
3381 3383 81572571550
515 519 40
1620 1624 8
3670 3673 18
2404 2405 82179425080
1380 1415 580849920
803 807 97241450322
1667 1672 9
324 339 1008
2252 2253 24095109881
2453 2457 80704012594
3637 3639 93372195450
802 805 97241450322
2938 2944 33059413255
1787 1788 8349343469
4047 4050 40
2634 2661 3556224
2395 2396 55083484668
1790 1793 11157450684
544 553 28
1047 1050 8
327 345 4704
1080 1086 12
3582 3592 384
3656 3660 72
50 53 97309814431
3602 3603 96423635075
1154 1162 45
457 458 29762073294
3718 3721 10
4185 4203 4050
3003 3011 270
1295 1303 54496482894
4007 4015 252
3854 3855 14202287950
1021 1024 42
1660 1670 405
3021 3028 90
1317 1319 14
1274 1277 42
468 471 25173293710
1741 1748 10
2486 2493 840
1410 1427 48020
3896 3901 47131441196
1075 1076 9
2194 2223 762048000
809 812 44701438386
3802 3820 1296
2396 2397 18361161556
3878 3880 63206120662
4174 4177 14
3589 3594 24
4182 4198 126
979 993 240
4092 4103 9408
1471 1472 2
3500 3508 3150
4174 4178 70
1239 1245 360
225 240 16200
755 761 48592735778
4213 4220 5670
3906 3922 40320
2987 3010 5670000
390 398 168
4182 4199 630
3047 3049 39213687794
1044 1049 120
747 759 97185471556
1142 1143 66729535495
721 724 30
2942 2949 50
1614 1615 3
1330 1345 8232
3206 3208 66634475891
4122 4124 18
3542 3550 315
48 49 35
3658 3660 12
3005 3011 54
2216 2225 8100
438 439 40475106175
4330 4335 24363872952
1252 1255 62916163088
1838 1852 2520
1749 1750 61002835056
4358 4359 70001597536
465 470 35
2975 2982 91894655552
933 965 307328000
2015 2016 10
4180 4181 9
1213 1227 20
667 678 84
4055 4069 864
1282 1285 25
1379 1406 2963520
1662 1671 405
4373 4377 44195906587
1318 1322 28
1486 1492 8
678 682 18
3628 3637 12
2797 2798 76278036664
3609 3628 2240
22 23 1
4384 4392 12
2520 2524 38732472966
3727 3733 98
3961 3963 1503114035
2994 3011 945000
3178 3197 5040
2171 2179 324
2062 2063 47735785046
3961 3962 1503114035
4265 4293 470400
1462 1470 8
974 990 240
2372 2381 1372
1757 1761 9
2805 2807 1286618291
1136 1137 10
2332 2334 20
2338 2344 9
3826 3828 58511621457
3451 3456 60
1421 1431 70
1765 1771 24
1794 1800 69645717630
747 756 48592735778
3418 3435 129600
718 721 30
3143 3147 14
2129 2131 47614176173
2 4 3
3932 3938 30
3801 3815 96
2866 2869 9
3756 3759 84682521720
631 637 392
1231 1232 32193982661
2940 2944 33059413255
4236 4240 89067456884
2824 2835 168
2943 2949 50
2704 2715 735
1592 1595 8
3183 3202 5040
2062 2065 47735785046
3575 3577 12
4428 4437 1750
1712 1716 245
1888 1898 1764
597 628 1800338400
3066 3070 10
4123 4128 378
3943 3944 98807378478
1292 1295 6487676535
4189 4203 2025
156 160 12
3607 3613 70
2208 2223 81000
2194 2204 2352
4464 4468 46576603501
888 891 11967917374
2092 2108 12600
4240 4241 89067456884
3128 3131 98
4082 4086 12
1497 1510 2400
1870 1874 12
2015 2017 10
539 545 50
738 742 71252741177
932 943 196
4376 4378 88391813174
3890 3892 51100784984
3716 3721 50
297 308 48
3640 3650 54
1451 1454 14
1353 1356 25
2610 2637 3024
3986 3988 87179425573
3034 3035 3
3124 3131 294
1764 1768 12
3447 3456 120
3854 3859 28404575900
3066 3075 20
589 594 25698587645
4088 4090 25
2419 2435 10080
1194 1203 40
4204 4205 88362742544
554 555 9
1138 1141 8
3691 3713 9720
2530 2547 708750
4080 4086 36
3741 3747 147
274 287 336
2217 2225 1620
14 18 92490906912
2909 2921 672
776 799 37800
489 496 84871912320
3928 3935 1050
2481 2490 2520
444 453 10
3787 3809 288
1136 1138 10
3659 3661 68791036386
2970 2976 72
1521 1530 1800
4364 4372 70
2109 2110 21
3134 3135 48164220483
2168 2170 57079939478
2307 2312 98
1255 1257 10
3762 3788 105840
1905 1910 63
2251 2252 24095109881
1783 1784 56556225958
3973 3976 75
1995 2000 18
1223 1229 12
942 969 31360000
286 290 20
4272 4294 4200
3285 3319 1778112
2674 2690 60000
1281 1284 50
999 1002 44291993555
36 40 15
1731 1742 840
3591 3597 18
2637 2672 426746880
890 892 23935834748
1550 1555 8
469 473 75519881130
2038 2042 40
576 589 378
3471 3475 27
2520 2525 38732472966
4169 4174 60
3395 3399 105
3586 3592 32
2713 2719 10
2563 2571 960
1371 1375 35037441578
2578 2591 42
996 997 21
3438 3439 67523265540
1058 1062 39842708242
4400 4407 1050
2066 2069 75
1666 1672 9
200 205 15
4383 4391 12
1735 1743 120
4116 4119 14
1701 1704 8
1043 1046 150
3598 3599 2
109 111 9
2464 2474 168
1136 1139 20
1785 1786 14
738 740 71252741177
3345 3358 3150
3326 3329 3
2051 2056 28
61 72 1440
2435 2439 16
312 315 150
705 708 12
2879 2883 168
1094 1099 21
2414 2431 23520
1758 1761 9
684 689 84
3713 3714 52554043542
2714 2738 658560
2871 2872 21
775 790 5400
1025 1026 10
3262 3294 529200
2336 2342 18
526 533 18
4051 4067 432
58 68 144
2391 2394 44691026263
422 430 18
3718 3722 10
887 891 59839586870
4435 4439 10
3590 3596 36
756 766 4
519 521 14
1843 1869 13230000
2278 2284 252
2122 2127 224
60 69 144
3131 3133 21
1591 1592 14
1814 1818 77448081795
3739 3741 1
2713 2726 1960
2068 2069 15
2900 2905 18
850 875 120960
3473 3479 9
3072 3080 20
3148 3151 10
2752 2769 2160
1235 1243 324
2138 2140 21072992988
1752 1756 8
2529 2536 675
4463 4467 46576603501
267 283 12096
4394 4395 82712262188
4404 4409 10
