1933 1057
906 921 1029
1922 1930 82907808502
1723 1726 40657419201
1208 1221 60
1468 1485 252
1503 1520 15
516 554 28224
1741 1822 1693440
1833 1869 6300
1689 1725 48
183 223 240
941 977 96
1803 1848 137200
1565 1579 30
1607 1608 1
1885 1910 12
504 515 75
1856 1885 900
929 930 55673986910
422 432 30
290 295 94075557580
1503 1519 15
443 459 58260120731
530 564 21168
298 310 18
1269 1318 72576
1889 1928 12
80 154 544546800
871 897 280
1088 1120 240
524 562 6048
651 762 3200601600
327 330 20603665448
329 331 41207330896
953 984 1008
298 313 126
852 866 10
400 408 53455908841
169 221 1440
877 902 140
80 105 5145
1227 1233 14880418975
621 709 2333772000
516 534 588
469 472 78454749975
263 278 30
89 191 400075200
329 330 20603665448
1148 1208 26342400
634 733 10001880000
936 950 24
934 945 12
562 587 252
443 451 58260120731
1501 1512 53811788090
986 1062 6350400
1503 1523 105
874 900 140
1727 1733 9
1009 1062 105840
799 805 14
1501 1506 53811788090
967 1023 846720
80 172 24504606000
909 924 294
295 297 47037778790
63 104 324135
321 330 20603665448
207 266 32928
1069 1110 20250
1585 1587 21
12 40 37800
132 220 1166400
743 795 10160640
1080 1113 450
1607 1641 40
1581 1583 10
306 327 189
77 104 5145
1481 1498 126
1176 1211 164640
73 104 108045
1107 1136 240
733 795 40642560
917 925 42
206 261 16464
157 221 21600
705 769 47416320
404 419 53455908841
620 702 4667544000
1583 1586 105
1476 1497 252
1453 1480 216
1276 1328 1693440
1330 1451 2389782528
585 592 90355937607
460 468 14
1048 1064 14
1607 1646 240
1612 1668 18000
1107 1130 240
1046 1064 14
1241 1250 14
541 573 3024
1518 1529 245
302 314 63
1839 1878 3780
202 260 16464
80 173 24504606000
53 98 92610
1206 1213 14
367 368 1
285 293 168
1284 1333 3951360
1194 1211 392
1062 1065 65395499805
1112 1208 12644352000
319 330 20603665448
1885 1924 24
1549 1573 60
705 765 11854080
944 983 4032
405 419 53455908841
446 461 58260120731
496 508 58544920752
1330 1460 14338695168
1112 1205 903168000
508 515 25
1215 1223 10
1545 1573 120
1614 1685 225000
970 1033 76204800
921 928 10
88 189 400075200
570 587 36
521 561 12096
1542 1555 40
1088 1124 480
1063 1066 65395499805
1580 1582 49295305750
1328 1420 16595712
629 717 2000376000
881 914 3430
1243 1302 2540160
487 500 39029947168
1754 1828 2963520
1717 1725 1
201 257 2352
881 905 70
1614 1691 450000
1574 1580 24647652875
1023 1063 1260
794 797 6
915 924 42
995 1062 1270080
1501 1509 53811788090
1305 1345 17640
1563 1579 30
509 528 2100
901 919 343
569 587 36
1524 1538 84
521 562 12096
1871 1895 60
1439 1475 1296
324 330 20603665448
707 785 12802406400
1589 1601 12
1152 1210 13171200
1752 1827 2963520
48 75 84
443 460 58260120731
1542 1553 40
38 69 120
1112 1202 903168000
1243 1279 2520
310 329 21
1534 1540 12
400 403 1
1586 1595 12
1226 1232 14880418975
1543 1564 40
298 305 2
575 587 12
1050 1064 14
1700 1725 12
555 585 2268
601 657 51861600
360 368 30
1108 1152 2880
470 476 52303166650
630 723 10001880000
95 205 4000752000
54 102 324135
525 564 42336
1332 1468 43016085504
469 470 78454749975
1107 1142 1440
673 764 106686720
1013 1062 105840
1792 1835 27440
941 963 48
1418 1473 31104
474 494 12
427 439 96510886546
470 478 52303166650
1152 1211 13171200
1579 1581 49295305750
1588 1600 12
300 313 63
536 566 3024
797 805 42
816 840 28
610 684 777924000
1347 1472 12290310144
538 568 3024
295 299 94075557580
803 809 28
776 796 30
859 889 140
1404 1473 124416
326 330 20603665448
489 503 39029947168
1067 1098 1350
1217 1224 10
1741 1823 1693440
1472 1494 756
1558 1579 30
852 865 10
1468 1482 84
245 278 17640
1578 1580 24647652875
1205 1211 14
284 292 84
1480 1498 126
936 954 48
1475 1495 252
295 302 94075557580
1520 1536 294
1506 1524 105
2 19 28
753 796 846720
637 737 3333960000
1533 1538 12
80 161 1633640400
881 919 24010
937 955 48
467 469 21
1247 1305 5080320
539 571 3024
1240 1246 90352681403
5 21 28
762 796 211680
516 542 1764
709 795 25604812800
1683 1725 48
591 592 30118645869
808 817 56491667770
46 75 84
541 580 36288
1223 1228 14880418975
526 564 42336
532 565 3024
16 53 75600
1003 1062 211680
829 843 14
593 598 14
400 405 53455908841
1387 1473 1741824
538 571 3024
1032 1064 14
1674 1725 240
1501 1510 53811788090
602 673 518616000
508 521 525
1330 1466 43016085504
810 823 56491667770
840 862 70
490 504 39029947168
464 468 14
1439 1479 2592
1853 1882 2700
1232 1234 1
586 592 30118645869
1164 1211 1317120
1221 1227 14880418975
1276 1325 846720
1613 1679 225000
1830 1860 2100
1588 1601 12
1336 1468 6145155072
358 359 63710418867
261 278 90
1208 1218 12
80 143 181515600
1925 1930 82907808502
443 458 58260120731
1507 1527 735
634 730 10001880000
1223 1230 14880418975
714 795 4267468800
349 354 1
1727 1741 1350
431 440 96510886546
1410 1473 62208
1088 1114 30
1273 1322 362880
1327 1420 33191424
1066 1075 45
1267 1315 72576
46 69 12
1524 1537 84
1064 1067 65395499805
708 786 12802406400
723 795 121927680
1510 1528 735
1588 1597 4
598 644 24696
307 329 189
1290 1336 987840
548 585 9072
1832 1866 6300
602 664 51861600
52 96 92610
1543 1572 1200
1885 1912 12
1927 1930 82907808502
112 206 57153600
336 340 1
706 769 47416320
1395 1473 870912
208 268 164640
1175 1211 164640
103 205 571536000
606 675 518616000
1741 1825 1693440
1246 1302 2540160
302 316 189
1243 1282 7560
921 926 2
1731 1803 2721600
277 288 42
60 104 324135
1430 1473 1296
1342 1469 6145155072
233 278 123480
400 413 53455908841
208 272 493920
1222 1227 14880418975
151 220 21600
1214 1221 30
590 592 30118645869
981 1047 19051200
1140 1208 26342400
400 412 53455908841
474 495 12
1413 1473 62208
1879 1896 30
231 278 123480
1577 1580 24647652875
1857 1885 180
1826 1848 980
1063 1067 65395499805
400 416 53455908841
492 504 39029947168
1243 1266 420
1224 1231 14880418975
932 938 12
616 701 4667544000
496 507 58544920752
767 796 2160
1250 1312 1088640
1562 1579 30
1601 1602 48604846598
806 811 56491667770
881 911 490
587 592 30118645869
1728 1801 2721600
172 223 480
413 421 3
16 51 37800
1320 1372 1728720
897 919 686
416 428 90
1098 1129 1200
1243 1285 15120
1636 1725 2160000
1852 1882 2700
1835 1872 18900
748 795 1693440
1093 1125 480
356 358 63710418867
593 597 14
1269 1319 72576
298 311 126
417 432 90
948 983 1008
21 68 226800
1321 1388 10372320
472 494 12
1092 1124 480
1920 1929 82907808502
788 796 2
1215 1221 10
450 468 14
1206 1217 42
484 500 39029947168
1556 1579 30
1254 1313 544320
906 924 2058
509 531 14700
91 198 1333584000
1856 1884 900
1224 1232 14880418975
1614 1679 225000
1722 1726 40657419201
1543 1560 40
859 895 140
1485 1498 18
330 331 41207330896
357 359 63710418867
1323 1411 58084992
1356 1473 12290310144
27 68 25200
1608 1658 3600
494 504 39029947168
1504 1523 105
1543 1556 40
2 21 28
118 219 114307200
1849 1882 2700
704 765 11854080
470 474 26151583325
1217 1226 10
288 293 28
902 920 1029
19 65 226800
1668 1725 1200
1438 1474 1296
1922 1929 82907808502
641 750 22861440000
1108 1169 57600
80 124 360150
1543 1563 40
202 261 49392
294 296 23518889395
986 1059 3175200
25 68 75600
1069 1106 6750
929 931 55673986910
1690 1725 48
1732 1820 381024000
400 406 53455908841
400 409 53455908841
1072 1111 6750
637 743 26671680000
1020 1062 52920
1526 1538 84
441 444 3
1928 1930 82907808502
265 278 30
1280 1333 11854080
1471 1486 252
794 804 42
934 944 12
1506 1526 735
525 563 42336
1078 1113 450
1522 1537 84
839 859 14
696 764 5927040
1436 1473 1296
1581 1586 210
80 125 720300
1570 1580 24647652875
647 760 4572288000
318 330 20603665448
419 432 90
986 1060 3175200
1656 1725 6000
1886 1924 24
1077 1113 450
1320 1347 2940
1800 1838 19600
457 468 14
276 288 42
429 440 96510886546
1083 1113 30
416 427 90
1800 1835 1960
808 813 56491667770
1031 1064 42
1217 1225 10
295 296 23518889395
1554 1574 30
967 1028 5080320
16 40 9450
447 468 14
1536 1548 80
1887 1928 24
1609 1667 18000
507 515 25
292 295 47037778790
615 701 4667544000
279 289 42
452 468 14
1323 1420 232339968
80 118 51450
810 824 56491667770
1412 1473 62208
1296 1345 70560
675 764 106686720
305 317 189
969 1030 25401600
556 585 756
882 919 24010
561 587 252
1152 1208 13171200
809 822 56491667770
1347 1469 2048385024
676 764 106686720
1542 1554 40
307 328 189
923 929 10
1437 1474 1296
462 468 14
806 810 56491667770
1041 1064 14
1847 1879 18900
1440 1480 864
808 812 28245833885
81 183 49009212000
1582 1586 105
1262 1313 36288
980 1047 38102400
1225 1232 14880418975
499 508 58544920752
295 300 94075557580
615 697 4667544000
1042 1064 14
169 223 1440
8 40 37800
400 418 53455908841
1340 1469 6145155072
875 901 140
7 35 1080
195 254 840
1728 1754 1800
195 230 60
1112 1197 225792000
305 318 189
541 585 108864
805 809 4
1780 1834 82320
803 807 28
87 189 400075200
289 295 94075557580
709 794 12802406400
468 469 21
653 764 1066867200
433 441 96510886546
1178 1211 4704
742 795 20321280
985 1058 6350400
1149 1208 26342400
401 419 53455908841
935 947 24
19 64 75600
571 587 36
947 983 1008
833 854 14
1752 1828 2963520
795 804 42
778 796 30
710 795 25604812800
1462 1480 36
1728 1750 1800
1795 1835 13720
625 709 2333772000
1923 1930 82907808502
828 841 14
1206 1215 42
1831 1866 6300
922 929 10
1550 1573 60
295 304 94075557580
1616 1697 450000
690 764 35562240
918 926 42
1022 1062 2520
164 221 1440
598 626 28
1323 1394 4148928
1292 1345 423360
868 897 280
1062 1066 65395499805
1727 1732 9
443 454 58260120731
489 500 39029947168
1138 1208 158054400
970 1036 76204800
1245 1302 2540160
1467 1482 84
1111 1193 32256000
1330 1442 1194891264
28 69 5040
1433 1473 1296
1585 1586 21
1240 1243 90352681403
1227 1232 14880418975
987 1062 6350400
1556 1578 30
541 577 18144
972 1044 38102400
1323 1407 29042496
626 712 1000188000
1323 1401 29042496
634 724 10001880000
1929 1931 82907808502
1662 1725 6000
1269 1322 725760
1728 1782 194400
418 432 90
1732 1808 2721600
23 68 75600
1066 1098 1350
1471 1487 252
469 474 78454749975
1111 1183 8064000
985 1053 6350400
1240 1242 90352681403
124 219 16329600
1476 1496 252
195 255 1680
1223 1227 14880418975
453 468 14
1863 1890 180
293 296 47037778790
602 672 518616000
1841 1878 3780
210 278 493920
745 795 1693440
1535 1548 240
430 440 96510886546
295 298 94075557580
54 100 46305
1144 1208 26342400
465 469 21
279 288 42
994 1062 1270080
1181 1211 1568
416 426 90
195 226 60
1323 1390 2074464
1518 1534 245
1855 1882 900
641 744 11430720000
475 499 12
625 711 7001316000
1926 1930 82907808502
285 292 84
1543 1571 1200
1457 1480 72
1208 1220 60
1885 1923 24
936 947 24
400 411 53455908841
1281 1333 11854080
279 291 84
443 461 58260120731
1584 1586 21
446 462 58260120731
1585 1588 21
1088 1118 120
966 994 840
1021 1062 17640
1495 1498 1
1393 1473 870912
65 104 324135
92 203 1333584000
1379 1473 10450944
966 1008 10080
1576 1580 24647652875
309 329 21
604 673 518616000
497 508 58544920752
984 1053 6350400
1239 1242 90352681403
1262 1315 72576
1243 1267 420
90 196 4000752000
489 502 39029947168
962 984 168
305 327 189
1519 1535 735
998 1062 423360
18 60 75600
509 521 525
80 174 49009212000
112 208 57153600
322 330 20603665448
1775 1834 164640
568 587 36
765 796 4320
521 554 1344
861 895 140
809 819 56491667770
620 703 4667544000
1789 1835 27440
287 293 84
541 579 18144
470 480 52303166650
1864 1895 540
458 468 14
1204 1211 14
1556 1575 30
427 440 96510886546
305 316 189
1260 1313 108864
900 919 343
881 918 24010
1718 1726 40657419201
1320 1387 20744640
1320 1346 2940
16 54 75600
427 437 96510886546
1564 1579 30
1320 1363 246960
1620 1704 5400000
51 85 4410
1501 1504 53811788090
1757 1834 2963520
864 895 28
85 187 14002632000
1066 1076 45
956 984 504
401 418 53455908841
1534 1548 240
802 806 28
264 278 30
1019 1062 52920
1618 1699 900000
951 983 1008
894 919 3430
728 795 40642560
428 440 96510886546
470 475 52303166650
1468 1484 84
1043 1064 14
469 473 78454749975
1 13 14
2 14 14
416 430 90
197 257 2352
509 525 1050
400 417 53455908841
1585 1595 84
541 584 36288
966 998 2520
1720 1726 40657419201
777 796 30
1501 1502 53811788090
305 326 189
488 500 39029947168
725 795 40642560
444 461 58260120731
425 432 15
1190 1211 392
967 1008 10080
423 432 30
663 764 1066867200
941 976 96
852 863 10
449 468 14
1870 1895 180
541 571 3024
803 808 28
6 29 1260
307 327 189
433 440 96510886546
966 986 168
238 278 17640
1837 1878 7560
1227 1234 14880418975
1480 1497 126
813 836 8
1621 1713 10800000
1254 1312 544320
16 57 75600
1579 1582 49295305750
1108 1170 115200
802 805 14
1247 1306 5080320
1581 1585 70
609 680 259308000
1585 1593 84
250 278 8820
302 315 63
1717 1726 40657419201
1740 1822 1693440
981 1053 133358400
291 295 94075557580
963 985 168
1160 1211 6585600
1618 1703 5400000
853 874 20
801 805 14
1248 1311 725760
496 506 58544920752
1206 1211 14
1467 1480 12
1733 1822 127008000
1111 1182 8064000
1064 1068 65395499805
601 663 51861600
311 329 21
1828 1854 210
1445 1480 432
910 924 294
1065 1068 65395499805
875 902 140
48 76 252
1239 1240 90352681403
978 1046 38102400
1208 1219 60
1035 1064 14
1280 1330 1693440
903 921 1029
1864 1894 540
295 301 94075557580
838 859 14
795 805 84
800 805 14
1206 1218 84
873 900 280
941 964 48
1446 1480 432
1830 1858 1050
1728 1761 1800
873 898 280
642 751 11430720000
330 332 41207330896
495 506 58544920752
599 645 24696
879 903 140
940 955 8
612 691 2333772000
1732 1817 190512000
316 329 3
600 650 2469600
597 606 4
638 743 26671680000
357 358 63710418867
274 278 1
936 953 48
254 278 8820
829 849 14
260 278 630
288 294 28
826 841 28
1475 1496 252
637 736 3333960000
1886 1928 24
1553 1574 60
493 504 39029947168
1154 1211 6585600
1455 1480 216
1223 1231 14880418975
653 763 152409600
1536 1549 80
1188 1211 784
806 812 56491667770
1543 1567 1200
92 202 1333584000
516 549 14112
585 589 3
1493 1498 1
301 313 63
881 909 490
81 177 49009212000
621 705 2333772000
832 849 14
1520 1537 588
502 512 15
498 508 58544920752
1697 1725 24
1501 1503 53811788090
1108 1179 24192000
1865 1895 180
1191 1211 392
614 692 2333772000
1518 1530 245
809 821 56491667770
280 292 84
707 778 2560481280
1315 1345 5880
461 468 14
1112 1195 225792000
1109 1179 8064000
930 931 55673986910
1280 1332 11854080
1724 1726 40657419201
642 760 22861440000
709 789 12802406400
1719 1726 40657419201
1294 1345 211680
483 500 39029947168
0 11 14
1290 1335 987840
1243 1256 28
1534 1546 120
516 540 588
49 81 126
1578 1581 49295305750
1501 1507 53811788090
1633 1725 2160000
941 971 96
618 701 4667544000
1439 1480 2592
1603 1607 14
1242 1252 14
470 479 52303166650
858 885 140
466 469 21
360 366 30
839 861 14
967 1026 2540160
1828 1848 70
1721 1726 40657419201
1621 1725 10800000
942 979 96
298 312 126
1864 1892 180
1383 1473 10450944
464 469 42
414 425 30
94 204 4000752000
1610 1668 18000
969 1031 76204800
1572 1580 24647652875
538 566 3024
941 967 48
52 86 30870
808 818 56491667770
1857 1888 360
1861 1888 180
1885 1898 6
560 587 252
1070 1111 6750
448 468 14
1023 1064 1260
286 293 168
1728 1759 1800
283 292 84
1096 1125 240
1474 1495 252
427 433 48255443273
424 432 30
1924 1930 82907808502
588 592 30118645869
700 765 11854080
985 1057 6350400
1479 1497 252
1216 1224 10
1103 1129 1200
248 278 8820
16 43 9450
807 812 28245833885
1725 1726 40657419201
809 818 56491667770
798 805 14
113 219 114307200
1830 1854 210
470 477 52303166650
1501 1511 53811788090
227 278 123480
1929 1930 82907808502
400 415 53455908841
1731 1807 2721600
1821 1848 980
1534 1545 120
1585 1590 42
1885 1920 24
1108 1149 2880
970 1044 76204800
854 882 40
611 685 777924000
598 625 28
1699 1725 12
515 532 588
1478 1497 252
237 278 17640
589 592 30118645869
1509 1527 735
416 429 90
472 486 6
1671 1725 1200
320 330 20603665448
1293 1345 211680
601 656 51861600
469 471 78454749975
1612 1670 18000
156 220 21600
917 924 42
1511 1528 735
1090 1124 480
194 223 120
305 325 189
456 468 14
811 836 8
420 432 90
1286 1335 1975680
611 689 777924000
566 587 36
1471 1491 1512
20 68 226800
976 1044 38102400
941 969 48
652 762 457228800
1024 1064 1260
921 929 10
293 295 47037778790
1220 1227 14880418975
695 764 5927040
802 807 28
110 206 285768000
1351 1472 12290310144
52 90 92610
1290 1338 987840
1538 1552 20
924 929 10
417 431 90
443 450 58260120731
358 360 63710418867
709 790 12802406400
1290 1342 987840
865 897 280
1803 1841 19600
1743 1827 11854080
1026 1064 420
612 692 2333772000
1330 1420 16595712
509 529 2100
541 583 36288
520 554 1344
627 712 1000188000
1036 1064 14
126 219 8164800
475 497 12
1741 1826 11854080
1728 1795 388800
243 278 17640
52 87 30870
559 587 252
1206 1212 14
6 28 1260
55 104 324135
