34302 637
31373 31400 8400
12191 12222 11340
24349 24411 302400
20107 20153 55566000
7473 7512 126
10832 10905 3265920
7551 7552 33110218597
27027 27052 126
27349 27385 16200
19174 19181 86576215953
29320 29371 63000
19649 19654 85168442372
448 510 2177280
13504 13529 2520
32339 32362 48
30474 30566 1440270720
13476 13518 567000
7356 7409 230400
4718 4731 420
5135 5140 14
33751 33756 10
31951 31996 378
1071 1096 420
21792 21868 219520000
18542 18558 28
30044 30047 61134544027
5936 5942 15
5048 5052 1
16551 16602 240
26085 26167 45741931200
21707 21769 193536
7027 7113 8467200
23720 23823 544320000
18798 18800 3896580332
14316 14344 10584
33194 33218 1470
9637 9647 90
31623 31647 480
68 81 49
152 176 4536
15029 15087 5717741400
13120 13149 784
7275 7409 4180377600
32034 32035 58321215412
33650 33657 36
14996 15025 252
26381 26404 2940
27330 27350 120
934 939 10
6248 6273 14
8921 8941 175
22805 22813 3
23263 23293 1680
6445 6481 116640
17785 17832 27000
14912 14921 15
19575 19629 4445280
26375 26389 46653929954
6568 6650 5080320
13476 13512 47250
21029 21035 12
8626 8691 476280000
23631 23668 882
28091 28134 2520
10091 10134 2400
187 218 252000
20020 20092 172800
33855 33864 21
2716 2836 426746880
24820 24852 264600
17975 17990 6
4935 5044 47416320
3640 3666 42
20845 20856 78748445223
11364 11387 18000
3387 3467 15002820000
23917 23948 1400
31459 31533 114307200
32016 32032 42
28145 28167 28
18854 18855 20367454432
9253 9352 49997969280
18372 18383 68061969905
32131 32139 105
28570 28607 144
25592 25611 504
4097 4125 25200
26483 26485 94851873095
897 929 168
16220 16234 630
14678 14701 135
11481 11499 25
31988 32013 75
9832 9869 10800
15900 15938 126
33973 34033 81000
10023 10027 35
14334 14367 480
20638 20670 4200
26244 26293 408240
28364 28447 423360
7113 7161 29160
29610 29617 45
7052 7118 235200
14519 14564 100800
13350 13352 1
14630 14669 27440
29134 29144 10
3143 3169 560
12977 12987 8
23858 23889 99499806834
27885 27895 6
30202 30207 21
18061 18096 40
19909 20006 153090
4105 4173 952560
2573 2625 3457440
26717 26749 24
29030 29089 324000
32076 32098 1764
8355 8396 25920
987 1030 58800
13371 13373 14
3454 3518 103723200
11287 11316 56
1342 1352 9
10517 10543 3528
20179 20307 25288704000
18204 18220 12
22635 22640 69475767080
4350 4420 5000940
21536 21539 28145914504
26251 26304 90720
4777 4843 725760
22513 22525 45
10406 10473 1764000
27445 27519 857304000
33072 33144 70560
30605 30645 560
33954 34002 18000
2617 2676 22050000
23208 23215 70
2122 2139 36
29741 29793 4148928
32854 32862 26802703557
15582 15637 3175200
17558 17590 294
23428 23513 27783000000
34242 34290 21609000
21588 21714 3135283200
20445 20506 1750
9571 9635 441000
12027 12045 5880
15153 15231 2880541440
27397 27429 113400
10362 10462 31752000
33888 33932 432
31456 31501 1134
10345 10436 1111320000
22274 22284 62637004176
31627 31651 480
4112 4204 11430720
28389 28464 2688
14250 14282 180
26441 26455 64087726929
33653 33674 288
20502 20520 75433092060
10144 10181 21168
17952 17970 12
17108 17139 13500
27379 27397 14
14117 14130 52875191740
5705 5790 217728000
8448 8466 24
19481 19511 420
12461 12497 14112
31948 31966 28
26645 26655 55197553400
16452 16461 25
10165 10201 18144
16455 16470 245
32157 32221 6453888000
13605 13620 576
6285 6377 1936166400
14147 14244 295245000
33644 33657 1008
13159 13189 432
30096 30100 6
8642 8704 756000
25806 25865 768320
21980 21988 1
14940 14978 24906522854
24880 24897 42
2026 2030 5
14618 14638 24010
5674 5676 1
7189 7191 70
1720 1749 48
31799 31815 42
14878 14896 360
18386 18397 48
29545 29613 136080
31186 31199 12
11677 11679 92366720088
28356 28387 1575
34203 34217 70
16794 16837 16464
14709 14780 88200
10564 10589 23520
31077 31126 28224
1623 1664 11760
2129 2189 54000
24420 24476 65856
2066 2073 1
24121 24138 35410330145
22882 22961 1543500
9043 9100 388800
15737 15838 497871360
33327 33356 425250
23966 24005 168
12909 12911 77917733252
9957 9974 18
25573 25598 1008
16224 16240 60
27713 27784 1620
22289 22345 15120
8242 8247 53768425934
2406 2451 648
23890 23907 196
30962 31050 2116800
32809 32824 80
5141 5196 22680
30944 31022 220500
5105 5127 73850298975
2138 2207 2268000
21114 21130 300
29327 29381 945000
20553 20565 72
15290 15328 7560
7567 7609 7056
25610 25617 140
16355 16364 87950501565
28237 28258 60
21660 21714 9072
8542 8546 2
33049 33118 1008000
19538 19624 6721263360
18234 18244 90776624186
25344 25450 16934400
33049 33078 1200
17483 17520 42
12664 12706 147
33718 33749 11340
3642 3670 42
14398 14444 882
4293 4330 240
12353 12443 7468070400
27242 27258 84
8254 8332 362880
3705 3732 2744
1249 1271 1008
9127 9192 2667168
23030 23038 16
24854 24896 7560
33998 34035 540
34253 34295 882000
20884 20916 2160
21156 21157 3
4219 4230 9
10007 10017 2
19859 19879 168
11014 11059 470400
839 855 14
31763 31790 140
27393 27427 113400
32134 32199 4840416000
18667 18678 24
21312 21372 4320
21753 21847 45158400
15206 15233 24696
9710 9796 3241350000
6378 6434 4116
30386 30394 12
33024 33045 75
5233 5270 14400
26236 26248 540
25744 25780 1080
9232 9316 275562000
17341 17400 11113200
14283 14319 630
12698 12721 14
30231 30243 980
209 246 1680
29830 29856 12
16885 16920 370440
29412 29426 50
8453 8467 84
33612 33622 35
19626 19652 24
28823 28826 25
7362 7436 1935360
10221 10235 18
8792 8805 50
32053 32081 36
15658 15693 20160
4345 4383 19845
26889 26894 3
25329 25333 12386204627
23306 23322 9
28835 28896 6998400
22876 22949 3087000
30082 30090 2
30460 30514 127008
27969 28088 182891520
27606 27618 3430
982 1005 196
18244 18281 5040
3820 3938 1058158080
11038 11075 58800
28626 28678 211680
33041 33051 94236786691
13364 13369 80320499207
13413 13446 11340
22946 22979 2520
11405 11407 46817762320
24464 24503 2058000
3873 3939 29160
12576 12594 90
30229 30241 1470
1385 1410 90
22445 22514 2667168
13031 13082 16669800
2989 3003 540
16387 16420 5292
1374 1382 14
26923 26992 24696000
13836 13856 42
30328 30362 144
32143 32214 9219840000
32664 32670 58774629901
10721 10777 1778112000
12742 12748 15
32819 32840 72
19815 19856 6804
9157 9201 1512
20763 20816 1749600
20317 20342 2520
14009 14034 14580
21144 21157 9
18352 18369 3402
3508 3528 392
32866 32953 11520
15619 15669 108864
18696 18753 2520
24938 25081 2571912000
6559 6580 90
13777 13834 252
32513 32567 112
11518 11551 96
10943 11004 5670000
31058 31084 126
15685 15715 1960
3609 3660 18
23444 23518 75600000
613 699 5717741400
6936 6956 180
24925 24938 810
19266 19312 7560
32396 32434 18
18930 18931 1
22905 22962 926100
19739 19746 21
30719 30804 8400
25320 25325 27
20809 20837 90
24689 24704 2100
3062 3155 379330560
29203 29219 14
26436 26455 64087726929
31225 31297 2593080
12551 12591 3780
10832 10911 32659200
19682 19700 2940
375 425 77792400
4379 4421 1764
23422 23437 84
20030 20101 43200
27721 27816 194400
25881 25956 4572288
30540 30598 2916000
10239 10274 98
17557 17573 98
14807 14850 12600
22509 22520 45
15273 15302 81
4501 4512 25
5586 5636 2520
10695 10696 3
20894 20919 90
10560 10587 23520
22233 22272 60
4483 4508 7875
22913 22962 308700
31335 31397 66679200
815 817 9
32730 32740 420
13439 13460 12
17766 17782 8
14265 14304 1890
28506 28529 336
9541 9545 7
23540 23576 48
29004 29052 20250
17804 17865 635040
21092 21099 30
12265 12291 10
11281 11295 10
30708 30711 1
28041 28128 635040
7868 7880 10
5652 5662 14
9325 9413 853493760
34170 34201 1200
21539 21541 84437743512
6261 6279 28
30670 30711 441000
14851 14862 30
8630 8693 158760000
30256 30288 200
6749 6772 140
19386 19424 493920
722 771 714420000
7980 7997 30
21946 21984 612360
9011 9042 504
8199 8215 10
2476 2555 124467840
4336 4362 45
12939 12954 8
21347 21383 504
26623 26633 7
4507 4551 58800
28705 28722 8958559335
1190 1192 6
31867 31909 56700
2084 2118 882
21185 21240 5250
119 123 1
31263 31313 15876
2492 2556 2593080
2916 2977 8640
18467 18534 675000
3371 3396 84
16137 16171 720
14175 14276 8857350000
31284 31364 7718950890
26047 26058 42
30916 30989 97240500
7595 7628 2205
12569 12593 630
17384 17495 933508800
22290 22376 181440
8966 8983 2700
19459 19511 25200
349 421 5601052800
12349 12428 82978560
10556 10581 3920
34098 34118 378
1950 1966 42
17176 17194 210
9963 10006 2700
3560 3568 294
25524 25551 8
19294 19312 42
27914 27925 8
18408 18411 1
11889 11925 504
15103 15128 144
1706 1745 48
11453 11466 28
339 385 18144
739 778 32400
25145 25221 457228800
20675 20693 672
13768 13787 10
14052 14091 13230
18120 18205 518616000
32199 32231 5040
20587 20651 1944000
16968 17041 121010400
7114 7185 583200
6370 6402 2058
30515 30595 40824000
16469 16474 33606143963
5242 5333 87091200
17847 17886 19208
32198 32223 1680
6203 6243 50
9192 9255 300000
14121 14189 108000
10834 10917 65318400
27231 27241 350
7469 7490 108
8023 8030 63
18970 19047 40320
20711 20713 1
1462 1572 592704
21174 21215 450
2403 2440 756
5301 5375 129600
8038 8057 22680
22667 22710 5760
17896 17923 300
33447 33456 58064101692
5687 5688 74659367594
25104 25158 1323000
9410 9505 6429780000
24793 24797 20
7232 7302 75600
6856 6864 9
32211 32274 177811200
27929 27930 1
29962 29980 1176
11690 11723 180
20380 20452 158760000
17185 17220 56700
19992 20017 45
27900 27921 240
17334 17363 18900
9882 9890 140
31568 31583 140
32086 32103 504
504 523 270
12832 12854 14
12425 12445 360
31651 31660 25
21059 21087 84
16187 16192 42
1086 1150 86436000
22000 22013 90
32916 32982 2116800
7732 7785 18000
14450 14466 147
2821 2934 64012032000
7204 7217 12
8241 8245 26884212967
15664 15701 23520
32286 32323 4860
18409 18475 22680
27078 27131 3024
22768 22797 210
19438 19440 15
3436 3475 3402000
7069 7138 302400
34093 34110 18
18488 18534 7500
27327 27341 105
12428 12491 23708160
25260 25285 180
24163 24172 147
2444 2501 2540160
11727 11780 3500
6568 6624 120960
12064 12079 180
28743 28793 246960
27009 27047 840
25171 25221 1270080
8339 8390 64800
14900 14906 21
27337 27365 21600
25763 25785 12
31265 31351 72043541640
15455 15561 33177600
11628 11642 10
3515 3529 56
11755 11792 5250
12625 12675 2058
25969 26003 12
8383 8432 40320
26510 26602 61740000
6722 6756 102900
26775 26835 30240
22005 22019 30
12328 12406 777924000
6609 6691 50409475200
24489 24521 4200
6945 7014 192000
31804 31874 47040000
1081 1101 1470
2514 2556 13230
14117 14124 10575038348
33046 33051 94236786691
1598 1626 9
15709 15737 14406
13462 13511 141750
11540 11579 720
15967 16069 101606400
10353 10455 666792000
34077 34081 35588671363
8576 8580 10
24061 24077 60
29138 29154 30
23324 23343 126
24717 24736 980
16408 16429 900
19748 19786 7056
29885 29904 2100
30902 30949 308700
18561 18674 12802406400
18302 18332 720
14372 14376 33708580725
20269 20339 60480000
33090 33214 1524731040
25787 25847 59270400
15008 15077 22870965600
1758 1800 12600
33669 33679 16
34025 34035 30
17638 17683 211680
17252 17278 252
22848 22945 441000000
71 108 7350
24237 24273 420
25198 25222 840
3744 3885 27653197824
12285 12365 2083725000
8596 8660 100018800
27311 27333 980
16655 16691 30
2258 2294 11200
6691 6694 15
11007 11024 504
22759 22787 420
5953 5989 8232
8647 8766 1714608000
17021 17046 42
1904 1963 197568000
