5804 2339
1335 1336 97938591330
5748 5755 1080
5545 5548 126
5403 5404 14
5284 5288 14
5301 5311 13440
1716 1721 420
1514 1517 50
5751 5760 13608
3116 3118 1816318546
2795 2796 35
2561 2571 7056
133 134 15
3857 3862 125
5494 5495 3
1051 1058 560
1705 1709 10
1544 1545 9
3254 3258 196
1068 1072 140
258 271 12000
608 609 14
4793 4795 7683440555
5529 5531 35
1488 1489 90761978500
1048 1055 40
4367 4374 784
1288 1293 240
2713 2715 63
3613 3615 39423994468
694 698 84
2828 2835 35000
5721 5724 20
4655 4659 126
4751 4754 140
3707 3708 9
4572 4577 75
5049 5055 1125
970 976 240
4477 4478 42551132550
1887 1888 80044141548
3888 3897 96
3466 3467 10
4585 4590 1575
2915 2920 30
5357 5359 9
1853 1879 4389396480
2669 2671 90919641816
2428 2431 30
3830 3835 840
2415 2422 720
608 610 28
1353 1355 2992256040
2670 2673 60
292 298 2700
334 336 28
3052 3053 9
406 411 80
2235 2237 18
1433 1437 270
3917 3918 37300091878
497 498 10
1754 1759 1050
5266 5269 12
3581 3585 56
1632 1641 441
2621 2623 56602724910
3486 3494 1000
2758 2759 89564878770
1490 1491 83288284020
1104 1109 24
1788 1791 30
2863 2875 48600
5726 5728 20
2632 2637 1050
3078 3079 4
840 848 960
4138 4146 384
4631 4633 70
2883 2888 24
3086 3098 264600
1598 1604 80
5086 5088 42
1243 1245 10
5457 5463 4200
238 240 66114353166
2598 2601 84
4396 4402 5292
1047 1052 40
2646 2659 20160
2701 2704 125
1890 1896 1800
4133 4138 280
465 472 1260
5235 5237 15
884 887 67849253094
5576 5579 245
4943 4948 2646
2015 2016 21
5661 5663 8
4192 4193 73467761570
552 557 84
1941 1944 150
1461 1466 500
4724 4734 58800
3510 3515 36
1106 1112 504
3925 3927 8
1758 1761 90
1309 1311 6
4878 4879 2
2516 2521 378
3406 3413 102900
2159 2162 18
3202 3205 98
5588 5590 35
1627 1632 42
3862 3864 35
2394 2403 92610
1479 1480 9
669 670 51781625092
696 698 14
5710 5716 336
5768 5770 30
2518 2523 756
583 586 315
3595 3596 23368014447
2296 2304 392
4918 4923 756
3713 3730 5715360
4847 4853 420
5151 5156 90
3973 3975 20
4840 4845 14
5766 5767 21
5006 5008 27
4782 4790 6174
4418 4420 21
4576 4579 60
4941 4948 55566
4044 4045 78832608997
3027 3051 90720000
5316 5323 1512
2906 2908 58435220314
2010 2016 1323
1309 1312 12
2015 2017 63
3485 3486 33319928474
2024 2029 90
3520 3522 84977424630
5777 5790 32413500
207 214 2744
278 284 43218
2414 2419 60
3073 3076 45
3867 3868 21
970 975 120
3093 3104 12600
3646 3655 1568
3969 3974 630
4104 4105 10
476 478 83426847148
2411 2413 9208683666
711 714 42
3550 3555 180
2016 2017 21
2618 2619 66063495945
202 206 48
5267 5269 12
5318 5326 1764
4809 4815 200
4413 4414 9
2593 2598 8
2760 2761 14
116 118 14
2848 2851 36
2420 2430 13440
3512 3516 12
974 978 36
2411 2415 46043418330
770 774 294
1841 1844 24
2832 2835 250
4779 4780 12593514346
3236 3238 61618179042
3387 3388 10
240 241 38852708170
5768 5779 2160900
3250 3251 10
4538 4541 59780348358
5402 5404 28
2037 2041 126
5441 5442 14
3447 3449 28
119 122 25650471348
5493 5495 15
2739 2743 168
2030 2032 49
1525 1527 12
1029 1030 14
4718 4723 60
3810 3811 98279688820
599 601 16862809664
4350 4353 18
5697 5699 14
4620 4625 180
3201 3203 14
4273 4274 47212509833
3074 3079 180
1515 1519 1050
202 204 12
4155 4156 64328144603
477 478 83426847148
3538 3539 21
724 729 350
865 868 30
1161 1163 49
4792 4793 7683440555
1349 1353 59845120800
5614 5619 60
402 403 15
4836 4838 10
2547 2548 6
2958 2959 21
2072 2073 97426540304
1518 1521 63
4827 4830 100
2501 2503 75
3679 3680 15
4674 4682 686
907 909 53301957919
4423 4424 55644114674
919 921 98
2966 2967 14
1030 1044 2701125
341 342 9
1559 1564 48
12 15 150
4154 4156 64328144603
4480 4481 38628287810
1013 1015 49
1271 1277 112
1293 1294 4
2330 2331 15
2949 2951 14
3823 3825 70067972212
122 124 19237853511
335 338 210
1788 1792 30
5730 5731 7
1659 1663 84
5735 5740 30
153 157 14
143 147 12
4785 4790 1029
1521 1523 97676180985
639 643 100
1072 1073 25
3161 3163 42
2278 2280 9
530 541 2880
4773 4775 13442450832
4911 4914 30
5146 5148 63
5690 5691 6
3167 3186 68040000
1195 1200 72
4454 4458 30
2717 2720 98
127 134 5880
3889 3913 16934400
626 637 317520
4322 4331 9408
416 425 72
4548 4550 15757162892
4415 4419 12
3271 3273 50
5190 5191 14
1662 1663 14
5171 5173 175
699 702 92186216880
2998 3003 280
3011 3028 69120
3814 3818 105
1239 1241 30
1471 1472 90430483767
2507 2511 252
2129 2135 64
3796 3805 672
5578 5579 35
3710 3726 3402000
2832 2839 2000
2378 2385 8232
2057 2064 120
2729 2735 1800
678 692 75264
1686 1694 4410
985 1001 1701000
2375 2385 2016840
4850 4856 60
1719 1721 70
2689 2691 21
3566 3568 30
337 339 27085060215
1191 1192 48484795972
4078 4080 35
1270 1272 40772702653
5274 5277 28
1995 2007 20160
554 557 42
92 99 270
5228 5236 3600
2242 2244 54196579938
249 251 70
5216 5217 21
3864 3865 35
4838 4844 98
2396 2403 18522
5334 5337 14
1419 1421 77334359919
2243 2244 54196579938
546 550 74197470696
4705 4708 18
2716 2717 4790663396
1155 1162 4200
1679 1680 77330574210
4575 4577 15
1986 1989 140
3686 3687 15
4878 4883 300
3147 3148 57191866982
5187 5189 10
4355 4356 21
5301 5312 40320
1253 1254 21
2021 2029 630
436 441 168
14 15 10
2889 2890 80476889695
4005 4009 60
4260 4263 189
2276 2279 9
1438 1445 600
1781 1782 15
5432 5435 60
226 227 35
2208 2210 42
2595 2601 168
1498 1505 36
4804 4814 7200
168 170 70
92 97 90
5509 5516 48
5652 5653 35
684 692 1568
40 41 34902809868
5066 5073 36
1705 1711 100
1287 1288 10
1745 1749 20
4847 4856 1680
1087 1090 140
852 858 17500
5359 5361 42489376926
3745 3768 6667920000
1771 1780 1728
2882 2886 24
4431 4433 88876403735
1669 1670 29913694964
497 499 20
4240 4246 2940
2913 2915 21
870 871 44539710890
2089 2090 21
4970 4972 12
2718 2724 8232
3847 3850 60
3978 3987 336
4649 4651 12
5699 5703 12
2906 2909 58435220314
481 486 28
4331 4332 10
798 815 38578680
4109 4118 4536
3450 3462 54000
4697 4698 54180027578
598 599 4215702416
1782 1784 15
3958 3974 362880
1448 1449 59681767390
5000 5001 15
4371 4374 28
2055 2056 35833351008
206 212 2744
3050 3053 18
4512 4514 15
428 436 1008
5034 5036 125
4007 4009 10
2908 2910 58435220314
2952 2953 10
1236 1237 25
911 915 270
5 7 30
5486 5488 53198995556
2962 2964 30
4747 4753 5880
5712 5723 23520
4318 4329 329280
2764 2772 22680
1075 1077 42
5287 5288 14
5118 5127 154350
2874 2877 27
5578 5580 105
2111 2114 24
2809 2815 42
918 920 98
4057 4059 20
5186 5187 7081764848
5298 5301 8
1232 1236 500
2901 2903 42
1465 1469 225
3126 3129 210
3013 3029 103680
4366 4371 196
646 648 105
781 786 630
5793 5803 2352
1604 1605 91188839802
5552 5555 60
585 586 9
4312 4319 12250
5443 5451 288
72 79 2016
4534 4535 75133752332
1596 1604 160
3875 3879 24
4230 4231 50400628530
5519 5524 147
1883 1885 8
2646 2660 20160
3809 3810 98279688820
3056 3059 14
5487 5488 26599497778
2039 2047 1512
2592 2596 20
5336 5342 882
1158 1163 980
5366 5368 42
1743 1747 42
1094 1098 450
3685 3687 75
1990 1991 10
3114 3116 15
2178 2179 5
5777 5786 720300
2091 2092 23833929396
3234 3236 14
100 101 15
2819 2820 82826804412
1968 1972 112
178 179 15
1977 1978 76719283778
3759 3768 58800
5443 5446 24
3909 3916 80
2711 2712 17436016936
4833 4838 1050
3626 3627 5
4144 4146 12
4253 4256 16
271 282 21176820
1423 1424 69076932692
2793 2794 21
2441 2442 15
5222 5225 90
3978 3985 56
737 738 21
5017 5018 10
5753 5764 52920
1427 1428 49380856495
1647 1658 7560
4010 4011 26288925900
2781 2787 225
865 867 30
4742 4747 280
1122 1123 49
3373 3374 4
2694 2695 83359124788
2404 2405 8133993508
72 77 96
2582 2583 9
4692 4695 84
2461 2462 28676042006
4569 4572 140
3390 3391 44405363770
921 925 36
2160 2163 90
2125 2128 76041187480
4430 4431 25393258210
3875 3883 96
1612 1615 36
1127 1128 32875991572
4702 4703 15
1583 1584 21
3809 3811 98279688820
3806 3809 42
4281 4289 5292
178 180 15
1168 1172 36
3481 3484 140
5205 5206 10
2839 2841 18
1196 1203 1800
1141 1148 350
2628 2632 200
485 487 42
2402 2403 14
4436 4443 11760
3645 3652 32
4335 4341 288
1022 1026 36
2815 2817 10
4165 4166 9
3095 3113 680400
4263 4264 42482152749
2690 2691 21
1756 1759 150
3417 3424 756
1944 1946 75668367858
2291 2292 35355051716
350 358 3528
2993 2999 560
773 775 7
3522 3529 756
1472 1473 60286989178
3670 3676 210
3887 3889 8
5797 5803 168
2517 2523 2268
3387 3389 30
920 925 252
3236 3237 14
374 375 96367180143
5161 5162 14
5125 5142 92610000
334 337 140
280 286 4116
4123 4129 24
5219 5220 38951221888
5248 5252 28
4317 4329 329280
3920 3922 50
426 427 10
225 226 14
3990 3991 1694305204
3274 3277 105
5386 5391 126
397 399 30
1502 1510 810
1371 1373 42
4954 4958 196
130 134 420
4559 4561 98829759896
5051 5055 375
2561 2573 63504
4974 4976 9078863814
925 926 81340138288
2272 2273 24714406314
4623 4627 28
81 90 4536
1215 1219 12
2807 2812 168
388 396 336
4027 4029 9
1984 1986 10
177 178 50449167303
4699 4703 210
516 520 24
1091 1092 62221328032
2462 2463 28676042006
4550 4551 23635744338
4033 4036 48872548521
5214 5215 49
4867 4874 2400
5501 5503 30
1272 1277 112
5149 5152 75
5420 5426 1260
787 789 10
2506 2507 48990683295
1898 1910 105840
595 598 30
3093 3108 25200
779 781 30
1480 1482 42
2528 2529 84808064898
4795 4796 18271815647
3224 3226 14
4492 4499 1764
3422 3426 411712264
1218 1220 30727070398
255 256 83601204670
4775 4778 54
667 668 10
3382 3385 490
4327 4332 1960
962 968 294
4999 5001 30
5585 5586 14
1445 1447 12
894 903 16800
4296 4298 84262499632
428 431 4
5102 5105 16
1254 1256 42
1476 1479 63
5374 5384 6048
4656 4659 42
5658 5663 400
5379 5389 10584
3824 3825 35033986106
387 388 97689868062
243 247 420
1379 1381 20625101940
1450 1454 12
5658 5660 50
5766 5769 126
3832 3837 280
1915 1917 49
1581 1583 105
5453 5455 20
1314 1321 1575
2274 2275 75646467813
281 294 352800
2913 2914 21
1111 1113 12
4215 4221 280
2431 2432 86849841903
3710 3730 428652000
5213 5215 98
3223 3224 83684075896
1344 1346 12
627 637 158760
1262 1265 42
2100 2108 1620
1240 1241 15
2542 2545 42
2027 2032 735
2253 2259 900
4537 4540 14
872 873 35
2925 2927 70
1628 1636 441
3236 3239 61618179042
3349 3350 19885216880
1437 1440 100
3646 3654 784
2695 2700 840
3155 3163 11760
1012 1015 147
4546 4549 55490605648
549 551 9
1047 1054 80
3936 3938 12
2398 2403 6174
995 1004 1620
4249 4251 59987467346
4621 4625 36
4029 4032 24
3636 3638 79400790765
5742 5745 36
2982 2988 378
4898 4900 17867996748
5134 5142 6300
1910 1911 21
3209 3210 10
5354 5355 10
5516 5518 36314309728
591 593 20
1782 1783 15
1742 1747 84
1946 1947 37834183929
5505 5516 1296
5196 5198 15
5351 5352 14
2330 2332 45
5465 5469 98
404 410 80
1615 1617 45
3551 3555 90
4643 4644 10
848 849 35
2482 2484 18
2416 2422 144
5002 5003 78573032052
1340 1345 112
3122 3127 270
5006 5007 9
3123 3127 90
2822 2829 360
5290 5294 140
2896 2903 2940
4661 4665 16
632 637 1764
4565 4572 2800
4792 4794 53784083885
1178 1180 9
2713 2714 9
3065 3073 7938
3467 3469 35
4458 4460 20
750 756 336
3677 3678 14
3612 3615 78847988936
2823 2831 1680
2776 2784 180
2558 2571 148176
1742 1745 42
1155 1159 300
5299 5302 8
3395 3401 360
2501 2505 1575
33 34 9821786785
4545 4547 83235908472
2792 2794 63
2626 2629 11521958580
3509 3510 15
5353 5354 62465982050
5549 5553 90
1234 1237 250
2945 2946 71963802060
453 456 140
44 45 88260929348
4090 4096 48
1959 1961 8
4812 4815 20
5370 5373 12
336 338 105
4288 4294 672
4861 4863 98
115 118 42
3851 3855 51293384214
1572 1574 105
4050 4051 74116895116
982 1000 11340000
5364 5366 105
4264 4266 99125023081
3530 3536 160
2501 2502 25
1272 1283 33600
2470 2473 63
951 954 147
2688 2691 21
3553 3555 45
4070 4071 9
3719 3731 60480
3281 3288 200
887 888 60898029958
437 442 48
3204 3206 14
3834 3837 8
4259 4260 51888498951
2141 2150 25200
4692 4696 168
5562 5570 336
4556 4558 98
1470 1471 37461959196
2365 2366 50265348485
3554 3555 15
2267 2268 15
4829 4834 900
2449 2455 270
5376 5388 9072
4611 4613 28
4448 4450 8
555 557 14
5644 5647 98
4120 4122 28
2586 2588 27
30 34 29465360355
5623 5624 4
2890 2903 294000
5577 5579 35
3937 3941 72
2801 2812 98784
1400 1403 20
3773 3774 14
4178 4190 900
152 155 7
5215 5217 147
3678 3679 6
2011 2016 441
4560 4561 98829759896
1288 1290 12
4883 4886 27
5578 5581 210
987 1003 3402000
2351 2352 14
1378 1379 14095820628
4027 4028 3
4614 4623 6075
1277 1287 18000
5048 5052 90
5457 5467 617400
176 177 50449167303
3954 3956 73219208765
4624 4627 28
5596 5598 18
2338 2339 94069561182
4632 4641 96040
4677 4683 196
2891 2903 58800
1551 1552 15
4018 4026 3528
4468 4469 35
2818 2820 82826804412
2661 2666 120
838 840 70
3479 3484 420
1702 1708 15
1588 1599 82320
1233 1237 1250
4932 4933 3
403 406 15
4705 4711 72
3921 3926 1000
1718 1721 70
3650 3669 2257920
212 216 70
5068 5087 62233920
3981 3988 504
5403 5407 56
1666 1669 44910693448
3912 3916 40
1340 1344 56
3417 3423 378
2488 2492 98511063606
2794 2795 21
4253 4257 16
2084 2086 34369459857
5066 5072 36
1420 1421 25778119973
103 105 30
2244 2245 90327633230
2021 2027 42
3998 4000 12
509 510 90426096132
5127 5142 2646000
1945 1946 37834183929
914 915 15
1827 1836 7056
1069 1073 350
3847 3849 20
317 321 882
2418 2422 48
100 103 150
1951 1955 28
2727 2732 160
544 545 47762986623
4133 4146 53760
4354 4355 35
3953 3956 73219208765
3233 3236 28
3337 3342 196
1512 1513 1
2489 2492 98511063606
290 298 13500
2529 2534 540
1989 1991 20
5618 5622 300
1349 1352 60
3825 3828 210
5743 5745 12
4074 4078 56
881 882 35
908 909 53301957919
642 646 56983619910
653 661 504
4411 4414 36
5401 5404 84
4790 4793 23050321665
2914 2917 15
2318 2319 35665615396
2204 2205 99842390374
2503 2505 63
5396 5399 18
512 518 96
355 360 168
5350 5352 70
1432 1436 270
5396 5400 18
1677 1678 68072029106
4818 4821 61755519398
699 701 92186216880
3559 3561 20
720 729 102900
5117 5118 51645747698
1024 1026 18
690 694 24
4711 4712 10
753 766 1029000
5295 5296 27146787397
2304 2305 14
2429 2431 15
4209 4212 45
1949 1950 32006400939
4471 4473 50
1968 1971 56
1000 1013 317520
5492 5493 10
4249 4252 59987467346
2158 2161 18
2236 2238 74120831940
2086 2088 68738919714
935 945 79380
2709 2712 17436016936
3008 3015 8
3015 3037 12441600
210 215 490
5502 5503 10
1346 1347 15
3017 3039 18662400
4672 4679 294
5441 5445 168
2736 2741 108
1594 1602 160
4539 4541 59780348358
1250 1253 35
4524 4525 10
3127 3129 42
3337 3345 5880
1547 1548 51513935498
1129 1130 35
4592 4598 24
526 541 46080
5790 5803 49392
2706 2709 18
2388 2403 23337720
2710 2712 17436016936
3879 3884 36680882460
2050 2054 175
4526 4530 73186891512
1575 1576 59377744427
5317 5325 3528
4470 4471 84374794924
1166 1171 72
4523 4525 50
1672 1674 86191540280
2930 2939 637875
3736 3738 12
2387 2400 476280
570 571 17255726519
3378 3380 98
2627 2629 11521958580
303 304 14
5062 5065 12
2624 2629 34565875740
5416 5418 15
3749 3768 148176000
3020 3049 3265920000
4703 4704 76940997005
5736 5740 10
4447 4450 24
2869 2876 405
5615 5621 1500
1337 1338 26381757985
237 238 71395007329
4947 4949 91842593304
4866 4871 900
4196 4210 453600
1826 1836 21168
1000 1007 504
5388 5394 3150
5670 5671 2
1009 1015 882
2352 2354 71099857564
4672 4674 21
2525 2526 78086428041
2294 2301 16
2245 2246 10
1147 1155 120
4120 4124 112
5659 5663 80
4902 4903 4
3011 3027 34560
3647 3661 23520
4655 4658 63
244 251 19600
2680 2681 10
2709 2711 17436016936
595 596 10
596 599 25294214496
3422 3428 1646849056
4725 4735 39200
1809 1810 76344042196
4262 4263 9
3956 3958 60589878224
484 486 28
4360 4366 36
2453 2458 36
1969 1974 784
4510 4512 75
3244 3245 15
2293 2298 16
1963 1965 14
5675 5680 420
3435 3437 8
359 363 315
5234 5237 30
3048 3053 18
180 182 52111495482
171 172 21
1204 1212 5600
3849 3850 15
4073 4078 112
1567 1570 20
3124 3128 210
854 859 8750
5730 5740 840
4266 4268 10
2582 2584 27
3234 3237 28
3882 3886 42794362870
4748 4753 2940
5588 5591 245
2938 2939 21
709 714 252
1588 1594 2058
4739 4743 210
96 99 18
3597 3601 60
5337 5342 882
2084 2087 68738919714
211 216 490
52 56 84
4478 4479 14
5272 5274 14
174 175 21
2259 2263 60
4884 4887 9
1613 1617 270
4120 4129 672
507 508 14
757 770 3601500
242 247 1260
4409 4412 28
338 340 5417012043
2168 2174 1960
3238 3242 52815582036
867 869 15
3424 3430 8234245280
896 905 13440
4828 4830 50
4196 4201 420
331 333 12
1153 1157 180
4687 4695 7560
321 332 104976
2126 2128 76041187480
2894 2903 2940
3560 3561 10
4231 4232 50400628530
4557 4559 49
334 338 420
5326 5329 28
3879 3883 12
5207 5208 14
1130 1133 60
2314 2315 25
5413 5415 14
1528 1531 87181003872
3948 3950 35
4300 4305 420
3495 3497 9
5349 5351 20
218 219 77153065693
2651 2662 576
5425 5426 14
4148 4149 53888912214
4859 4861 18
966 968 49
3474 3480 72
2201 2203 18
791 792 61281369069
3688 3694 112
5417 5418 15
745 749 60964801016
1126 1127 32875991572
1705 1708 5
5530 5535 147
120 122 12825235674
4057 4061 120
1116 1117 5643448771
3063 3064 12946198516
2162 2163 15
769 770 21
2447 2451 90
1898 1908 7560
1050 1056 40
3138 3144 450
1187 1189 18
1446 1447 4
3639 3646 160
5278 5279 50593225106
1976 1977 76719283778
2183 2184 92417715138
2644 2646 12
645 647 5698361991
229 231 28
4059 4063 252
2258 2262 180
532 542 2880
2327 2329 9
3324 3325 2
4556 4557 14
2239 2242 42
4323 4332 47040
5096 5097 19004720491
2362 2364 343
1593 1602 320
5049 5052 45
2477 2480 12
2497 2499 67175353596
165 170 560
3990 3995 6777220816
4088 4096 96
5613 5618 150
4202 4212 3240
4248 4250 89981201019
3571 3572 14
4378 4380 105
1438 1442 100
4959 4961 8
4280 4287 2646
736 737 44421346623
5158 5159 40114596696
4548 4551 47271488676
403 407 30
4178 4186 75
2510 2511 4
2513 2519 1890
3064 3065 19419297774
656 661 252
5251 5254 84
764 770 2058
3326 3327 64791173194
2824 2832 2800
3562 3564 28882958422
5457 5461 1050
633 637 588
1053 1059 392
1104 1111 504
5712 5720 2352
4249 4250 29993733673
4914 4915 10
4337 4341 72
901 906 144
1523 1525 26046981596
5017 5020 100
4397 4410 889056
1761 1763 42
5790 5801 7056
438 442 48
56 59 60
5595 5597 30
1992 1993 50107230202
4718 4733 705600
4481 4493 151200
524 541 276480
5149 5151 15
5114 5116 105
5586 5589 175
4741 4746 980
4768 4771 150
4792 4795 53784083885
3430 3434 196
2197 2199 50
3529 3533 32
2992 2994 28
5185 5186 17704412120
2384 2386 14
5080 5087 13230
772 774 14
3454 3462 3600
4345 4353 2268
4428 4429 21
734 735 14
5628 5640 4320
4608 4609 14
5790 5802 7056
5653 5658 525
2586 2587 9
3284 3292 60
2670 2672 12
3985 3990 360
5240 5246 54
4899 4902 60
1835 1837 14
3939 3948 2016
3767 3773 2000
4015 4016 15966748830
4152 4155 9
4433 4441 82320
1858 1879 209018880
2963 2965 10
3226 3227 18160757167
1667 1669 22455346724
117 119 28
2943 2944 21
5189 5190 10
4780 4790 61740
3082 3083 60707399058
2673 2674 15
2156 2161 180
3327 3338 158760
3114 3117 30
621 622 35
5222 5235 648000
3285 3314 101606400
4601 4602 15
382 384 12
1438 1440 50
3034 3051 504000
4546 4548 27745302824
2628 2630 8
1380 1381 10312550970
5784 5797 926100
2335 2337 30
5380 5391 31752
2950 2952 70
5030 5032 71949576236
4752 4754 70
1552 1556 20
1381 1382 52957597641
5411 5415 42
4131 4132 49380512168
878 882 1050
3921 3924 250
4311 4318 4900
1408 1412 36
5693 5697 23492851331
4683 4684 10
3630 3637 189
2324 2326 40389118325
5276 5277 14
131 134 210
4334 4340 192
4936 4937 4
4162 4165 735
2990 2991 53206167917
561 568 3500
3013 3028 34560
3403 3404 86715516593
5467 5474 34300
4718 4729 10080
940 947 18900
2248 2251 63
1521 1522 15
2833 2839 400
2634 2640 980
883 885 99820486380
3948 3953 70
2846 2848 8
4433 4436 56
1975 1976 14
1616 1618 75
3580 3582 51345577124
1653 1658 252
4780 4783 60
4694 4696 12
5242 5248 36
1341 1346 48
4682 4684 10
1864 1880 1244160
4086 4090 16
878 881 210
2556 2569 148176
3350 3368 24385536
4028 4032 24
4948 4950 61228395536
2739 2757 111132000
5084 5087 210
2840 2841 9
3597 3603 120
3018 3047 48988800000
2513 2515 105
4676 4682 98
2333 2334 94477215948
1461 1468 4500
5665 5670 24
1386 1388 63
2042 2047 24
3395 3398 90
2438 2441 10
2785 2787 15
3417 3418 9
3740 3742 14
2716 2718 33534643772
592 593 10
3941 3948 336
616 617 9
4059 4061 12
5312 5319 648
4073 4075 8
1995 2006 20160
3237 3239 8802597006
650 658 588
2778 2786 450
3475 3484 10080
102 104 30
5386 5393 1890
3162 3163 21
2186 2188 83257339254
4590 4593 15
3511 3516 24
4918 4926 3024
2111 2116 48
1847 1848 80244532176
4163 4165 105
4533 4534 3
5628 5638 288
2166 2171 196
2978 2988 6804
2851 2852 47127293418
378 379 89336586466
2674 2676 12
4181 4190 60
228 230 14
2169 2174 280
3188 3189 14
36 37 9
4665 4666 97293214562
1154 1158 450
135 136 75351513033
1555 1557 14
952 954 21
4525 4526 91483614390
3371 3373 8
5045 5048 28
1582 1584 105
699 700 46093108440
2735 2738 27
3345 3348 126
1144 1155 240
239 240 66114353166
3350 3362 48384
4827 4828 10
4526 4529 73186891512
5560 5564 28
2221 2227 80
3884 3887 85588725740
1383 1384 10
2370 2371 9
100 104 450
3745 3759 226800
4544 4545 9
4704 4706 46164598203
5521 5524 21
3393 3394 52941736010
3501 3502 47324599471
600 602 8
4073 4076 16
1761 1764 42
1133 1134 14
4992 5001 16800
1666 1667 11227673362
5581 5586 252
1995 2013 1693440
5547 5549 28
5430 5432 12
726 734 2100
4951 4957 980
5285 5288 14
5109 5110 3
1382 1383 88262662735
1231 1236 2500
3144 3145 10
1542 1543 97438574273
8 10 38545465574
3425 3431 28819858480
3065 3074 7938
1974 1976 28
3003 3008 168
2260 2266 420
5684 5689 12
1812 1813 87317038162
4242 4247 1470
2352 2353 71099857564
4641 4644 100
1964 1968 16
4805 4814 3600
2279 2280 9
1417 1418 10
1460 1466 1000
4218 4221 8
4029 4033 24
4752 4757 840
5260 5263 15
794 811 64297800
5246 5250 42
1712 1714 15
1394 1401 480
4505 4512 13500
268 281 12101040
1155 1160 600
5033 5035 50
866 868 10
4107 4118 9072
29 31 95069717735
5331 5332 57084421925
639 641 10
326 332 648
2611 2615 56
5632 5642 2880
2113 2116 8
3323 3325 10
458 463 7350
5729 5730 21909501109
4946 4948 18
3248 3251 20
1872 1880 864
5451 5452 73524439845
3893 3916 16934400
3281 3284 100
4152 4154 9
4064 4067 84020205114
659 661 12
3775 3776 24509058895
3889 3907 423360
787 791 10
1227 1232 240
5172 5181 12600
4490 4499 3528
4510 4513 75
5172 5178 1260
5457 5465 12600
1349 1351 20
5454 5456 10
4596 4601 12
3656 3671 28800
5375 5385 6048
4528 4533 36
1502 1505 9
2081 2082 63821311119
3577 3578 10
4929 4931 12
2123 2124 21
4169 4184 19440
3982 3988 252
1112 1114 12
2951 2953 70
5694 5699 14
5333 5336 4
2228 2231 42
437 441 24
3855 3861 375
3769 3774 1400
1531 1541 216
2096 2102 1080
109 117 168
793 801 5400
968 969 86853806787
3438 3440 84839307186
2413 2418 210
5345 5351 240
5355 5356 35
515 520 72
5771 5786 1235314500
643 646 28491809955
2837 2841 36
5172 5176 420
4573 4577 15
5678 5682 588
2619 2620 65926752701
5527 5531 210
3527 3533 64
5027 5028 56434364890
2770 2781 11664
3222 3224 83684075896
1893 1903 12000
2600 2602 63
1525 1528 24
486 488 18
1363 1364 15
2869 2877 1215
5442 5446 48
3134 3143 7560
820 821 9
929 930 81494641247
3625 3626 96382207241
2783 2787 75
3721 3731 10080
2136 2147 9600
4761 4768 2520
5183 5184 15
2973 2974 15
13 15 30
617 618 60463667178
2054 2055 17916675504
3667 3676 1260
3372 3374 8
573 577 24
586 587 9
1586 1589 84
3552 3555 90
4749 4754 840
3805 3806 49
571 572 86278632595
4844 4847 5170753842
1324 1330 240
3860 3864 175
5682 5683 21
1085 1086 88639395302
1044 1049 84
1183 1184 15
5769 5780 5042100
2687 2689 48968309584
5094 5096 21
2160 2162 18
2384 2397 105840
3271 3274 250
3449 3451 10
4134 4146 53760
3469 3471 42
15 16 92395342930
1686 1701 793800
565 568 70
354 360 504
5531 5538 3087
3439 3440 84839307186
4484 4496 211680
296 298 30
2007 2015 756
5566 5572 72
1906 1910 294
4313 4329 115248000
4424 4429 126
943 954 529200
3908 3916 160
2303 2304 7
506 508 42
67 68 15
3494 3497 45
4435 4442 11760
4529 4534 36
2047 2048 66150462606
2303 2305 14
711 716 168
4953 4958 980
2277 2280 9
2864 2876 24300
2434 2436 41737570766
38 39 14
3254 3256 49
751 758 336
1467 1469 9
5755 5764 13230
2451 2456 90
4885 4887 9
5498 5502 90
2662 2668 840
3309 3319 2016
5608 5610 6
3888 3905 846720
2447 2455 1620
1114 1115 94627541208
505 506 15
41 43 52354214802
5220 5221 58426832832
5180 5181 10
1128 1130 70
1057 1059 98
19 25 36
4006 4009 20
4267 4270 150
5310 5314 54
1656 1662 504
2551 2566 127008
1130 1131 15
1742 1746 42
98 101 45
3508 3510 105
2772 2781 1944
1046 1049 12
1329 1331 8
2419 2422 24
2514 2521 5670
4564 4568 20
1802 1808 108
1476 1478 21
4797 4801 35
5034 5035 25
3117 3118 1816318546
2106 2108 30
2425 2431 240
4964 4969 84
3662 3671 960
1176 1179 45
3772 3774 28
890 900 5600
3805 3809 294
1210 1212 10
1253 1255 42
4132 4133 24690256084
3274 3283 94500
1672 1673 43095770140
2154 2157 30
4983 4989 2100
4933 4936 50
804 818 11668860
4104 4114 10080
3947 3950 105
609 610 14
660 663 24
3956 3957 60589878224
209 215 980
671 672 15
1819 1820 94164482078
1270 1271 40772702653
4127 4132 98761024336
4513 4521 504
4090 4097 96
4903 4904 93128874952
3060 3062 53912296646
4366 4373 392
3846 3849 60
4243 4248 630
2223 2229 56
4250 4254 8
3348 3349 69598259080
3682 3683 15
3199 3202 8
4362 4369 48
2942 2944 21
2313 2315 25
2556 2567 10584
94 99 18
705 706 97930313366
3792 3800 144
5783 5790 22050
5652 5657 525
4303 4306 150
489 490 45742671536
1396 1403 240
4770 4771 10
1099 1100 74448965142
1601 1604 10
4213 4214 6
1923 1934 14112
2759 2761 14
118 121 28
5359 5360 21244688463
5615 5619 60
4439 4443 420
620 621 25
1850 1864 112896
3937 3943 288
845 849 280
4833 4836 210
3645 3650 16
4575 4578 30
4483 4494 529200
4054 4059 120
1251 1253 35
730 734 210
494 497 15
5433 5439 2520
5679 5683 588
2940 2941 5268921176
174 176 63
5201 5202 14
4776 4778 27
1291 1294 40
5552 5556 120
3821 3822 65005587335
4817 4819 61755519398
5270 5271 51642357996
3520 3521 12139632090
2432 2433 57899894602
3346 3348 42
2026 2031 315
3324 3326 64791173194
2630 2636 10500
2623 2629 34565875740
5171 5172 35
1298 1302 105
5540 5542 64486456665
3211 3212 89622405237
4846 4848 10341507684
601 603 12
5413 5417 42
2853 2857 450
4862 4864 49
2096 2097 15
2681 2683 15
1884 1886 8
2543 2545 21
4176 4185 135
3888 3901 70560
3139 3144 225
3687 3691 12
3370 3373 8
57 65 600
4033 4034 16290849507
4985 5001 2822400
4788 4792 1029
2797 2798 10485122796
3568 3569 58909086232
3423 3428 1646849056
4536 4538 35
4293 4295 8
1151 1155 60
5035 5036 25
3523 3530 216
4445 4446 52740391654
5291 5295 70
1969 1975 5488
2234 2237 36
4321 4331 18816
839 847 1344
2248 2255 1134
4801 4803 82781092496
3290 3314 50803200
3204 3207 70
5056 5057 70908118602
738 739 21
4773 4776 40327352496
5376 5386 9072
3973 3974 10
410 411 10
2230 2237 1944
4631 4641 480200
1261 1264 84
1316 1321 175
4892 4895 84
5424 5426 42
1108 1112 168
1778 1781 90
4061 4065 84
2572 2575 18
1008 1013 630
5785 5797 463050
5021 5026 12
1815 1817 94961985164
4842 4847 10341507684
3343 3348 1260
3412 3413 14
3214 3217 12
1051 1059 3920
1909 1911 42
3673 3678 84
1188 1190 45
1297 1302 105
3179 3186 4200
1227 1235 12000
5681 5683 42
1970 1976 5488
2813 2817 10
781 782 15
4246 4248 21
2657 2662 24
3606 3608 54014039236
878 879 15
691 694 24
839 844 168
2102 2108 180
4247 4249 89981201019
1364 1365 70338060960
982 989 600
3754 3768 10584000
5088 5090 42
3564 3567 105
3813 3817 45
2373 2374 21
2613 2617 84
3708 3716 28350
5335 5341 882
1303 1311 1080
3621 3624 42
1216 1220 61454140796
5642 5646 140
4705 4712 360
692 698 336
4285 4292 10584
4039 4043 60
1729 1737 2400
2031 2034 294
2049 2050 15
4557 4560 343
3639 3641 10
432 440 3024
5562 5571 1008
2029 2032 245
5621 5624 60
3673 3677 42
5227 5235 7200
3431 3434 98
3117 3120 63571149110
1463 1469 450
1711 1712 25
4643 4647 250
4658 4662 72
1130 1134 420
5587 5590 175
4954 4961 1568
26 27 21
4275 4287 190512
1831 1837 1176
3095 3115 10206000
5213 5214 14
5601 5604 14
4679 4683 98
1758 1763 1260
2133 2147 38400
2387 2403 46675440
4859 4863 882
5369 5371 12
1181 1182 40492452641
86 92 1764
2877 2878 21
121 123 38475707022
413 414 81325297859
1067 1072 420
1853 1870 5080320
1030 1041 77175
1450 1457 240
3708 3724 5103000
2252 2256 36
4639 4644 1400
2502 2505 315
4086 4092 32
4215 4217 35
5387 5394 3150
1212 1213 52207042970
2068 2069 14
1227 1229 8
5118 5134 151263000
464 468 420
4811 4815 20
230 232 28
216 217 88353392056
933 936 28
5654 5659 150
3837 3840 98785446017
5073 5087 5186160
2978 2981 18
4240 4242 14
5393 5394 15
317 327 285768
3035 3053 2268000
3793 3804 288
386 388 97689868062
4165 4167 18
4561 4562 42355611384
102 105 60
3154 3163 23520
2498 2499 67175353596
5427 5428 40865705274
5179 5181 10
5386 5392 630
1139 1142 375
1555 1559 84
1826 1827 9
4582 4586 1575
183 202 967680
4772 4773 2240408472
1964 1970 224
1688 1704 340200
3214 3222 144
2944 2945 43178281236
5148 5151 105
3802 3805 21
1897 1905 360
4275 4277 12
4475 4477 63826698825
2737 2741 36
3916 3918 74600183756
2123 2125 21
511 512 98070291926
677 689 37632
4596 4598 4
1165 1168 36
941 953 3704400
408 411 40
4671 4674 63
4391 4396 72
1756 1761 1350
580 582 98
3186 3187 19639560659
1092 1093 93331992048
5322 5328 392
5727 5728 10
2214 2220 90
4737 4742 84
1387 1389 105
1956 1957 97674294003
4785 4791 3087
1443 1447 24
416 427 720
441 445 72
3083 3084 9
2671 2673 20
4900 4903 40
4967 4972 252
3460 3462 8
5212 5213 6567490884
2467 2473 882
5180 5184 150
4150 4151 9
2843 2844 99584612990
3144 3146 10
3195 3202 720
3126 3128 70
1388 1389 35
1093 1098 1350
3629 3630 6
2268 2269 21
1764 1766 20685342036
1203 1207 200
3386 3387 10
2530 2535 180
148 150 70
5468 5477 9800
1469 1471 37461959196
2361 2363 49
5398 5404 252
4621 4626 252
2279 2281 18
2761 2762 77137421025
5100 5104 48
3483 3484 10
5321 5326 294
4248 4249 89981201019
2445 2446 33344323119
1287 1290 60
3083 3087 36
1050 1058 560
107 116 4116
4716 4723 120
4344 4350 504
856 861 1000
4078 4079 35
5403 5406 56
5497 5498 89987848027
1100 1107 84
3157 3163 2940
5711 5720 7056
347 352 378
2950 2953 140
2617 2619 66063495945
3121 3125 54
5579 5581 30
4890 4895 252
3558 3560 10
1350 1354 35907072480
2116 2117 87039564909
2216 2220 18
2354 2356 9
1716 1719 30
4628 4629 87545841074
4778 4779 18890271519
3092 3098 630
1737 1744 3528
3616 3623 48
2130 2142 5120
4244 4248 315
2156 2159 30
2392 2403 370440
1327 1330 40
4762 4771 25200
4625 4627 14
4159 4164 2940
5719 5723 20
5342 5343 50219225678
5039 5042 61197616499
568 571 69022906076
2773 2782 648
4996 5001 300
566 568 70
910 913 54
974 977 12
2697 2700 84
2216 2223 180
4310 4311 4
2629 2633 300
8 9 38545465574
3194 3199 360
3631 3637 63
5165 5166 14
2174 2179 375
3730 3731 6
5633 5643 14400
3358 3372 508032
2196 2198 10
1896 1903 240
2193 2194 15
3436 3437 4
3069 3074 63
1563 1566 140
4284 4289 2646
1199 1207 18000
5561 5567 168
4660 4663 12
339 340 1805670681
1919 1933 35280
4227 4228 14
4540 4541 59780348358
4744 4750 1176
5516 5517 18157154864
1255 1257 42
3901 3916 9600
5153 5156 18
4413 4417 36
3726 3731 504
2037 2040 18
598 601 16862809664
2259 2266 2100
2667 2668 14
659 662 24
3404 3412 102900
2141 2147 240
4849 4856 420
5208 5209 21
2905 2907 22892153194
2053 2055 17916675504
2294 2302 112
1715 1716 65495287754
625 634 52920
1338 1339 85405543152
1447 1448 59681767390
4893 4895 28
5 6 10
2583 2586 27
1042 1049 420
654 661 504
786 789 30
600 603 24
2323 2325 53979828573
4613 4614 6
1318 1322 245
4633 4641 13720
3337 3340 98
4179 4190 180
5621 5623 30
2289 2291 42
1034 1048 771750
3586 3588 25974398432
495 498 30
4701 4703 105
5338 5342 126
3983 3990 2520
4755 4757 12
4602 4604 20
5687 5690 24
2799 2812 197568
1958 1959 2
3599 3605 80
4637 4643 3920
2444 2446 33344323119
4256 4258 18510779220
5372 5378 252
4476 4478 42551132550
1019 1022 57392520024
2632 2640 14700
1256 1257 21
4501 4502 4
1795 1801 3150
1666 1668 22455346724
446 447 93817126964
4004 4005 21
2086 2087 68738919714
644 646 5698361991
1024 1027 36
3367 3373 112
5355 5357 105
1158 1162 140
1008 1014 630
2842 2843 99584612990
3487 3496 9000
2250 2256 324
4296 4297 42131249816
2265 2267 35
5106 5107 21
2855 2858 525
5118 5140 68068350000
392 396 12
2403 2405 16267987016
1204 1207 40
5007 5008 9
751 756 168
575 578 42
112 117 84
2035 2036 86271689215
1166 1170 36
5642 5644 70
3122 3126 135
2590 2596 40
144 149 120
5092 5095 63
3115 3118 9081592730
2404 2407 81339935080
4814 4817 10
3492 3497 225
68 74 1260
4818 4820 30877759699
2863 2874 16200
1444 1447 24
1188 1189 9
3304 3314 288
1571 1572 69825258867
3134 3136 28
4984 4998 470400
5666 5671 48
2701 2702 25
2749 2757 13230
731 735 210
1562 1564 8
2186 2187 83257339254
3450 3454 45
5254 5255 6
3139 3145 450
1513 1517 50
181 182 52111495482
3803 3806 49
3843 3844 76329594893
4305 4306 25
5112 5113 51118648943
4571 4574 10
3559 3560 10
5357 5358 9
2027 2031 105
4622 4627 84
1076 1077 14
3469 3470 14
2427 2431 60
4627 4628 43772920537
1914 1916 35
3079 3081 20
5098 5103 336
797 813 64297800
1895 1903 1200
2464 2465 82465553447
2898 2903 1470
4975 4977 78533156792
844 848 120
3078 3080 8
5339 5342 42
3315 3321 168
2699 2702 150
5717 5723 420
3509 3515 180
3424 3428 823424528
1995 2009 80640
1288 1292 120
3114 3115 15
1646 1654 300
5470 5477 4900
5687 5689 12
5041 5042 61197616499
3975 3976 34618368510
5329 5330 35
4151 4152 9
1609 1610 9
4687 4689 30
5474 5477 10
3522 3523 21
4923 4928 24
5602 5604 14
3838 3840 98785446017
371 373 18
2562 2573 9072
2841 2842 6
1168 1171 12
2690 2692 147
369 371 12
5066 5085 8890560
5024 5026 4
2490 2493 98511063606
2756 2757 35
2883 2887 24
4911 4915 60
1097 1098 15
4463 4464 35
3766 3768 70
4770 4772 10
4143 4146 24
953 954 21
3509 3512 30
4914 4916 30
136 137 28479653486
4980 4987 600
4008 4009 10
3957 3958 60589878224
3701 3704 36
2291 2294 70710103432
5343 5344 50219225678
1722 1725 30
2836 2840 24
4497 4499 21
1174 1176 30
5518 5521 14
1409 1418 10080
3080 3081 10
4343 4345 79488447534
3561 3563 57765916844
4829 4835 6300
2570 2574 18
4995 5001 600
3473 3479 120
1300 1309 6300
4657 4659 42
5710 5715 48
5210 5211 34380679123
5783 5794 308700
2548 2549 78511406082
2625 2629 34565875740
5075 5087 740880
1071 1073 175
89 95 210
332 334 8
1796 1807 24300
5454 5460 3500
4530 4534 18
2929 2931 30
4923 4926 12
1780 1782 30
3316 3325 560
5693 5694 23492851331
3720 3731 30240
1193 1195 42
259 281 7260624000
5725 5728 60
1373 1374 9
1034 1047 771750
747 749 15241200254
4878 4885 900
5435 5442 24696
3292 3314 8467200
4729 4736 24500
4080 4081 79187919968
1654 1659 252
5654 5658 75
1805 1808 18
73 90 4572288
5750 5757 1512
4730 4740 21000
3261 3270 1440
3 4 21
4601 4603 30
737 739 63
238 239 66114353166
1987 1991 280
2175 2179 75
5762 5764 5
956 958 8
1314 1316 9
5014 5016 42
3014 3032 1555200
3634 3637 9
4395 4401 1764
2539 2540 88105989423
2441 2444 75
5180 5183 30
2701 2703 125
946 954 11760
4063 4065 14
787 790 10
2068 2071 28
4295 4296 84262499632
2765 2778 1224720
403 409 120
689 694 48
397 398 10
42 43 3
403 410 240
1090 1091 14
4821 4825 84
2572 2574 9
3118 3120 31785574555
1988 1991 40
2363 2364 49
2230 2236 648
1004 1013 26460
3941 3950 1680
5588 5593 735
443 445 18
207 213 2744
5652 5656 525
1614 1617 135
3518 3519 9
1407 1408 52486601953
205 209 112
4848 4856 840
1530 1539 72
812 818 4410
3604 3605 10
3343 3347 180
4397 4411 1778112
858 862 200
4397 4412 3556224
29 30 95069717735
4383 4384 9
2161 2163 30
1991 1992 10
4780 4789 61740
3238 3240 13203895509
146 150 420
5500 5503 60
453 463 2058000
3151 3153 11305263974
5111 5113 51118648943
3203 3205 49
4366 4372 392
1526 1528 12
369 373 72
1556 1560 84
1731 1743 201600
5635 5643 3600
4898 4899 8933998374
856 862 2000
5156 5157 95564699004
4087 4094 48
3990 3992 3388610408
1290 1294 80
4264 4265 99125023081
1628 1641 9261
3576 3578 30
2305 2306 10
3120 3123 126
3535 3536 10
2419 2425 672
465 469 210
3185 3187 58918681977
2645 2657 13440
350 354 441
