172 106
162 171 1008
137 138 9
55 72 6048000
81 85 100
135 136 94164060449
80 81 62715238234
6 13 160
47 48 57097519769
94 95 96740103266
61 72 20160
31 32 25289286320
121 127 840
132 135 105
35 42 1620
9 14 48
102 104 9
23 26 294
129 132 54
138 140 6
28 30 42
122 127 420
92 94 14
91 94 70
103 104 3
53 55 84138907200
140 141 4
112 116 315
143 144 80549875441
44 46 4
74 76 6
64 73 672
131 134 210
16 18 63
126 127 2
42 46 12
37 42 108
110 116 1890
101 102 9
34 37 90
158 163 252
37 43 324
145 151 150
46 48 57097519769
65 73 224
11 14 12
17 18 21
30 31 35
167 171 12
156 162 882
5 10 40
118 124 1120
74 77 18
138 141 12
3 10 160
132 134 105
40 44 36
121 124 140
153 158 378
7 13 80
79 80 31357619117
127 128 74019611423
8 14 240
2 6 8
98 100 2
77 79 9
164 171 168
74 79 54
165 171 168
160 163 84
150 157 4410
137 140 18
107 116 79380
6 10 40
133 135 35
55 71 6048000
99 102 18
84 91 3500
161 171 2016
85 94 9800
51 52 35
95 96 96740103266
24 30 3528
2 7 8
70 74 28
13 14 6
50 51 10
50 52 70
71 75 14
88 94 980
82 89 700
19 20 57068255570
42 45 12
24 26 42
113 117 210
160 171 14112
129 134 1890
43 46 12
67 74 112
149 152 175
158 162 126
29 31 105
21 24 84
29 30 21
35 37 45
85 91 700
114 122 1344
