1622 1414
294 299 1029
820 829 1680
154 170 2520
953 961 53672260138
783 787 84
816 829 5040
468 473 60
884 886 8154240820
1308 1319 360
543 550 21
1386 1399 20
97 100 8
38 47 294
611 613 51355354062
243 248 79214541099
1216 1220 3
1315 1330 840
74 78 65120637394
491 499 126
47 52 98
539 550 882
286 297 5292
1149 1156 36
614 620 10
1109 1114 42
1334 1339 36121794688
860 866 112
558 559 30740129875
1112 1115 83137814677
170 185 168
1547 1552 210
1321 1330 42
1609 1615 50
170 186 168
1501 1513 504
34 37 96260883091
720 723 27
105 127 36288
1230 1236 26614911024
496 509 154350
1310 1330 2520
539 542 42
525 532 28
1308 1311 18
776 782 96830188616
1157 1159 34057471005
1406 1408 75117982506
1365 1381 10500
523 529 51127093640
897 899 25117489812
484 486 20628988706
425 430 9
78 93 49000
651 654 18
852 861 120
141 149 8
486 487 10314494353
832 836 84327198330
1561 1578 5040
706 709 28
100 101 10
1616 1619 37400203657
1414 1420 12
355 360 36
1262 1267 630
1023 1032 72
1003 1015 18
83 93 700
1204 1208 15
424 426 69307922780
680 692 540
162 177 2520
42 47 294
1336 1339 18060897344
1253 1264 6804
1550 1564 840
674 683 1800
866 872 126
724 726 14
1583 1590 20
1073 1085 756
550 553 27
549 553 27
1350 1354 9
794 800 84
718 721 81536551605
402 403 9
605 608 69885970224
350 351 1
1587 1598 20
1063 1068 14
1559 1577 1680
676 684 450
886 888 38106514322
491 497 14
1027 1039 2160
124 134 840
442 457 288
738 739 10
1370 1384 1500
334 341 945
881 884 49
370 374 168
2 14 450
45 51 98
410 419 12
245 258 54
522 526 21911611560
791 796 92589285846
724 732 28
1173 1175 28
420 423 25
653 666 2016
1478 1483 24378799888
1226 1232 8
722 724 21
130 147 8400
893 897 75352469436
735 736 14
605 607 34942985112
1476 1481 16
488 495 30
1381 1387 30
1420 1427 42
880 882 7
549 552 27
1223 1226 9
1112 1114 1
426 433 9
1018 1022 67345648280
999 1005 27
566 580 168
605 611 69885970224
1477 1482 48757599776
1386 1401 20
651 659 252
804 820 33600
553 554 35278470345
62 70 378
1071 1079 630
999 1003 27
469 476 24
1061 1066 20
1471 1477 12
356 362 36
45 49 14
651 660 252
1327 1337 56
1555 1569 336
651 657 36
505 512 50
1615 1618 37400203657
301 305 189
1141 1142 34917341791
1612 1616 37400203657
190 195 75
1211 1220 1050
363 366 70
290 298 882
869 878 180
1513 1514 1
1018 1023 67345648280
434 437 63094760018
294 298 147
862 866 56
1274 1279 120
1028 1040 5040
1557 1572 280
596 597 15
76 85 2450
90 94 14
1024 1033 144
1271 1273 105
1489 1491 14
633 635 14
1257 1265 2646
353 359 36
730 734 79088212132
1244 1246 82488314637
1199 1201 76387605645
130 148 8400
1330 1337 28
1256 1264 756
1297 1303 490
557 559 30740129875
1309 1322 540
1019 1024 67345648280
902 908 60
834 837 10
842 849 420
1309 1324 540
544 550 21
882 885 57079685740
1299 1303 490
1067 1070 65531450726
289 298 1764
679 685 9
1408 1419 672
1229 1234 26614911024
736 738 42
493 499 126
1344 1348 35
1418 1424 36
375 376 21
423 425 69307922780
921 933 108
1186 1189 12
103 109 28971222984
527 533 28
439 449 72
1491 1494 63
793 796 92589285846
1228 1234 53229822048
816 828 2520
1486 1487 19271863610
925 935 180
795 820 11289600
22 29 18
746 747 49
912 931 10206
1431 1437 504
1601 1602 44560630090
2 28 202500
1248 1260 1512
1553 1568 336
1285 1289 36
1603 1605 67041173994
1052 1055 21
123 134 840
314 325 324
620 632 12
838 839 42272741516
129 137 100
1225 1229 6
1230 1237 26614911024
1536 1548 672
91 94 14
1606 1610 175
407 408 2
433 436 63094760018
495 499 63
1280 1289 2160
1342 1348 35
981 997 1944
565 578 24
1382 1392 50
1168 1174 120
335 342 567
709 714 35
723 726 42
1150 1156 12
1191 1196 42
399 403 18
1488 1491 28
103 110 86913668952
999 1013 162
259 261 63
1052 1053 21
1590 1598 20
20 29 90
18 29 270
1180 1184 18
1284 1289 72
1044 1049 63
732 734 79088212132
1550 1567 840
1572 1578 126
1034 1040 210
1047 1052 126
374 376 147
569 580 168
1203 1207 35
1369 1383 1500
268 270 5
1115 1116 83137814677
1429 1432 10
947 953 50735189712
1608 1614 50
944 948 21
640 641 92181663829
1074 1100 50009400
242 244 52809694066
691 709 4762800
683 695 2100
895 898 50234979624
1251 1264 6804
510 512 2
1147 1152 12
639 640 92181663829
266 270 10
631 635 28
103 107 14485611492
757 781 120960
1275 1283 1200
1589 1598 20
1052 1057 126
1305 1307 50845603191
178 188 84
1432 1437 504
950 953 16911729904
218 226 270
1497 1510 11760
1084 1101 1190700
125 134 420
29 32 27
522 525 21911611560
1036 1040 210
525 529 14
873 882 420
1293 1300 70
210 212 85631897703
1056 1059 18
1358 1364 45
935 944 350
1252 1264 6804
260 270 840
880 883 49
1341 1345 25
795 814 537600
2 19 6750
1541 1550 504
29 31 9
492 499 126
871 879 360
774 781 28
548 551 63
733 734 79088212132
96 97 10
555 559 30740129875
903 910 150
284 294 5292
559 564 60
1497 1505 840
1309 1320 180
28 31 9
1003 1016 18
1219 1221 66545481827
1415 1423 36
1403 1407 64386842148
1144 1150 9
879 882 14
259 270 2520
896 899 25117489812
571 580 56
684 704 3402000
51 55 56
332 341 14175
1176 1181 56
1161 1168 216
1437 1438 21
1385 1393 20
34 35 96260883091
682 694 1260
917 931 162
1400 1405 12
1134 1137 42
781 783 20749326132
945 953 50735189712
747 750 42
1593 1598 10
331 333 105
1269 1271 175
563 574 36
477 485 8
197 202 9
914 931 486
496 501 441
177 186 168
547 550 21
243 250 79214541099
79 93 24500
281 293 2268
1377 1387 60
751 755 99510589883
76 80 14
470 485 96
1015 1019 67345648280
690 708 680400
1333 1338 8
1130 1134 60011460295
604 605 23295323408
532 534 6
745 747 98
1182 1185 9
664 668 252
104 113 12
1443 1468 635040
784 791 84
1407 1408 14
1419 1426 12
387 396 3150
442 456 144
1343 1348 35
999 1014 162
1371 1385 3000
1108 1113 42
594 597 60
2 16 450
1407 1418 672
338 342 27
365 366 14
520 524 32867417340
243 251 79214541099
264 270 40
413 421 15
257 260 63
1 11 60
1335 1339 36121794688
252 260 378
1413 1419 12
1130 1133 60011460295
1104 1106 63228923310
275 289 1512
1201 1204 29278564560
1430 1432 10
29 33 54
191 200 225
1492 1494 9
735 737 42
1044 1051 126
1433 1437 252
1410 1419 96
1 2 10
1490 1494 63
924 935 180
192 200 45
1116 1122 14
665 669 84
485 487 10314494353
500 509 2450
259 266 504
1160 1167 108
604 606 69885970224
469 478 24
603 605 46590646816
840 848 180
153 156 1
886 889 76213028644
339 342 27
1412 1419 24
1211 1219 1050
730 733 79088212132
751 754 99510589883
1582 1584 30
37 44 21
464 466 60037112916
1139 1140 64693641151
1134 1136 21
419 422 25
757 760 9
441 453 216
324 330 27
1177 1181 56
34 38 96260883091
102 106 14485611492
1476 1482 97515199552
459 464 10
139 149 168
496 505 30870
60 66 126
549 551 9
690 706 340200
469 480 48
1457 1477 6480
828 831 8
1198 1199 76387605645
1439 1440 57124799141
1259 1265 126
89 93 10
74 79 65120637394
677 684 90
1417 1424 36
487 489 15
1301 1304 28
1565 1578 2520
1128 1130 15
610 613 51355354062
773 781 28
671 680 1800
895 897 25117489812
1560 1577 1680
1167 1169 20
1402 1405 12
741 747 392
1064 1068 14
1244 1245 82488314637
563 572 9
1584 1592 10
751 753 99510589883
507 512 10
1176 1180 56
176 186 168
1262 1266 126
4 29 121500
1260 1265 126
50 53 28
263 270 40
662 666 12
647 650 1
523 528 51127093640
592 593 53650579332
1274 1278 60
378 383 378
884 885 8154240820
595 597 30
409 417 12
1230 1235 26614911024
1615 1617 37400203657
560 570 180
961 984 324
946 953 50735189712
559 569 60
3 29 121500
1170 1174 12
423 426 69307922780
898 900 10
865 869 42
1055 1058 18
1342 1345 5
891 895 36
906 912 450
617 631 12
465 466 60037112916
232 241 42
1125 1128 10
77 87 4900
98 101 20
1403 1406 32193421074
1068 1070 65531450726
1365 1379 3500
105 114 36
1436 1438 42
679 689 180
1122 1126 97740359986
1584 1590 10
521 524 10955805780
201 207 1575
953 956 53672260138
866 869 21
1061 1062 10
446 462 504
1194 1197 42
718 722 81536551605
475 485 16
1061 1065 20
933 938 10
424 427 69307922780
361 366 140
1430 1436 360
352 358 36
1337 1339 9030448672
1087 1102 39690
96 100 40
1362 1374 5250
682 692 180
312 314 9
373 375 98
866 877 3780
1112 1116 83137814677
672 683 5400
402 404 18
1321 1332 42
1276 1288 8640
1406 1407 10731140358
439 452 216
1306 1307 50845603191
34 41 96260883091
1042 1048 27
746 749 98
924 933 36
1417 1423 36
1234 1238 6653727756
1174 1179 392
178 190 420
332 335 75
546 550 21
708 711 35
999 1006 27
1430 1437 2520
73 76 97680956091
651 655 36
527 534 84
1165 1168 12
755 760 9
277 292 3024
1073 1099 50009400
1025 1033 144
835 837 10
1097 1102 9
1257 1264 378
783 784 21
1158 1159 34057471005
1130 1131 60011460295
367 368 84256317753
359 366 280
1210 1211 59449619516
1137 1138 14
435 442 36
795 801 168
714 720 27178850535
621 632 12
394 402 210
200 206 525
819 829 1680
911 914 63
286 295 252
140 149 56
96 99 20
779 783 41498652264
896 898 25117489812
101 105 72428057460
391 402 630
268 273 10
938 945 70
411 421 30
1183 1187 54
1186 1187 6
211 214 85631897703
626 633 8
1325 1332 14
345 349 50
1181 1185 9
1334 1338 8
193 202 135
563 573 18
1176 1179 28
369 374 840
1023 1030 72
945 951 50735189712
360 366 140
1435 1437 28
1201 1202 836530416
724 728 28
1606 1612 350
987 1000 324
605 610 69885970224
1258 1265 882
1418 1425 36
1558 1577 1680
113 130 3024
185 191 25
243 246 26404847033
1211 1216 350
1020 1029 24
77 91 49000
1183 1185 9
651 661 504
652 663 504
501 510 350
836 837 10
2 27 202500
556 559 30740129875
321 329 27
942 948 21
464 465 60037112916
654 666 672
1443 1465 105840
1084 1100 396900
1573 1578 126
129 136 100
609 613 51355354062
427 433 9
340 342 9
1479 1484 36568199832
382 394 34020
519 520 9
737 739 30
894 897 25117489812
380 387 972
539 549 294
448 462 504
807 824 100800
432 435 31547380009
949 953 16911729904
1487 1490 77087454440
242 245 52809694066
741 746 56
522 527 21911611560
559 567 60
467 468 15
245 254 9
246 258 54
441 454 216
1615 1619 37400203657
866 875 630
1045 1051 42
577 581 14
964 997 23328
1201 1203 5855712912
1142 1143 34917341791
432 433 1
930 935 180
1274 1281 600
1296 1300 70
1107 1110 42
330 331 21
1495 1496 84351000980
276 289 1512
1160 1166 54
50 54 28
671 675 12
373 374 14
1442 1449 5880
1474 1479 24
197 204 45
409 418 12
1265 1267 35
409 415 12
182 191 150
1355 1358 68559444302
330 332 63
209 210 70707418873
24 31 54
26 31 27
926 935 180
679 686 45
170 183 56
1355 1357 68559444302
1339 1340 31606570352
65 72 252
156 176 2520
1048 1052 126
302 308 126
855 864 240
832 835 16865439666
806 824 100800
345 351 50
669 671 62076071538
52 56 16
433 435 31547380009
602 603 14
911 913 63
200 207 1575
383 396 85050
784 788 84
444 457 72
559 563 60
964 996 23328
1174 1178 196
1482 1485 36568199832
1023 1033 144
873 879 60
351 358 36
1107 1113 126
617 632 24
230 233 3
452 462 168
1159 1165 54
563 575 36
97 101 40
297 299 21
208 209 70707418873
831 834 33730879332
1279 1289 4320
1224 1228 18
1601 1603 89121260180
58 65 756
368 372 60
1181 1184 9
1608 1615 50
1091 1102 1890
945 948 3
1271 1274 315
573 580 56
1506 1514 42
888 893 72
214 223 90
1575 1578 9
143 149 8
221 229 810
830 833 67461758664
1223 1225 9
827 831 40
1555 1570 1680
517 520 45
1305 1306 50845603191
425 432 9
587 588 41150189198
24 30 54
1580 1581 75365990527
274 275 71891493163
599 602 98
1037 1040 70
1017 1021 67345648280
439 448 24
314 324 108
954 961 53672260138
719 722 81536551605
683 697 6300
204 207 105
1402 1406 64386842148
113 127 3024
99 101 20
89 94 70
60 70 756
1387 1404 120
875 882 84
1246 1257 648
444 460 1008
1428 1429 57955732247
829 831 8
589 590 97863203876
1246 1260 4536
709 716 35
1021 1029 24
1015 1020 67345648280
1114 1116 83137814677
1053 1057 42
314 326 324
658 666 168
238 242 12
449 462 504
1064 1069 14
622 632 12
1394 1404 12
594 596 20
1409 1419 96
530 534 12
1050 1053 42
852 859 60
1099 1102 9
1448 1477 77760
170 181 28
683 699 37800
1421 1427 42
230 239 63
125 135 420
1529 1548 1344
612 613 51355354062
434 436 63094760018
469 475 12
665 668 84
1093 1102 135
1017 1020 67345648280
1487 1489 77087454440
1498 1513 7056
1144 1149 9
1594 1598 10
736 737 21
1327 1335 28
529 534 12
919 933 324
1246 1249 12
1330 1338 56
784 790 84
963 988 1944
724 731 28
1061 1067 20
1211 1217 350
38 45 21
1177 1182 56
791 795 30863095282
1122 1125 48870179993
337 342 81
1136 1137 6
246 259 162
1261 1265 126
1550 1565 840
259 269 2520
700 709 2520
71 73 18
300 301 76400055768
1025 1039 4320
23 29 18
168 178 12
216 225 90
1552 1567 168
666 669 42
789 793 30863095282
824 829 40
1177 1184 504
526 533 28
1531 1548 1344
498 509 22050
319 326 54
519 521 9
469 481 48
319 327 54
10 29 60750
1198 1200 76387605645
1407 1416 224
289 297 1764
437 448 72
468 471 10
1109 1113 42
511 513 4
887 890 76213028644
242 246 52809694066
918 932 162
1485 1487 38543727220
2 25 67500
1576 1578 9
960 981 36
990 1001 108
1145 1152 12
1550 1557 420
1480 1485 73136399664
577 582 14
1385 1397 20
548 550 21
44 47 98
1146 1152 12
1362 1371 2625
1527 1531 2
1445 1477 2177280
522 524 10955805780
983 997 216
200 205 75
1616 1620 37400203657
1470 1477 24
1362 1379 52500
443 457 144
423 424 69307922780
1171 1174 12
772 781 28
754 760 9
245 255 9
156 171 2520
198 204 15
133 148 1680
202 207 1575
154 162 14
600 602 14
782 783 20749326132
934 943 50
1481 1485 36568199832
212 221 18
486 488 30943483059
314 322 12
1473 1478 24
1544 1550 252
999 1010 27
874 882 420
746 750 294
1189 1190 64265614563
364 366 14
891 894 18
907 912 225
667 669 21
551 553 9
1478 1482 24378799888
1123 1127 97740359986
73 75 97680956091
1297 1300 35
837 838 42272741516
1098 1102 9
1126 1128 10
1018 1024 67345648280
96 98 10
579 583 14
1507 1514 21
206 207 21
1215 1220 15
576 580 14
953 955 53672260138
1281 1289 2160
602 604 28
485 486 10314494353
1550 1561 420
1326 1332 14
1286 1289 12
1338 1339 9030448672
211 212 85631897703
30 34 18
900 903 10
709 712 35
1090 1102 5670
677 685 90
565 580 168
161 176 1260
1475 1479 8
866 878 3780
1273 1274 9
238 243 12
223 232 162
440 452 216
1383 1393 20
862 867 56
497 509 154350
286 296 1764
1602 1604 89121260180
629 633 8
1293 1299 10
1615 1616 37400203657
1069 1074 93616358180
1442 1446 490
313 314 3
1297 1302 70
1505 1514 126
415 422 25
1387 1403 120
457 462 28
308 314 540
652 661 504
413 422 75
1396 1405 24
1527 1547 384
889 894 36
1198 1201 76387605645
457 463 140
1246 1255 108
1214 1220 75
315 326 108
1117 1122 14
80 93 24500
1191 1197 84
357 366 840
886 890 76213028644
231 241 126
412 421 30
1386 1403 120
888 894 72
877 882 28
794 799 84
1547 1551 210
137 149 168
129 139 300
1069 1073 93616358180
662 668 252
741 745 8
1500 1513 1008
783 786 42
1414 1422 36
859 866 336
537 538 37266454078
239 243 12
1103 1105 63228923310
985 997 72
553 555 35278470345
1493 1494 9
1366 1382 10500
167 177 12
1003 1018 18
1287 1289 4
410 418 12
1415 1422 18
867 878 540
1370 1383 1500
1527 1541 16
574 580 28
657 666 168
578 583 14
496 508 154350
1201 1205 29278564560
1247 1260 4536
291 298 441
1553 1567 168
805 823 201600
149 150 52775382222
100 102 10
1606 1611 350
53 56 8
1274 1276 30
1308 1317 180
1278 1289 4320
1327 1332 14
1382 1387 10
458 463 70
1430 1434 90
680 690 180
881 883 49
1223 1228 18
827 829 10
1490 1493 21
900 908 300
1127 1130 15
1490 1491 7
419 423 25
151 152 14
117 130 504
1414 1419 12
88 93 10
1369 1382 1500
351 352 2
1105 1109 21
1113 1116 83137814677
1503 1514 252
846 853 210
231 240 126
1073 1092 1111320
605 612 69885970224
1362 1377 26250
962 986 648
1264 1267 105
418 422 25
1497 1513 35280
1157 1158 34057471005
1550 1566 840
1595 1598 10
248 260 1134
1557 1573 1960
1102 1105 63228923310
221 232 2430
822 829 120
502 512 700
74 77 32560318697
1270 1273 735
1570 1578 630
795 803 336
911 929 5103
555 556 1
52 55 8
308 311 60
812 824 1008
891 896 36
1550 1559 420
1516 1517 1
1362 1366 75
911 921 1701
1338 1340 63213140704
1270 1272 245
761 781 13440
1174 1175 14
862 869 168
515 520 630
1168 1172 30
614 628 30
1231 1238 79844733072
852 854 2
599 600 14
1262 1265 126
1126 1130 30
154 164 42
50 55 56
1373 1386 300
69 73 108
35 41 96260883091
999 1011 81
1086 1102 198450
0 1 89892847380
1472 1478 24
1104 1105 63228923310
831 835 33730879332
1248 1261 1512
1122 1123 48870179993
708 710 35
58 61 12
653 664 504
587 589 41150189198
1499 1513 7056
1111 1114 3
103 108 14485611492
186 192 25
754 759 9
1478 1484 73136399664
1080 1100 793800
1158 1160 34057471005
888 891 12
953 959 53672260138
1046 1051 42
559 568 60
632 635 28
206 208 21
767 781 840
1461 1477 6480
249 260 378
1435 1438 84
190 196 75
1480 1484 36568199832
1309 1330 7560
442 454 72
1460 1477 6480
783 788 252
1061 1064 20
746 748 98
639 641 92181663829
1227 1233 24
43 47 294
408 414 12
354 359 36
936 944 70
604 607 69885970224
1175 1179 196
1405 1407 21462280716
1001 1014 18
1442 1457 11760
74 76 32560318697
259 260 21
789 795 30863095282
711 720 27178850535
954 963 53672260138
503 512 700
1465 1477 144
1486 1488 38543727220
951 953 16911729904
900 904 30
963 991 1944
1275 1285 7200
103 106 14485611492
936 945 70
1035 1040 210
1248 1264 27216
1107 1111 126
1348 1349 80837955525
1583 1588 10
515 519 210
1184 1187 18
369 372 60
1299 1304 980
663 668 252
626 632 4
1377 1386 60
939 948 210
1043 1049 63
381 390 4860
459 463 10
1274 1280 120
720 724 189
873 880 60
1220 1223 66545481827
1497 1506 1680
751 756 99510589883
660 666 24
357 362 12
564 575 12
1459 1477 6480
1191 1195 14
1599 1601 43237458876
1051 1053 21
1195 1197 42
1276 1289 17280
1149 1152 12
1318 1330 84
373 376 294
1443 1474 3810240
1149 1154 12
1203 1205 35
1130 1132 60011460295
998 1002 9
357 364 60
332 337 1575
1096 1102 27
1203 1206 35
1442 1448 1960
1303 1305 14
784 789 84
1418 1426 36
408 413 12
265 270 20
1587 1593 2
65 71 84
1608 1612 50
765 781 3360
1126 1129 30
274 276 71891493163
1195 1198 42
136 148 420
714 721 81536551605
837 839 84545483032
332 340 4725
539 546 42
1342 1347 35
425 433 9
362 366 140
1303 1304 14
2 13 90
1560 1578 5040
1132 1136 21
331 335 525
1549 1552 15
272 273 2
846 851 210
1211 1214 70
1167 1170 20
833 837 10
477 486 82515954824
295 299 147
76 87 4900
500 510 2450
483 486 20628988706
129 143 4200
191 199 225
1073 1080 63
136 149 840
1588 1598 20
1355 1356 68559444302
784 792 84
960 964 3
816 824 126
1069 1076 93616358180
977 997 3888
70 73 54
480 486 41257977412
496 499 63
776 781 14
178 187 84
1497 1502 140
1219 1223 66545481827
243 247 26404847033
885 886 8154240820
986 999 108
1056 1058 18
44 48 98
757 771 4320
278 293 4536
1204 1209 30
899 903 10
1564 1578 2520
469 483 96
1601 1604 89121260180
1443 1461 2352
520 523 32867417340
259 263 63
24 29 18
232 242 84
148 150 52775382222
87 93 20
1404 1407 21462280716
816 827 2520
709 713 35
130 144 4200
1367 1382 10500
605 609 69885970224
653 663 168
331 332 21
29 34 54
577 580 14
35 42 96260883091
512 513 2
1179 1184 36
369 373 120
670 671 62076071538
562 572 18
391 397 105
528 534 84
575 580 14
1527 1537 8
1059 1060 89605005269
15 29 1350
933 939 20
231 239 63
1398 1405 24
1497 1508 11760
838 840 42272741516
1144 1152 36
120 130 504
1246 1251 12
890 894 18
561 570 36
186 191 25
1596 1598 10
717 721 81536551605
470 483 48
340 343 18
1263 1267 315
150 151 52775382222
468 474 60
931 936 60
564 578 24
261 270 120
588 589 41150189198
520 522 9
740 741 54626995452
187 195 375
208 210 70707418873
210 211 85631897703
636 637 91352515400
1133 1136 21
211 213 85631897703
1592 1598 10
471 485 96
234 242 84
1141 1143 34917341791
1076 1100 50009400
341 343 18
72 73 9
453 462 56
1140 1142 34917341791
1422 1427 42
1443 1475 3810240
830 832 67461758664
1038 1040 14
1139 1141 64693641151
1135 1137 42
67 73 108
1476 1480 16
1290 1291 56873370113
228 233 9
1221 1223 66545481827
1537 1548 672
21 29 18
1186 1188 12
790 795 30863095282
34 40 96260883091
284 295 5292
1616 1621 74800407314
600 603 28
181 190 210
67 72 36
1434 1437 84
1604 1605 33520586997
1340 1344 175
1239 1240 90645519300
780 783 41498652264
1246 1253 36
952 955 53672260138
95 96 85253240255
460 464 10
1487 1488 38543727220
1116 1120 2
1503 1513 252
831 833 33730879332
1230 1234 26614911024
1227 1232 8
65 70 42
329 330 3
48 53 28
320 329 54
1582 1588 30
323 329 27
811 824 2016
435 448 144
1002 1015 18
760 781 13440
