3410 2132
800 804 14
441 442 9
695 696 45095194485
456 459 56427302904
352 355 18
1510 1513 12
2062 2064 21
200 227 15431472000
186 189 84
362 363 79139085100
3125 3127 30
2592 2599 1296
2180 2181 14
2050 2056 1680
2150 2160 10080
2530 2532 105
1294 1297 105
1218 1221 63
2143 2146 7357862214
2000 2003 90
2779 2780 51028751774
238 239 36414458933
273 277 162
749 750 3
2169 2171 47277510813
2892 2895 90
1821 1824 35
1150 1162 1058400
740 741 36596016190
75 78 18
952 953 9
2822 2823 10
384 386 66016037841
2869 2872 30
3387 3394 19845
1097 1104 4725
971 972 46423164460
1107 1109 12
3317 3323 2940
731 732 14
1704 1707 26285509278
1268 1271 59819292518
1644 1647 12224923020
1445 1448 70
1664 1668 84
2845 2850 108
2895 2896 10
2544 2545 23128407894
2972 2975 8
15 17 10138799800
2698 2699 11968352802
3391 3394 135
1304 1309 2100
3028 3029 3
881 889 648
402 409 336
649 659 5376
2731 2739 7350
1459 1463 450
254 263 4800
3032 3038 180
2785 2786 1
2369 2374 1890
600 601 10
3055 3056 8381419062
1725 1728 42
311 312 14
3312 3317 1176
27 28 10
2499 2500 44837365047
1875 1878 12
509 511 21
3247 3249 10
624 625 19210548938
1630 1634 120
2845 2847 18
2898 2899 72447708278
174 176 42
446 452 4410
3202 3203 2
3279 3283 20
3322 3324 49
76 78 18
2352 2357 84
2881 2889 18900
2771 2772 9
1741 1742 14
269 275 108
1866 1871 350
1344 1346 42
1838 1847 4500
2083 2085 58671732753
765 767 70
3104 3105 15
809 816 1680
3335 3340 150
3406 3409 56
2367 2369 18
3205 3206 10
1429 1430 69172219806
1324 1342 14112000
423 424 45319405944
1002 1004 33823856577
858 864 70
3316 3319 24
1003 1005 9
3371 3372 49
1218 1220 21
1897 1903 42
906 910 588
3007 3008 2
515 516 42125319950
1326 1342 7056000
2050 2054 280
988 990 14
1775 1795 317520000
3282 3285 20
364 368 630
429 430 76332611819
2111 2130 10886400
3120 3122 47167280875
1131 1134 12
2695 2697 42
2514 2517 10
2580 2584 24
534 555 7838208
1027 1035 144
1691 1692 2
2259 2261 12
1722 1723 38392151882
907 911 252
3317 3324 2940
2644 2653 115248
2795 2812 44452800
3247 3250 50
392 393 1
1229 1231 10
3148 3152 180
1091 1093 45
2528 2529 27669037754
108 111 36
84 87 12
1953 1958 120
62 64 45284206632
1729 1734 1575
694 695 30063462990
2438 2448 9720
1173 1176 75
1515 1518 66046716722
1510 1515 24
2472 2475 30
2034 2036 12
2930 2931 52877114178
560 562 8
349 351 42
2861 2865 50
577 589 176400
2476 2481 105
3345 3348 12
3033 3039 180
1344 1347 84
38 41 24
1669 1672 12
163 168 16
2719 2734 3810240
3267 3268 98842061325
1291 1292 9
1701 1705 36
2180 2183 28
3312 3316 588
2765 2770 525
853 855 83167430206
2035 2039 270
28 29 35
490 493 30
715 718 37584540081
2675 2677 12
844 848 12
1712 1714 14
3146 3149 30
1795 1799 36
1612 1614 42
2629 2631 42
717 720 54
1206 1210 48
1104 1109 144
95 98 24
2388 2390 65362683336
1251 1256 1470
2190 2198 900
1431 1434 210
2020 2022 30
1550 1553 14
2461 2462 7097475474
2649 2654 1176
3289 3297 288
1222 1224 9
815 819 420
1570 1583 4410000
2184 2187 60
366 368 18
1464 1468 20
612 615 15
2087 2092 40
628 632 24
2035 2040 540
2007 2009 98321520598
314 317 95551969167
3095 3098 105
2240 2250 49392
1806 1816 296352
2701 2702 35
981 987 1800
829 837 7938
1147 1155 11760
3331 3338 1350
2467 2468 82054619694
2036 2040 270
2495 2499 108
1673 1674 78774332763
2842 2847 540
228 230 88598736902
2200 2205 280
2583 2585 26329078602
1523 1524 70907721921
3205 3207 10
2951 2952 9
1966 1968 45
921 925 3077640678
2274 2278 12
168 172 72752966568
467 468 68180986497
109 111 18
1312 1313 50077365874
2120 2141 14515200
1066 1070 57813262712
1705 1707 8761836426
642 643 9
1289 1290 79890933746
2668 2675 252
1557 1559 12
2419 2420 9
1081 1083 20
864 865 90157474846
1023 1027 14
849 851 63
2384 2385 83425043370
3140 3142 42
2510 2511 14
125 127 21
2794 2800 504
1723 1724 76784303764
17 20 6083279880
106 110 60
753 756 12
1178 1180 42
2398 2399 90685123307
2629 2633 1470
33 34 44843374425
2149 2153 42
1317 1318 21
1189 1192 189
1280 1283 18
566 577 13608
2591 2595 252
2372 2375 36
1889 1890 21
3236 3238 53021284158
470 472 30
873 874 35
2488 2493 500
3348 3349 15
2308 2314 180
2066 2072 350
1583 1585 18
1748 1750 89787932656
911 912 21
1098 1106 6300
2690 2691 96186176920
858 860 14
2199 2205 1400
594 597 42
2002 2004 20
2047 2050 42
606 610 56
2673 2676 36
1527 1528 14
836 840 126
2425 2430 420
967 970 16
31 34 89686748850
2627 2631 168
2375 2378 12
564 565 33121308773
110 112 30
731 740 7000
2861 2864 10
1633 1634 10
2793 2796 12
2697 2698 27926156538
2550 2554 420
2310 2315 540
1303 1309 14700
221 227 100
2715 2723 5040
1828 1829 35
694 696 90190388970
2685 2687 18
1422 1424 12
3138 3141 210
501 504 70
2771 2773 45
1482 1484 55160801350
2707 2709 98
1 4 105
1851 1852 15
2990 2994 108
1748 1749 44893966328
2304 2312 180
2655 2657 96952019154
239 241 72828917866
2012 2017 1764
2160 2166 168
596 599 30
2883 2889 2100
670 672 105
2903 2907 180
2716 2730 2540160
1727 1729 42
347 348 69746950542
1235 1239 89411335832
2584 2585 8776359534
1424 1428 20
300 306 40
2725 2739 2469600
228 229 44299368451
845 849 42
2422 2425 30697147806
14 17 20277599600
3139 3141 42
3145 3146 35
1351 1361 4536
1163 1169 378
791 793 14
2684 2687 126
973 978 90
1387 1391 168
2173 2174 9
1483 1485 27580400675
2246 2253 4704
226 229 88598736902
2140 2144 44147173284
1246 1247 2
2445 2449 162
3350 3351 58811810926
1924 1928 210
690 693 196
2579 2582 8
3335 3339 50
1691 1694 20
2390 2391 14
2879 2885 378
2557 2558 79662648556
2381 2383 98
3106 3108 87936072207
1790 1797 1800
607 611 84
434 437 24
2012 2016 882
2009 2015 882
293 296 100
3097 3101 14
897 901 80
2181 2185 16
1738 1739 15
1323 1324 94838861402
1097 1103 1575
1607 1612 80
224 228 10
129 130 25646932766
766 767 14
1542 1551 20160
2268 2269 85884357932
962 963 13473540644
956 958 30
3070 3071 84509594281
3386 3392 2205
1969 1977 59535
1640 1646 210
2926 2928 9
2719 2732 272160
1964 1968 45
937 940 36
762 766 100
349 350 14
2978 2982 30
919 923 14
1195 1197 20
2897 2898 65975169074
1856 1862 840
566 583 8573040
1526 1527 10
3392 3394 45
2812 2822 18000
676 681 120
982 989 6300
718 726 2268
504 506 28
1852 1855 84
1425 1428 10
1599 1601 14
2042 2043 90064432516
576 589 529200
326 327 66994007808
1020 1026 84
15 20 60832798800
1617 1618 35
1761 1763 30
2988 2990 18
2715 2729 2540160
2160 2164 24
946 948 58922937244
2091 2095 252
607 610 28
1110 1112 147
2654 2656 64634679436
1434 1438 315
1667 1672 72
2973 2976 8
3384 3388 42
1501 1503 9
491 495 36
3118 3120 7
1648 1652 18
554 558 72
2369 2373 630
81 82 29840523996
1277 1282 36
975 987 324000
2630 2633 490
1876 1890 3674160
1216 1218 14
2923 2924 53024215941
945 947 10
529 531 30
706 708 18
1353 1378 117573120
2605 2607 10
3218 3221 12
1299 1301 20
3055 3057 25144257186
1452 1456 30
1282 1284 6
2625 2628 8
825 836 777924
1911 1918 72
2332 2334 70
1402 1406 30
660 669 49392
667 671 120
1324 1336 176400
1353 1375 29393280
2148 2149 73287208703
354 358 30
3056 3059 9
880 885 486
2662 2666 588
1193 1194 40165039074
436 442 216
517 519 175
806 807 86647228342
3359 3360 79995150897
3020 3026 108
523 530 60
1940 1943 30
1932 1934 21
3396 3397 81194046806
3121 3122 47167280875
2827 2831 120
197 224 54010152000
2534 2537 12
2880 2885 54
330 331 25
910 912 63
2258 2260 58355875228
3087 3089 10
2137 2141 12
2213 2217 36
1 10 15750
807 808 86647228342
879 881 18
3354 3355 9
2632 2633 35
2743 2744 36275905597
408 410 35
587 589 14
592 595 28
1782 1795 630000
3167 3168 45509143990
3379 3383 150
987 989 35
3374 3375 10
1829 1830 57138270791
2843 2847 270
843 845 21359942276
1109 1111 42
2606 2607 10
2917 2922 28
3021 3026 36
2150 2161 20160
1414 1415 72177282587
2390 2392 28
400 409 1344
2763 2767 420
2290 2292 49
2334 2336 70
2382 2383 14
1562 1583 793800000
3307 3309 30
42 44 12
1203 1207 72
104 108 70
1181 1185 90
230 232 8
3231 3235 112
660 668 24696
1496 1501 36
1617 1620 350
2228 2230 14
3150 3154 180
1149 1159 105840
2865 2867 45
1956 1958 8
1283 1287 68646618948
2877 2878 85999528172
1182 1185 18
1629 1632 24
3342 3343 90588093644
3330 3336 1350
1501 1504 9
2030 2035 120
534 541 1512
3037 3039 30
689 692 56
2 10 2250
3216 3220 8
2067 2072 175
2219 2225 7350
2186 2187 15
1949 1952 10
594 598 210
1735 1736 70260886774
3308 3309 10
1872 1873 76080338757
1161 1162 35
1078 1081 14
2596 2600 72
1168 1169 6
1109 1112 294
1012 1014 20
2343 2348 270
1836 1844 900
805 807 86647228342
989 991 42
1297 1298 59362745974
258 264 96
2864 2866 15
1705 1709 43809182130
1009 1012 70
1001 1002 56373094295
3002 3008 36
1957 1958 4
3015 3020 3150
1431 1433 70
1187 1191 189
2996 2997 4222984888
2519 2523 2058
1181 1182 15
702 705 27
1946 1948 44031652412
2460 2461 87131689839
912 913 14
1945 1948 88063304824
1772 1779 756
2468 2469 27351539898
1993 1995 5
792 794 35
533 534 66223963558
716 719 37584540081
2795 2819 5334336000
51 52 29208505392
1402 1407 30
2285 2291 98
691 693 98
1174 1178 315
1380 1387 7560
166 171 96
2539 2541 30
282 296 7056000
1162 1165 15
530 531 10
3346 3348 12
2965 2967 70
3147 3152 180
1070 1076 32
1070 1080 224
517 518 25
1293 1297 315
477 480 27
2309 2314 180
1550 1557 224
2597 2603 360
2007 2008 98321520598
927 928 62225943282
1514 1517 66046716722
1697 1700 36
933 935 18
559 562 40
475 476 10
904 906 70
87 89 32940292773
2316 2319 24
3102 3104 75
1117 1128 19440
453 456 16
924 926 879325908
1911 1913 18
2487 2490 250
1649 1668 653184
2543 2544 23128407894
1039 1040 25372370610
842 843 74759797966
2028 2034 1260
335 338 5902540740
1926 1929 63
1227 1230 4
69 71 14
616 620 980
3305 3306 97923139138
769 770 62904949338
1691 1697 200
2989 2991 18
2526 2528 83007113262
378 383 270
408 409 7
3058 3060 15
574 589 3175200
73 76 9
369 379 123480
2398 2400 90685123307
2318 2321 24
1680 1682 79534260562
518 519 35
1713 1715 14
245 251 300
1536 1548 194400
2421 2425 30697147806
3327 3328 61371737724
1599 1600 14
2472 2478 1050
609 614 18
1224 1225 15
2335 2348 2857680
760 761 49
2229 2230 14
2798 2820 1333584000
46 47 80934723996
2414 2415 33039028418
866 869 105
2948 2949 67578444987
46 48 80934723996
236 237 21
3084 3089 90
2282 2283 15
1014 1015 84112076700
697 699 35
2579 2583 24
2395 2396 9
55 57 18
2488 2492 100
2171 2174 27
1499 1502 18
1533 1544 1323000
804 807 86647228342
400 407 192
182 184 21
667 670 40
2284 2285 63622048478
2832 2846 907200
1382 1391 18144
1353 1367 163296
1338 1343 40
3093 3094 64122433539
3077 3079 9
2756 2761 36
622 623 15
2092 2095 126
1483 1484 27580400675
592 596 56
12 14 12
1006 1010 74263808304
3083 3084 56205349062
2966 2967 35
357 360 18
713 714 9
2463 2467 675
1017 1018 21148173710
2870 2875 100
2457 2459 20
1478 1479 20777040256
1848 1849 97487371960
236 238 21
1178 1181 210
2890 2895 1260
2037 2040 90
2634 2635 55352648616
3159 3161 6
2451 2452 54410114874
2192 2198 150
1477 1479 41554080512
2710 2712 90764047194
469 471 75
700 704 135
2670 2676 504
729 732 42
2905 2907 30
153 155 10
2122 2141 1451520
2477 2487 2520
1967 1971 567
693 694 14
2111 2124 75600
172 173 9094120821
2966 2970 2205
2750 2760 2268
1090 1093 90
3053 3054 15
1821 1823 35
223 228 20
2707 2710 98
705 708 18
950 951 96318667544
1762 1763 15
1281 1284 12
1860 1862 14
1628 1631 36
3371 3375 1470
1454 1456 10
1613 1614 21
2485 2487 30
2656 2660 54
2704 2707 42
571 589 66679200
1795 1802 108
3395 3396 81194046806
43 45 12
1638 1641 175
2007 2010 98321520598
2096 2097 13339249454
340 342 12
101 107 1050
504 505 14
1743 1744 14
2573 2576 23000134492
1249 1250 12973256958
2358 2359 28012287020
1940 1942 15
15 19 60832798800
1672 1673 78774332763
1556 1559 24
640 643 81
487 493 210
3141 3142 21
1999 2000 21
3072 3076 60
206 227 91854000
452 456 48
2936 2944 360
2894 2896 30
2766 2770 175
431 433 75
2189 2198 6300
2757 2761 36
2951 2953 18
2053 2057 60
2740 2742 70
375 380 450
2866 2867 9
2656 2663 324
133 137 100
2847 2852 252
497 499 63
3069 3070 84509594281
3007 3010 10
2001 2003 30
359 360 6
55 56 9
698 700 35
3181 3197 20412000
63 64 22642103316
477 479 9
1550 1552 14
2236 2241 2100
610 614 9
3408 3409 14
1865 1869 70
463 467 84
199 224 1543147200
3370 3372 98
2739 2740 10
3101 3102 10
39 41 12
2703 2704 83580210210
2545 2547 91415235072
1307 1311 60
855 857 21
256 263 480
2625 2629 24
2856 2857 15
646 647 79603826730
2316 2318 12
3078 3080 18
1035 1038 18
3159 3166 1134
2356 2358 39217201828
410 412 91348458910
34 35 62780724195
2942 2947 36
356 358 15
2635 2638 28
1678 1681 18
171 173 18188241642
1285 1287 34323309474
1756 1757 94713491565
606 608 28
1190 1192 63
329 331 175
21 24 42
526 530 30
2264 2265 6
1346 1347 14
2693 2694 15
1850 1852 105
144 150 1575
982 988 900
624 626 57631646814
1520 1521 6
2852 2854 12
1287 1288 85083778064
3171 3175 108
64 65 37736838860
164 168 16
2136 2141 60
3149 3153 180
2315 2316 9
2413 2414 49558542627
2992 2995 24
671 672 21
436 441 72
2884 2890 2100
2869 2874 300
446 450 294
3040 3041 14
1243 1247 12
2214 2217 12
1238 1241 8
3121 3123 47167280875
2934 2935 29052425604
1803 1804 52321034848
2488 2491 100
3314 3319 504
433 437 120
866 868 105
700 703 45
1932 1940 1260
1464 1466 10
731 737 1400
491 499 4536
1395 1399 441
2916 2920 56
3139 3142 126
730 732 14
398 402 48
2654 2655 64634679436
837 842 630
836 839 42
1595 1597 50
2833 2846 302400
1065 1068 57813262712
830 838 1134
435 438 24
2453 2457 40
1301 1303 42
772 792 261382464
1639 1641 175
282 292 70560
880 886 486
2076 2082 2000
764 766 10
2318 2320 12
1139 1145 840
153 157 140
443 444 65805122736
3101 3103 50
1435 1439 315
551 557 216
193 206 423360
2297 2306 7200
2582 2584 12
3 11 750
3293 3298 24
783 793 28812
2818 2823 60
3383 3386 14
1341 1344 12
1495 1501 36
1806 1810 588
2262 2264 28
3013 3016 25
1993 1997 15
2955 2958 42
2111 2121 25200
1154 1162 10080
235 237 105
2384 2386 83425043370
3397 3400 24
1822 1825 21
1593 1596 125
2068 2078 21000
1226 1227 85555370943
761 764 70
1947 1951 44031652412
1696 1697 10
3038 3040 105
2982 2983 70596133989
119 120 41732225918
1920 1921 14
1091 1094 135
980 987 3600
2521 2523 147
605 607 22494512448
1632 1634 20
276 277 9
1681 1682 39767130281
1194 1197 20
1 9 3150
586 589 28
3401 3403 28
1830 1832 40813050565
1124 1134 15876
1221 1222 9
2065 2066 45333286626
1460 1465 180
1878 1890 918540
2571 2576 46000268984
1610 1613 24
1093 1094 9
3015 3018 525
770 779 1512
2851 2853 42
2427 2430 210
1439 1441 18
1102 1108 1080
2067 2075 1050
518 521 70
456 458 18809100968
2705 2707 42
1007 1010 37131904152
1293 1296 45
1534 1548 6804000
1388 1392 84
895 896 31553938318
2996 2999 16891939552
970 972 92846328920
2831 2845 604800
1616 1617 14
2558 2559 66227523901
250 254 150
3290 3298 288
1520 1522 12
3042 3043 84064448308
2849 2852 28
2916 2921 56
640 641 9
1455 1462 2700
2911 2912 65232785982
1945 1947 44031652412
1291 1296 405
1421 1423 30
2662 2667 2940
2022 2024 30
2772 2773 15
3123 3124 49911018417
3203 3205 20
1178 1179 21
3028 3034 72
1235 1238 44705667916
2477 2486 504
2660 2665 252
2743 2745 36275905597
310 312 28
1255 1260 140
316 317 31850656389
1619 1623 500
2086 2088 15
476 479 45
1949 1953 30
2262 2263 14
251 260 3600
3066 3067 93272484817
2192 2199 750
739 741 36596016190
3062 3066 16
1988 1992 105
2936 2946 720
1140 1154 4939200
1067 1070 28906631356
1191 1192 9
2828 2841 201600
161 168 32
1261 1262 58989481629
2 11 2250
366 377 246960
315 317 95551969167
1760 1763 30
445 450 882
2624 2628 40
294 296 20
2648 2653 1176
173 174 21
3329 3333 270
3239 3241 4
421 424 90638811888
1305 1311 600
2772 2774 105
2511 2512 21
836 841 630
2900 2907 5040
2456 2459 40
2606 2609 150
1444 1446 14
61 62 14
1138 1145 5880
2906 2907 10
2761 2767 2520
342 344 4
1555 1558 16
3211 3212 14
2419 2422 9
2686 2687 9
325 326 22331335936
1607 1609 10
1396 1403 756
2635 2639 196
2081 2083 78228977004
115 117 14
3333 3339 450
3260 3262 18
391 392 2845059041
938 943 24
2590 2591 49
411 413 91348458910
1407 1408 93139247590
2198 2203 1050
65 66 10
1865 1868 35
501 505 490
1054 1057 14
1562 1563 6
2487 2489 50
1644 1648 12224923020
827 836 55566
2389 2390 65362683336
1415 1416 85096152447
885 889 8
1820 1823 245
794 795 15
513 514 35
3348 3350 15
1683 1685 42
1400 1403 12
3230 3234 112
2931 2932 69891990990
1522 1523 47271814614
1161 1165 105
2530 2531 35
1118 1129 68040
816 819 60
3398 3403 336
3225 3233 1008
3100 3102 10
1454 1461 2700
2485 2488 150
2915 2917 8
1519 1521 12
3265 3266 60460836614
2214 2219 168
3338 3340 30
3106 3107 87936072207
2520 2523 294
2910 2911 65232785982
113 115 14
1729 1731 15
1106 1109 24
2922 2924 53024215941
546 555 864
1162 1169 1890
1250 1252 45406399353
1201 1205 36
1875 1879 60
2747 2755 3780
2507 2508 24023302806
559 560 10
731 739 7000
3371 3373 147
2170 2172 47277510813
686 688 14
1947 1949 44031652412
993 996 8
2104 2114 15120
2498 2500 89674730094
405 409 28
704 708 54
3248 3250 25
2563 2565 45
2203 2205 20
836 838 21
349 352 126
21 23 14
3110 3111 91734574020
54 55 9
1122 1133 31752
2160 2163 8
2850 2852 14
2509 2511 28
1061 1062 57550483296
1078 1083 140
2750 2759 756
3381 3383 15
2880 2888 3780
888 894 24
2109 2120 25200
194 209 1905120
521 522 62692788266
1655 1668 18144
763 766 50
3048 3054 600
1426 1428 10
715 716 4176060009
2431 2436 4725
1484 1485 27580400675
2783 2785 52785570533
26 28 70
3234 3236 35347522772
724 728 126
2053 2056 60
2768 2772 45
3280 3283 20
1241 1245 84
2696 2698 83778469614
2656 2664 2268
924 925 439662954
422 424 45319405944
274 277 54
3378 3383 150
815 817 28
136 139 60
1324 1332 12600
1052 1057 294
3080 3082 12
351 355 54
1775 1794 105840000
2386 2389 65362683336
37 40 16
56 62 504
2600 2603 30
565 566 14
1479 1482 83108161024
1435 1438 105
2044 2048 567
3219 3221 12
1367 1378 720
3299 3301 12
2184 2186 20
2393 2394 40436828618
1678 1680 18
1645 1651 36674769060
3074 3077 15
1876 1880 120
2363 2368 378
3407 3409 28
1465 1471 420
1166 1169 126
2185 2187 30
1396 1400 126
1147 1156 35280
1593 1595 25
2846 2851 378
3027 3028 74906513449
655 665 98784
3316 3323 5880
2892 2896 450
2977 2978 62050886228
3237 3240 12
1210 1211 2
308 309 60686005953
2612 2621 158760
2206 2209 49
2612 2616 108
3235 3237 53021284158
1701 1704 18
3163 3167 54
3249 3251 75
688 690 8
973 980 900
2713 2718 504
2355 2357 14
1446 1453 300
2189 2192 210
2638 2639 14
2853 2854 6
2764 2767 210
2603 2604 80580081435
1529 1531 21
142 143 60268673302
673 674 52033820494
107 110 60
2617 2622 4410
830 837 1134
1541 1551 20160
1775 1785 15120
2641 2651 617400
564 566 66242617546
1788 1797 12600
86 89 65880585546
1714 1717 14
1113 1114 32673855515
313 314 82883741606
954 957 60
440 442 18
1990 1995 75
2899 2900 72447708278
3222 3223 81011361090
475 477 30
2144 2147 42
1976 1981 84
792 795 105
13 15 12
2510 2512 42
737 740 25
3127 3134 240
400 403 24
1729 1732 45
1826 1829 140
1977 1981 28
617 623 10500
2424 2430 420
464 467 42
2237 2243 840
2052 2056 420
642 644 18
2275 2279 18
2606 2610 750
1195 1198 60
1864 1867 245
2955 2956 14
1298 1300 84803922820
2297 2307 7200
1944 1946 12
1556 1558 8
491 494 12
947 948 29461468622
2998 3005 1512
245 250 300
2275 2280 36
2017 2019 28
2546 2547 45707617536
2077 2082 1000
2553 2554 10
615 619 700
1107 1111 252
3046 3050 80
1286 1288 85083778064
2635 2637 14
1147 1159 423360
894 896 63107876636
1722 1724 76784303764
2206 2207 49
2246 2255 18816
747 750 18
2246 2252 2352
2576 2577 76736955408
843 844 21359942276
1452 1453 3
945 946 10
1623 1627 300
867 871 126
1577 1584 1800
956 957 15
1865 1867 35
2087 2089 10
2535 2540 300
332 333 84476158125
1478 1480 41554080512
1795 1797 18
1460 1466 900
2097 2098 73133380044
2798 2819 444528000
1892 1896 15
1904 1905 70525213158
449 456 3360
952 957 540
1575 1583 4200
1806 1814 49392
2141 2146 66220759926
498 499 9
1067 1072 57813262712
2786 2787 32638155108
2856 2862 30
3185 3199 54432
299 306 120
3047 3051 80
1488 1489 55230675860
2435 2448 291600
2071 2081 30000
1380 1384 630
1164 1169 378
1456 1462 2700
1343 1346 42
3042 3044 84064448308
123 125 15
2215 2220 84
1453 1456 30
2310 2314 180
1710 1711 45656473859
2222 2225 525
1252 1258 1470
2149 2157 1260
2335 2347 952560
1417 1420 73558480422
3322 3325 49
1810 1816 1512
1515 1517 33023358361
1649 1659 1944
242 247 700
1260 1262 58989481629
2998 3004 1512
425 428 18
2873 2875 10
1969 1981 1666980
1396 1401 378
379 383 90
762 764 10
716 718 12528180027
2331 2334 140
1817 1818 81144165590
1187 1190 63
784 793 14406
1765 1766 80214510708
3161 3166 567
486 493 420
1987 1989 14
1695 1697 10
2536 2540 150
3052 3054 15
3279 3280 2
3341 3342 6579054475
2999 3006 756
2839 2846 1080
1465 1468 10
845 850 126
2719 2737 26671680
1835 1840 30
3269 3270 49
174 177 84
1877 1890 1837080
3232 3235 16
1737 1738 35
2364 2368 378
1933 1940 180
3297 3299 12
961 963 26947081288
2999 3008 1512
876 880 180
2731 2740 14700
2449 2450 21
363 367 630
1427 1428 10
321 322 14
2781 2782 28975912995
982 987 900
989 994 168
800 805 14
1521 1523 94543629228
2171 2173 9
1490 1491 81584217238
3290 3297 96
1705 1708 8761836426
1518 1520 12
1747 1748 70983877884
1665 1670 72
183 184 21
1221 1224 27
934 937 36
2580 2583 12
384 385 66016037841
384 387 66016037841
649 651 6
505 506 14
1680 1681 2
1644 1651 73349538120
1317 1319 21
1101 1106 180
214 227 189000
2795 2818 5334336000
1692 1697 200
2068 2079 105000
1038 1039 25372370610
1188 1192 189
3038 3041 210
333 337 41317785180
61 63 42
1960 1961 9
2069 2079 15000
2568 2573 24
2138 2141 12
1026 1031 8
400 402 8
851 852 9
962 964 13473540644
3143 3144 14600730207
374 379 630
1105 1109 48
318 321 245
499 500 65212169199
2415 2416 4
3213 3216 50072044101
1277 1281 12
1749 1750 89787932656
2534 2540 900
1978 1981 28
2533 2536 36
2119 2137 1209600
2456 2458 20
1065 1067 28906631356
3127 3128 10
1219 1221 63
1159 1162 140
3036 3039 90
2065 2067 45333286626
2966 2969 735
2048 2051 12
2277 2280 18
1895 1903 42
1808 1816 6048
97 107 8400
2663 2667 980
73 78 54
2002 2003 10
322 323 94601926556
2285 2292 686
3095 3097 15
1804 1805 52321034848
1578 1584 360
1647 1651 36674769060
3340 3341 19737163425
2545 2546 13059319296
1470 1471 14
263 267 10
2087 2093 120
1437 1440 189
2070 2081 30000
1214 1217 42
97 102 48
891 895 12
1625 1630 144
260 265 24
1480 1483 8
1629 1631 12
268 269 89305298855
1860 1864 196
1870 1871 35
503 505 14
1742 1744 28
23 24 21
3352 3355 36
2861 2863 10
667 669 8
479 480 9
898 901 16
2765 2767 105
1741 1743 98
3372 3375 210
237 238 7
2258 2259 29177937614
3095 3101 210
2713 2715 18
2476 2486 2520
357 359 9
306 308 80914674604
414 420 84
2227 2230 28
939 943 12
1049 1056 2940
1855 1861 840
260 267 120
444 446 21
2301 2309 120
3204 3205 10
3176 3197 3429216000
3201 3203 14
2462 2463 35487377370
858 863 70
1011 1014 140
2257 2259 58355875228
386 392 17070354246
1775 1781 504
1045 1055 11760
2420 2423 46045721709
2217 2225 29400
810 816 336
674 679 420
7 14 900
3393 3395 18
1764 1765 10
1703 1707 52571018556
1241 1246 84
922 925 3077640678
2013 2019 3528
1207 1210 16
3339 3341 39474326850
3168 3169 45509143990
342 343 4
17 22 12166559760
2674 2677 24
1605 1609 70
2373 2376 24
366 370 882
225 228 10
1593 1597 250
1212 1213 53490135618
1832 1833 99721234247
2291 2294 98
240 244 140
1480 1482 8
3398 3400 12
2050 2053 56
246 251 150
688 692 112
2822 2824 20
380 383 30
2392 2393 80873657236
501 502 35
2584 2586 43881797670
1053 1057 42
3306 3309 30
2014 2019 1764
486 489 14
734 740 250
412 414 70
1683 1684 14
1534 1546 1701000
3257 3259 42
2201 2205 40
885 890 16
2445 2450 1134
2443 2448 324
1699 1702 18
2414 2416 66078056836
767 768 35
604 606 56236281120
2111 2120 12600
2429 2433 378
1020 1027 84
2362 2368 378
2523 2524 21
2431 2438 9450
2711 2712 90764047194
188 201 181440
2159 2162 8
782 793 86436
2245 2252 7056
1861 1864 28
3377 3378 34856351633
112 114 70
3253 3257 168
3041 3042 84064448308
171 172 6062747214
1 3 21
3162 3167 378
2543 2545 46256815788
3210 3212 14
49 50 51280414216
250 257 1500
2324 2333 32928
273 276 54
1866 1869 10
2758 2765 648
1699 1704 108
295 296 10
481 482 51738906724
2091 2093 12
32 34 44843374425
1511 1515 12
1743 1746 28
2978 2980 15
3012 3013 84223944254
2324 2334 164640
1824 1828 60
3017 3022 756
853 854 83167430206
1003 1004 3
743 745 8
2774 2777 96301351342
2659 2665 756
1212 1214 53490135618
3017 3021 378
2522 2523 21
3250 3251 15
3384 3390 2058
821 822 71455008587
2862 2866 150
2963 2964 10
1122 1131 15876
1306 1311 300
3237 3239 12
1423 1427 12
526 531 60
1571 1583 882000
3363 3366 14
528 531 30
2947 2948 67578444987
2369 2375 3780
2274 2275 4
1421 1422 10
2044 2047 189
2126 2141 241920
2422 2426 30697147806
2862 2865 50
2291 2295 196
2303 2311 180
1665 1671 144
2815 2822 360
2522 2524 63
1988 1995 525
122 124 75
707 708 6
3161 3167 1134
655 667 1382976
2464 2467 135
2564 2566 45
1886 1890 567
3071 3076 60
166 168 8
2297 2305 3600
841 842 35
926 927 62225943282
2955 2957 42
1611 1613 12
1999 2003 630
2506 2507 26363952172
1273 1279 40
2714 2722 3024
2565 2566 15
1501 1502 9
1394 1395 21
1208 1210 8
2785 2787 32638155108
2820 2823 60
961 962 26947081288
3272 3280 392
95 99 48
3196 3201 28
2114 2130 1814400
3382 3386 42
3402 3403 14
2995 2997 8445969776
2507 2510 96093211224
1830 1831 40813050565
1181 1183 30
1082 1083 10
131 135 50
3017 3020 126
1232 1236 89411335832
1090 1092 30
2139 2144 88294346568
3048 3051 40
1702 1705 36
134 138 60
1862 1865 196
2664 2673 20580
1027 1031 4
1869 1871 70
3054 3056 41907095310
1254 1259 420
2773 2774 35
1491 1496 12
2673 2677 72
2531 2536 540
550 555 108
2324 2331 2352
1390 1393 12
3159 3165 378
3392 3395 90
935 937 12
2192 2203 52500
1698 1701 18
2744 2746 77833236000
2997 2999 8445969776
1624 1629 360
173 176 126
3360 3361 53330100598
3048 3052 40
2406 2407 66890130390
3255 3259 168
1252 1256 210
1697 1699 12
40 43 36
2554 2556 18
1711 1712 45656473859
531 532 48781020360
1309 1312 10
2175 2176 77369003092
341 343 12
1118 1130 476280
361 362 79139085100
1925 1928 105
713 715 27
3334 3339 150
2230 2231 98300466008
1120 1130 79380
271 276 162
1167 1169 18
2989 2993 72
2206 2210 147
2524 2525 96287504790
1 6 210
3078 3081 54
2040 2042 12
3190 3200 672
1062 1065 12
2642 2653 2881200
34 36 62780724195
235 236 15
1932 1935 42
3074 3079 135
2353 2357 28
729 731 21
31 33 10
566 589 2400451200
470 471 15
144 152 9450
416 422 8
1274 1280 60
854 855 41583715103
1031 1038 216
1045 1047 4
2472 2479 1050
2297 2309 7200
687 689 28
2243 2250 1764
519 521 14
1024 1030 8
1101 1108 1080
1607 1611 40
589 590 71763999226
2216 2224 5880
1938 1940 30
881 887 324
2371 2375 252
780 793 518616
1606 1609 10
2368 2372 630
3376 3377 34856351633
2116 2133 5080320
2660 2666 1764
2237 2250 1481760
3235 3236 17673761386
1216 1220 294
3057 3059 9
2671 2676 504
1303 1308 2940
2350 2351 54569419992
1806 1808 98
281 283 20
2741 2742 35
849 852 189
48 50 51280414216
667 672 840
3363 3368 42
2860 2863 10
2262 2265 84
563 564 23658077695
216 227 37800
2238 2250 296352
1623 1624 25
797 802 18
858 859 7
2319 2321 12
60 62 42
1835 1842 150
2550 2552 42
657 667 345744
1338 1342 40
250 252 15
907 910 84
2710 2711 45382023597
1185 1186 82622152523
1205 1210 96
1706 1710 21904591065
2992 2994 12
132 135 50
1530 1531 21
2078 2082 500
388 392 17070354246
2724 2738 1481760
936 939 36
1763 1765 50
749 751 93045459516
603 604 10
2234 2241 18900
2525 2526 32095834930
3 13 4500
1229 1234 40
245 248 30
7 13 450
1111 1112 49
1824 1829 420
3354 3358 36
562 564 47316155390
2761 2765 72
2912 2917 48
3172 3195 92588832000
2027 2032 2205
812 817 112
650 664 790272
3188 3199 3024
2596 2603 1080
2706 2708 98
1851 1854 210
558 560 20
2503 2505 14
2609 2610 15
3071 3075 12
1533 1542 132300
2335 2342 10584
851 853 18
2415 2417 8
410 411 45674229455
90 94 140
2694 2696 18
2453 2456 20
2718 2731 544320
874 877 126
1947 1950 44031652412
1256 1260 28
2591 2592 21
615 616 35
260 266 120
615 620 4900
1578 1585 720
2084 2088 45
2433 2443 27000
12 15 24
3298 3300 18
1201 1207 216
350 354 189
1796 1802 36
818 819 15
2542 2543 10
1983 1984 99521002920
2115 2131 2540160
605 606 11247256224
2019 2022 210
3260 3261 9
1436 1439 315
2562 2565 90
2073 2082 12000
3192 3200 168
3225 3228 18
2481 2487 360
1095 1096 58883046122
1946 1949 88063304824
691 694 196
3112 3120 252
1824 1827 12
2761 2766 504
1298 1299 16960784564
2431 2434 315
3035 3039 90
1539 1551 302400
481 483 51738906724
1431 1436 1050
2346 2348 27
2157 2161 80
2138 2142 36
3078 3082 108
1006 1009 74263808304
3103 3104 15
3276 3280 28
599 601 10
400 408 192
1952 1957 300
2352 2356 84
1784 1796 630000
629 635 24
375 379 90
905 907 70
2656 2665 4536
877 880 90
3253 3258 504
185 186 69299309724
2119 2139 2419200
1239 1245 336
2472 2477 1050
708 709 9
1076 1080 14
229 230 88598736902
555 558 24
1545 1551 1008
1038 1040 50744741220
3151 3155 90
2172 2174 9
919 924 14
1581 1585 90
3269 3275 2058
1314 1318 252
2423 2426 30697147806
261 267 40
116 117 14
803 805 7
335 340 59025407400
1711 1713 91312947718
2707 2708 49
3171 3188 367416000
1527 1531 294
2472 2473 15
1562 1564 18
377 383 270
834 838 42
2641 2650 205800
718 724 1134
1250 1251 45406399353
3137 3140 30
2164 2166 21
1537 1551 1814400
2468 2470 54703079796
3213 3214 50072044101
2969 2970 9
2555 2556 9
700 705 135
2757 2763 216
2637 2639 98
893 896 63107876636
928 931 150
929 931 75
3260 3263 54
1458 1462 450
824 827 84
1942 1945 60
604 605 28118140560
3059 3060 15
615 617 175
2315 2317 18
920 925 3077640678
87 90 65880585546
2933 2935 58104851208
3257 3261 378
1837 1844 900
2641 2644 525
1180 1182 30
2645 2653 16464
2224 2225 15
2750 2755 126
198 224 10802030400
44 46 8
2536 2541 300
3225 3230 36
1640 1644 210
1177 1179 63
2156 2161 80
292 296 700
1268 1269 59819292518
354 357 30
325 327 66994007808
523 528 4
562 563 10
3403 3404 14
1403 1407 30
1942 1946 120
2793 2798 72
3128 3134 48
197 220 5401015200
508 509 14
154 161 112
411 412 18269691782
348 349 46497967028
675 680 420
1918 1920 14
1763 1764 25
2719 2733 544320
1999 2002 315
2215 2224 17640
13 17 60832798800
989 993 84
3294 3298 24
2420 2425 92091443418
307 308 40457337302
514 515 42125319950
3150 3155 180
1112 1113 45743397721
1307 1312 60
886 891 8
3134 3135 44064253804
420 422 2
318 322 490
3340 3342 19737163425
1470 1472 28
1028 1038 864
3274 3280 56
2936 2947 2160
3020 3023 18
335 337 5902540740
157 162 56
2035 2037 18
1672 1674 78774332763
2811 2820 3600
610 615 45
907 912 1764
777 793 4667544
424 425 67979108916
1666 1671 72
2986 2987 65819062868
1253 1259 2940
913 916 24
2021 2022 10
2827 2836 25200
2374 2376 12
678 682 60
1213 1215 80235203427
2049 2052 28
2622 2623 84561305205
11 14 12
2652 2654 28
2885 2895 441000
1731 1734 105
3361 3362 86886943704
2907 2908 10
1162 1166 105
2621 2622 21
2321 2322 44813313612
1662 1668 336
866 867 35
925 926 879325908
1981 1982 4
1827 1829 70
3063 3066 8
3037 3040 210
2617 2621 1470
2486 2488 75
1179 1182 90
2993 2996 24
2693 2696 90
556 558 8
1678 1679 9
2675 2678 24
338 341 30
2830 2842 100800
1876 1882 1080
344 347 6
3079 3082 36
447 454 2520
583 589 280
1222 1225 45
2057 2058 76766798289
1810 1817 3024
1010 1013 70
888 891 4
1820 1822 245
596 601 300
2754 2760 54
3114 3120 84
454 457 16
113 116 28
790 793 14
2604 2605 80580081435
649 653 24
1052 1056 147
1621 1623 50
1345 1347 28
3171 3193 26453952000
3370 3371 14
197 223 54010152000
2399 2400 90685123307
2738 2740 50
1916 1920 28
1366 1378 2160
933 934 9
1292 1296 135
282 291 10080
2104 2110 504
1892 1901 90
3260 3265 216
2334 2339 840
1667 1671 72
457 459 28213651452
2497 2499 18
2227 2229 14
943 944 51436118419
2435 2447 97200
2447 2450 189
1016 1017 15
416 421 8
3186 3199 27216
1919 1921 28
2539 2542 150
2562 2564 30
1511 1516 12
1955 1958 8
1988 1994 525
1759 1763 210
1474 1476 2
3316 3321 120
1588 1595 2025
1677 1679 27
107 111 180
2996 2998 8445969776
130 132 18319237690
2101 2108 756
1436 1440 945
1733 1734 35
1927 1930 18
