2750 1818
1309 1373 80640
2069 2085 12
2226 2236 36
2598 2616 168
124 149 70
81 91 8
2398 2448 1400
1307 1361 141120
1220 1265 79380
2412 2454 2800
735 753 21
1148 1171 1008
1959 2029 15882615000
1649 1659 63323521352
1753 1845 134400000
1873 1956 342921600
2638 2689 5103000
1174 1180 94198789268
1854 1935 9525600
412 421 86414606311
658 689 120
1155 1172 168
837 877 23625
1267 1313 176400
979 1060 246960
658 686 24
171 221 156800
2289 2298 9
841 885 330750
11 24 42
660 696 1200
2595 2597 56064672509
424 461 49000
877 886 14
755 759 39746109663
214 227 10
585 592 14
2228 2239 24
1054 1158 66679200000
2073 2085 12
1025 1099 2016000
2089 2098 32032418526
2502 2513 108
2344 2356 14
165 210 15680
1603 1625 216
1514 1525 42
1841 1920 267907500
2087 2098 96097255578
1909 1961 181440
349 379 51450
1652 1669 63323521352
2551 2564 240
667 712 120000
704 721 15
738 755 42
2553 2569 96
1838 1909 178605000
1137 1170 3528
2724 2749 980
2519 2544 1260
654 682 252
1164 1172 42
832 863 2625
2466 2491 30
387 411 24
1513 1524 294
1614 1626 162
1619 1628 162
376 401 280
3 7 44597175982
150 151 10
906 907 88749343570
2506 2542 170100
1267 1311 88200
510 556 16206750
1753 1841 26880000
372 396 280
457 525 850500000
14 29 294
2357 2362 3407870762
589 594 14
2369 2381 15
397 419 12
636 682 30240
554 577 14
2447 2468 32
2504 2515 54
1010 1085 40320
779 801 18
1679 1695 26458104120
2537 2546 126
1549 1579 12
2646 2692 113400
373 396 280
1311 1379 403200
421 423 86414606311
172 221 156800
2008 2037 771750
2505 2540 340200
1797 1870 37800000
760 777 54
1117 1164 5040
676 712 120000
999 1067 3360
1174 1185 94198789268
444 483 58800
32 36 21
87 96 20679621098
2518 2544 6300
515 557 2701125
1286 1350 222264000
2082 2090 36
352 382 102900
428 468 8400
2136 2172 270
2593 2597 56064672509
457 511 378000
1376 1484 765450000
368 395 9800
1733 1802 16934400
909 923 14
908 914 14
2102 2114 31600873663
1843 1935 15002820000
661 704 24000
1366 1462 102060000
2096 2114 63201747326
391 416 12
1371 1478 153090000
1772 1861 6048000000
2262 2265 10
218 282 5292000
1366 1457 51030000
1218 1256 1890
1482 1509 1260
88 96 20679621098
757 776 54
1602 1625 216
1754 1846 940800000
2503 2513 54
1496 1513 84
25 35 294
826 860 10500
1691 1717 630
892 904 22554461726
1140 1170 3528
1050 1151 11113200000
854 886 4410
621 628 50
2210 2229 60
2512 2542 56700
647 682 7560
835 866 1875
54 69 12
709 723 15
270 315 1470
1193 1239 31752
441 475 29400
2319 2330 245
2079 2090 36
376 402 560
2094 2101 32032418526
2450 2472 32
817 856 31500
44 69 84
2400 2452 2800
1607 1625 216
1502 1513 42
2562 2576 392
2169 2183 30
1610 1626 648
2267 2274 21
320 347 588
25 32 42
1637 1639 63
1184 1190 9
1027 1132 9525600000
1950 2027 19059138000
154 158 39574132164
10 20 14
876 886 42
1945 2012 93350880
270 314 1470
234 314 18522000
2062 2085 12
2180 2187 15
630 657 10080
756 760 39746109663
1593 1598 25
422 429 35
1367 1469 306180000
1674 1678 35
1705 1793 457228800
2338 2346 88445994194
816 847 1260
1518 1531 84
594 604 42
787 845 45360
1167 1175 42
421 422 86414606311
123 136 70
2558 2575 784
2299 2306 30558367328
413 422 86414606311
2150 2176 12
1269 1323 529200
1543 1577 36
2219 2232 12
1222 1279 317520
50 69 84
1813 1874 18900000
917 943 1
322 350 84
150 152 10
1301 1355 211680
1983 2036 340341750
2424 2458 1120
2230 2247 840
339 371 1470
1628 1634 18
2333 2346 88445994194
549 577 14
1608 1625 216
1474 1507 6300
1028 1132 9525600000
859 886 4410
167 214 15680
1311 1427 13716864000
1114 1164 25200
2180 2184 15
1375 1479 153090000
872 886 42
963 1026 617400
855 886 4410
790 845 45360
2137 2172 270
2572 2593 7350
1678 1683 66145260300
14 30 588
2685 2708 36
2300 2306 30558367328
999 1066 3360
1148 1172 1008
2570 2592 14700
2094 2100 32032418526
448 483 58800
2224 2234 12
1767 1860 3024000000
587 593 14
2230 2245 420
317 319 52586476008
1282 1344 222264000
1679 1690 26458104120
1480 1508 6300
1670 1678 70
1268 1323 1058400
1485 1509 1260
2504 2516 54
1684 1705 210
1596 1601 3
1177 1187 94198789268
29 35 42
1167 1176 42
1730 1799 50803200
390 412 24
143 151 10
1180 1187 47099394634
1476 1508 6300
1855 1947 171460800
755 756 39746109663
305 316 14
1698 1787 2667168000
2452 2477 96
802 847 15120
2146 2173 12
1162 1172 42
2418 2457 1120
1266 1291 300
1018 1091 201600
170 214 15680
217 253 5040
316 319 52586476008
2190 2198 24
2304 2313 12
2104 2115 94802620989
1005 1077 28800
1573 1598 600
2540 2546 9
3 11 44597175982
1463 1507 18900
2361 2363 3407870762
707 722 15
1494 1512 36
1643 1651 8
2711 2741 980
2452 2476 48
891 899 11277230863
2264 2271 70
96 99 62038863294
2312 2326 980
221 314 74088000
970 1028 102900
2679 2696 9
728 733 14
2521 2544 420
837 873 7875
2183 2195 20
1311 1392 3628800
2608 2654 43740
1762 1854 21168000000
1020 1094 403200
2338 2349 88445994194
451 495 42000
2287 2298 9
246 314 102900
545 569 49
1448 1506 37800
455 507 126000
1986 2037 48620250
2451 2473 32
1036 1141 3175200000
756 759 39746109663
2697 2724 12
1647 1657 63323521352
667 705 24000
1646 1655 63323521352
2182 2194 10
2261 2262 80340151046
459 531 637875000
709 726 15
2452 2473 16
1013 1090 201600
441 477 29400
81 89 8
776 799 54
391 412 12
2073 2088 72
837 879 23625
1345 1452 204120000
1364 1455 102060000
2328 2338 44222997097
685 714 30000
706 722 15
457 508 126000
976 1046 61740
2477 2494 10
961 1015 617400
590 602 588
225 314 37044000
1620 1628 162
2108 2131 945
2483 2496 2
2052 2061 25
2332 2342 88445994194
701 716 50
352 389 102900
1458 1506 37800
2683 2705 18
2322 2331 245
853 886 22050
3 10 44597175982
1332 1448 17146080000
424 445 70
162 191 1568
97 108 12
2664 2695 1260
1064 1161 66679200000
1871 1956 342921600
2349 2358 14
1639 1643 14
879 889 70
2378 2425 2880
95 98 62038863294
1168 1176 42
382 406 8
126 149 70
296 315 14
849 886 110250
217 270 252000
217 238 24
161 185 32
1489 1509 252
2056 2064 25
870 886 294
2056 2079 50
2721 2744 980
1786 1868 453600000
2111 2146 85050
782 841 45360
2379 2431 2880
13 25 42
1075 1163 1111320000
1565 1584 36
2377 2397 720
782 844 136080
834 866 13125
874 886 42
2316 2329 1715
2088 2098 96097255578
2594 2597 56064672509
1780 1865 302400000
1549 1581 24
877 889 70
587 594 14
1990 2037 16206750
1515 1525 42
457 523 34020000
2719 2743 980
2552 2564 240
2377 2388 120
1679 1697 26458104120
611 619 10
2241 2257 14
1627 1631 9
634 671 15120
506 556 145860750
439 475 29400
1184 1231 2268
182 227 39200
1836 1904 178605000
2566 2579 490
477 542 148837500
2230 2248 840
99 119 60
2237 2257 140
90 96 20679621098
857 886 4410
2315 2327 1715
961 1017 617400
1760 1854 21168000000
2600 2623 72
1409 1494 89302500
2535 2546 126
1033 1139 9525600000
1746 1821 5644800
2704 2736 1960
729 733 14
2090 2098 32032418526
2729 2749 490
2618 2669 145800
1006 1077 28800
1141 1171 7056
1623 1630 162
709 725 15
2278 2295 30
335 354 98
66 75 4
2338 2347 88445994194
2706 2738 1960
2618 2683 30618000
956 1015 9261000
2368 2381 30
1637 1642 63
1650 1663 63323521352
886 893 56386154315
1948 2012 31116960
94 96 20679621098
2277 2285 10
860 886 4410
11 25 42
709 724 15
1025 1116 635040000
227 314 37044000
166 211 15680
2017 2037 150
498 544 14883750
2229 2242 60
143 149 1
295 315 14
418 422 86414606311
2476 2492 10
1559 1584 36
2355 2362 23855095334
414 422 86414606311
217 248 5040
1963 2031 31765230000
2278 2294 30
2229 2240 60
2667 2695 1260
630 668 30240
2051 2056 1
1790 1870 226800000
755 757 39746109663
1166 1175 42
2186 2197 24
2697 2718 12
177 226 78400
2294 2306 91675101984
54 70 12
877 888 70
2412 2453 2800
430 472 58800
155 162 20
2362 2363 3407870762
2623 2685 10206000
2055 2063 25
1786 1866 151200000
361 391 9800
2688 2709 12
2580 2594 30
2073 2087 24
889 897 11277230863
2460 2491 60
2338 2348 88445994194
2024 2039 60
25 31 14
1600 1625 648
2079 2088 36
1562 1584 36
2553 2572 1344
218 272 252000
587 592 14
464 541 893025000
20 30 84
1916 1977 3628800
904 906 88749343570
2697 2730 168
2665 2695 1260
1695 1759 9525600
1309 1378 403200
164 199 1568
549 574 14
1066 1161 66679200000
2548 2557 60
999 1074 100800
2295 2306 91675101984
415 422 86414606311
2332 2343 88445994194
2278 2291 30
1511 1521 42
1543 1561 12
1011 1088 40320
1757 1853 21168000000
2092 2099 32032418526
1131 1165 504
2083 2091 36
1375 1484 765450000
146 151 10
2568 2592 14700
1839 1915 89302500
1695 1785 2667168000
2427 2460 1120
1137 1169 3528
2024 2040 60
2312 2320 28
1647 1656 63323521352
1734 1814 33868800
2361 2362 3407870762
11 22 42
1902 1961 544320
96 100 62038863294
1566 1584 36
2286 2298 9
2583 2596 30
1768 1861 6048000000
1823 1875 945000
2378 2423 2880
817 859 31500
709 728 15
2489 2507 24
1805 1871 18900000
1678 1685 66145260300
2445 2468 32
2606 2645 4860
92 96 20679621098
2395 2444 1400
1335 1448 17146080000
1985 2036 340341750
946 983 1800
1418 1498 25515000
294 315 14
14 27 294
881 889 70
1710 1798 609638400
2200 2201 39583459432
1839 1913 89302500
1573 1596 600
1734 1805 16934400
1514 1524 42
1786 1869 453600000
618 626 25
384 408 8
2078 2088 36
2543 2547 73204728831
1942 2011 93350880
905 907 88749343570
163 194 1568
1666 1678 70
2000 2037 5402250
2283 2298 45
1303 1357 423360
1927 1993 15240960
2322 2330 245
1668 1678 70
1795 1870 75600000
2731 2749 70
578 590 21
1639 1646 28
828 863 2625
39 53 294
817 851 6300
2318 2330 1715
2181 2194 10
123 135 70
119 127 15
2029 2047 84
462 539 127575000
326 350 84
2547 2551 24401576277
1543 1562 12
1166 1172 42
837 871 7875
1073 1162 5556600000
1489 1511 252
2101 2114 31600873663
620 626 25
1176 1187 94198789268
952 1014 9261000
2206 2219 70
629 645 24
1220 1264 26460
1233 1284 105840
1174 1181 94198789268
102 122 180
2180 2194 30
1571 1590 24
392 418 12
122 130 70
757 774 18
632 668 30240
1650 1666 63323521352
1542 1560 84
1917 1983 10160640
2379 2439 201600
39 60 882
878 889 70
154 156 19787066082
1652 1667 63323521352
1624 1631 54
1421 1498 2835000
2454 2488 480
1836 1889 4252500
2221 2234 12
2312 2319 28
976 1052 61740
1639 1647 56
153 155 19787066082
889 895 11277230863
2053 2062 25
2490 2507 24
817 852 6300
275 315 294
828 862 2625
2534 2545 42
2277 2291 30
91 96 20679621098
1647 1658 63323521352
493 542 14883750
2609 2659 43740
2548 2558 60
2360 2362 3407870762
300 315 14
2505 2522 810
2056 2075 25
2029 2041 12
22 30 14
39 52 294
2329 2339 88445994194
973 1040 123480
434 474 29400
1173 1180 94198789268
2058 2080 50
2206 2218 70
93 96 20679621098
2194 2199 24
2180 2185 15
660 692 200
779 807 108
780 840 45360
1125 1164 1008
2083 2093 36
1490 1512 108
768 780 18
633 671 15120
504 556 729303750
1311 1436 27433728000
1810 1873 18900000
1856 1947 171460800
1597 1621 108
1291 1350 14817600
267 314 1470
2531 2544 210
2602 2623 72
1950 2018 19059138000
1801 1870 18900000
1627 1633 27
1144 1171 7056
1638 1643 42
995 1061 5040
2567 2584 490
1642 1647 8
474 542 148837500
2378 2419 2880
1569 1586 12
2305 2313 12
1623 1631 162
2710 2740 980
2616 2666 72900
2328 2332 1
2280 2298 45
1667 1678 70
603 606 62732777722
1995 2037 5402250
2300 2307 30558367328
731 735 14
1734 1820 169344000
2371 2383 30
779 821 216
148 151 10
123 138 70
1503 1513 21
2581 2594 30
1023 1099 2016000
1312 1440 82301184000
1695 1732 3780
2487 2505 24
12 25 42
351 379 51450
629 655 5040
424 454 2450
1282 1331 2646000
1679 1693 26458104120
1516 1527 42
1679 1698 26458104120
2098 2114 31600873663
424 444 70
1174 1182 94198789268
1056 1160 66679200000
1650 1659 63323521352
235 314 9261000
456 507 126000
2288 2298 9
2041 2056 49
1411 1494 89302500
2352 2362 23855095334
1511 1517 21
735 754 42
2709 2738 980
1283 1350 222264000
2568 2591 4900
2184 2196 12
2231 2257 420
1879 1956 342921600
2103 2115 94802620989
1233 1283 105840
2195 2199 12
2303 2313 12
1516 1526 42
7 20 14
1836 1898 59535000
2381 2439 201600
516 557 2701125
1039 1151 11113200000
39 59 882
2093 2100 32032418526
1932 1993 3810240
2033 2048 42
2687 2709 12
1646 1654 63323521352
457 509 378000
83 96 82718484392
1157 1172 84
2525 2544 420
385 411 24
424 450 490
171 218 78400
2699 2733 1960
441 482 29400
2437 2463 160
2697 2733 5880
2277 2288 10
2225 2235 36
25 33 42
2569 2592 14700
2510 2542 56700
28 35 42
1271 1329 2646000
1255 1291 12600
2334 2346 88445994194
339 374 2940
65 74 8
1678 1686 66145260300
2106 2130 945
2330 2342 88445994194
2697 2727 24
1616 1626 54
30 36 42
2199 2200 39583459432
503 549 104186250
2332 2344 88445994194
1 2 31603244568
1596 1620 108
2264 2268 70
667 704 24000
1650 1664 63323521352
1665 1676 14
2619 2683 30618000
2266 2274 42
2307 2313 12
1202 1253 7560
2499 2510 36
1678 1684 66145260300
27 35 42
171 216 78400
52 69 84
1678 1680 33072630150
104 125 45
2201 2214 49
481 542 148837500
2456 2491 240
2430 2463 2240
1021 1096 403200
786 845 45360
627 632 12
1641 1647 8
1036 1149 22226400000
1960 2029 15882615000
120 128 30
388 412 24
577 590 21
1646 1656 63323521352
1135 1169 3528
2539 2546 18
1643 1650 8
1566 1586 36
2682 2698 9
2533 2544 210
1336 1450 17146080000
2332 2346 88445994194
1311 1418 4572288000
555 579 14
109 126 225
2496 2510 72
2582 2594 30
2602 2624 72
575 590 21
150 153 10
604 606 62732777722
2526 2544 210
946 965 90
51 69 84
658 682 6
2106 2127 945
2085 2093 18
2341 2355 14
946 990 12600
2252 2257 1
462 535 127575000
1174 1187 94198789268
2615 2664 72900
123 132 70
1598 1623 324
2312 2321 28
122 128 10
774 790 18
2035 2050 294
2682 2700 9
680 714 120000
888 895 56386154315
154 157 19787066082
621 627 25
352 384 102900
1320 1441 20575296000
732 739 49
457 517 6804000
2296 2306 91675101984
352 385 102900
975 1040 61740
44 68 84
2201 2216 98
2029 2048 84
946 1014 9261000
366 392 9800
2345 2358 14
609 617 10
102 125 180
1755 1851 7056000000
779 811 216
44 65 42
320 336 42
1836 1880 283500
104 126 225
2585 2596 30
885 889 35
1896 1956 3810240
582 590 21
2546 2549 73204728831
2564 2576 196
96 98 62038863294
1695 1719 630
891 904 22554461726
2330 2340 88445994194
2378 2420 2880
1026 1131 19051200000
177 225 78400
68 79 12
2680 2697 9
368 394 9800
2517 2544 6300
360 391 9800
731 733 14
1017 1091 201600
1152 1172 1008
81 92 8
1366 1458 51030000
780 831 1296
2565 2576 196
2229 2245 420
834 863 2625
2420 2457 560
2723 2749 980
2084 2093 18
424 438 70
2032 2048 42
983 1061 246960
2703 2736 1960
2278 2292 30
1939 2008 8890560
1910 1968 725760
2100 2114 31600873663
2377 2399 720
1017 1090 201600
1540 1541 46132805980
2197 2200 79166918864
1642 1648 8
1560 1584 36
1118 1164 1008
413 421 86414606311
1371 1479 153090000
2560 2575 784
1166 1173 42
672 712 120000
2115 2172 510300
1282 1337 7938000
268 314 1470
2504 2518 270
2276 2277 1
58 70 12
733 750 49
1539 1541 46132805980
1867 1956 1028764800
2633 2686 5103000
2588 2596 30
2183 2196 60
733 739 49
1218 1259 1890
1679 1686 13229052060
1681 1699 28
999 1065 1680
1233 1279 105840
917 952 1
1855 1938 28576800
2495 2508 72
667 708 24000
2108 2145 85050
98 117 60
2553 2568 96
1438 1504 2835000
31 36 21
1518 1530 42
2640 2691 1701000
1543 1579 72
1518 1528 42
2707 2738 1960
1695 1722 1260
1352 1455 204120000
237 314 3087000
1213 1253 7560
376 400 280
1950 2022 19059138000
1088 1163 79380000
231 314 37044000
2697 2729 168
1139 1170 3528
1193 1236 2268
2151 2177 12
1533 1534 1
1675 1678 35
1169 1178 12
534 557 2401
708 722 15
733 742 49
755 758 39746109663
1841 1915 17860500
1923 1990 5080320
1572 1595 600
1486 1509 1260
2505 2537 56700
628 644 24
45 69 84
2417 2455 1120
420 422 86414606311
731 739 98
856 886 4410
2567 2585 490
2455 2489 480
2505 2535 8100
2598 2622 504
2094 2102 32032418526
188 227 1400
1557 1581 12
2210 2223 10
2185 2196 12
2212 2230 120
2291 2301 9
1576 1598 600
39 43 42
2191 2198 24
301 316 14
1762 1858 21168000000
123 149 70
590 604 588
1147 1171 1008
1584 1598 150
1133 1167 168
2727 2749 490
216 234 8
733 747 49
115 126 75
977 1060 246960
1913 1970 725760
438 475 29400
2684 2705 18
123 133 70
1242 1285 840
2697 2719 12
1499 1513 42
2240 2257 70
605 609 62732777722
1221 1279 317520
2546 2550 73204728831
660 704 24000
1691 1712 315
411 421 86414606311
635 672 15120
1442 1506 945000
382 404 8
2548 2559 60
1193 1245 31752
1055 1159 66679200000
1676 1679 33072630150
89 96 20679621098
2520 2544 420
1292 1351 2963520
2710 2738 980
81 87 8
538 557 2401
1571 1591 24
2230 2256 840
733 741 49
2039 2050 49
2721 2745 980
754 756 79492219326
253 314 14700
127 149 14
503 545 104186250
863 886 4410
2512 2543 56700
880 889 70
499 544 14883750
2056 2074 25
1165 1172 42
889 898 11277230863
2180 2186 15
2608 2655 43740
1582 1598 150
1754 1850 14112000000
1136 1169 3528
1191 1235 2268
2368 2379 10
875 886 42
589 596 98
1678 1681 66145260300
1242 1286 4200
891 900 11277230863
1643 1648 8
2294 2303 91675101984
315 319 52586476008
2294 2304 91675101984
2071 2085 12
2210 2224 10
1836 1897 59535000
2186 2198 24
1997 2037 5402250
1836 1878 94500
2532 2544 210
888 894 56386154315
1838 1905 178605000
1778 1864 302400000
684 714 30000
841 884 47250
837 870 1125
1944 2011 93350880
1074 1163 5556600000
1390 1484 17010000
330 352 42
1765 1858 21168000000
1637 1641 63
1939 1996 1270080
2469 2491 30
1103 1164 1587600
2651 2692 37800
161 187 224
1986 2036 48620250
1082 1163 79380000
2340 2355 14
2102 2115 94802620989
260 314 2940
2605 2627 36
1640 1647 8
397 420 12
2060 2085 12
1329 1441 1371686400
1433 1498 1417500
891 898 11277230863
2377 2396 720
2083 2092 36
1061 1161 66679200000
2227 2236 36
828 860 2625
573 586 6
65 72 4
724 733 14
1336 1451 17146080000
230 314 37044000
338 367 294
1153 1172 1008
1749 1822 3763200
1483 1509 1260
2354 2362 23855095334
2278 2298 90
271 315 294
1151 1172 1008
1900 1958 544320
1813 1875 18900000
2277 2286 10
1033 1137 9525600000
96 101 62038863294
2059 2080 10
1684 1706 210
2454 2483 480
1110 1164 75600
2618 2666 72900
555 580 14
1402 1486 14175000
1643 1649 8
81 88 8
448 490 294000
121 128 30
1189 1235 6804
2209 2221 10
1442 1504 945000
1348 1453 204120000
1025 1114 127008000
1626 1631 27
1838 1908 178605000
1045 1151 11113200000
1368 1474 306180000
1677 1679 33072630150
39 61 882
2546 2551 73204728831
376 396 140
385 408 8
549 576 14
149 151 10
1695 1763 9525600
1330 1445 34292160000
591 604 84
904 907 88749343570
2553 2570 96
817 854 31500
2323 2332 35
217 241 360
2225 2234 12
1925 1990 5080320
1515 1526 42
2628 2685 10206000
2301 2307 30558367328
1541 1549 84
2450 2473 32
2095 2111 63201747326
768 782 18
2074 2088 72
2478 2496 10
1028 1135 9525600000
2202 2218 490
335 365 294
427 463 7000
1242 1288 4200
976 1043 61740
169 214 15680
250 314 14700
2694 2709 12
95 97 62038863294
705 722 15
1677 1680 33072630150
1923 1986 1693440
2565 2578 980
2216 2230 60
1606 1625 216
1566 1585 36
779 806 108
2168 2179 2
154 155 19787066082
1025 1103 14112000
1557 1582 12
1792 1870 226800000
2604 2627 72
581 590 21
65 73 8
1699 1793 16003008000
2178 2183 15
605 607 62732777722
2401 2453 2800
3 5 44597175982
836 868 375
122 129 10
679 713 120000
343 377 7350
2575 2593 1050
1272 1330 5292000
1732 1799 16934400
2502 2511 36
2703 2734 980
2330 2339 88445994194
2243 2257 14
779 808 108
632 669 30240
322 349 84
659 691 200
2093 2099 32032418526
393 418 12
451 494 42000
263 314 1470
1193 1253 158760
1220 1278 317520
1916 1978 25401600
434 473 29400
2611 2664 218700
847 886 110250
1585 1598 50
1511 1518 21
1282 1347 222264000
2530 2544 210
2081 2090 36
1734 1819 169344000
2073 2086 24
1163 1172 42
837 868 375
2148 2176 12
2428 2462 2240
1407 1492 59535000
2363 2364 53221092288
1687 1708 210
335 364 294
2282 2298 45
38 42 98
635 682 30240
1910 1964 362880
2391 2444 2800
2505 2531 1620
26 35 294
1036 1142 3175200000
345 379 51450
1839 1914 89302500
2501 2510 36
79 80 50590283137
1683 1702 70
1311 1380 403200
877 887 14
2682 2701 18
1282 1334 2646000
1491 1512 108
318 319 52586476008
2697 2726 24
2636 2687 5103000
1319 1440 20575296000
1282 1336 2646000
2553 2574 1344
1015 1090 201600
1073 1163 5556600000
503 552 104186250
1345 1453 204120000
2095 2104 63201747326
1266 1293 300
1827 1875 945000
68 78 12
2487 2504 12
595 604 42
218 313 10584000
757 768 18
2278 2293 30
607 617 10
629 652 720
1753 1823 268800
2262 2266 20
379 404 16
377 404 112
1006 1080 201600
1107 1164 75600
2292 2302 91675101984
174 225 78400
53 69 12
2316 2330 1715
1950 2029 95295690000
391 414 12
887 893 56386154315
946 976 1800
1026 1129 6350400000
2606 2635 108
164 195 1568
2576 2593 150
1801 1871 18900000
1243 1291 63000
809 847 2520
2302 2307 30558367328
1523 1533 14
1980 2034 113447250
2294 2302 91675101984
1937 1996 1270080
125 149 70
1627 1632 9
1937 1995 1270080
377 402 112
1032 1136 9525600000
1679 1688 26458104120
299 315 14
2352 2358 7
2082 2091 36
2365 2379 20
2034 2050 294
2644 2691 113400
218 311 10584000
817 855 31500
1026 1126 3175200000
2337 2346 88445994194
1171 1178 4
1695 1776 666792000
388 411 24
2186 2196 12
2555 2575 9408
1054 1151 5556600000
2606 2639 324
1856 1956 2057529600
1558 1584 36
416 422 86414606311
630 662 30240
2713 2743 980
530 557 2401
273 315 294
2442 2466 32
6 12 1
2108 2139 5670
1786 1865 151200000
1625 1631 27
2180 2189 15
1935 1994 3810240
2463 2491 30
1665 1677 14
1600 1623 324
300 316 14
343 379 51450
835 868 1875
424 441 70
2267 2275 21
81 86 8
2029 2046 84
2522 2544 420
29 36 42
2697 2728 24
2077 2088 72
541 563 2401
2311 2313 2
1571 1594 120
970 1032 102900
2086 2094 96097255578
1028 1136 9525600000
1220 1263 26460
1842 1924 3750705000
1836 1896 8505000
2076 2088 72
158 169 20
1269 1327 2646000
1939 2010 186701760
2711 2742 980
86 96 41359242196
306 318 14
1367 1471 306180000
357 389 14700
590 597 98
43 61 63
2209 2220 10
780 821 108
1705 1797 914457600
106 126 225
1518 1527 42
541 561 2401
151 155 39574132164
1047 1151 11113200000
2005 2037 5402250
2584 2596 30
2180 2188 15
2312 2322 196
2096 2111 63201747326
2306 2313 12
1184 1193 27
2566 2580 490
2051 2060 25
429 471 8400
474 541 21262500
2549 2564 240
2384 2440 33600
603 605 62732777722
2489 2506 24
1671 1678 70
689 714 3000
495 542 14883750
1190 1235 6804
2598 2607 56
1309 1372 80640
1563 1584 36
586 592 14
2503 2515 162
2690 2709 12
1434 1504 2835000
2087 2095 48048627789
1597 1623 324
2702 2733 980
955 1014 9261000
2587 2596 30
945 957 15
610 617 10
1812 1873 18900000
733 749 49
2096 2113 63201747326
107 126 225
837 881 47250
2209 2223 10
1842 1920 267907500
2230 2252 840
2138 2173 540
710 730 15
1666 1677 14
624 629 30
504 552 104186250
2312 2323 196
2603 2626 72
1517 1527 42
2114 2147 85050
2714 2743 980
865 886 4410
625 631 30
2227 2237 36
2264 2266 10
181 227 39200
161 189 1568
2175 2183 15
2220 2234 12
2285 2298 9
1727 1798 50803200
2552 2568 480
1651 1667 63323521352
2315 2329 1715
302 316 14
1650 1660 63323521352
1005 1076 28800
2322 2332 245
39 58 882
1092 1163 15876000
2721 2748 980
962 1019 308700
1683 1700 14
887 894 56386154315
1067 1162 33339600000
1686 1707 210
1899 1958 544320
2199 2201 39583459432
2087 2097 96097255578
605 608 62732777722
2174 2183 15
339 377 14700
521 557 900375
2618 2680 30618000
218 299 5292000
1538 1541 46132805980
2378 2407 144
1542 1549 42
58 72 12
2444 2466 32
2378 2400 144
2350 2358 14
2579 2594 30
1461 1507 18900
287 315 14
2495 2510 72
883 889 35
545 565 49
2705 2737 1960
757 769 18
2384 2443 33600
2210 2230 120
424 437 70
339 369 1470
1627 1634 54
1370 1476 153090000
2667 2696 1260
1367 1463 102060000
837 882 47250
2056 2078 50
499 545 104186250
1889 1956 7620480
453 501 8400
2546 2548 73204728831
2376 2386 60
2541 2547 73204728831
1927 1992 5080320
1382 1484 153090000
25 30 14
81 95 8
2033 2049 42
458 530 1275750000
962 1020 308700
151 154 39574132164
2697 2710 12
962 1017 308700
822 860 31500
187 227 1400
123 147 70
1174 1183 94198789268
1937 1994 1270080
976 1053 123480
368 392 9800
397 418 12
2412 2455 5600
1600 1624 648
2038 2050 98
2747 2749 1
1122 1164 1008
251 314 14700
1109 1164 75600
1538 1540 23066402990
2281 2298 45
335 367 294
1511 1524 882
1939 2011 186701760
99 121 180
1390 1485 17010000
483 542 148837500
1665 1669 1
1520 1531 84
1571 1592 24
1987 2037 48620250
2723 2748 980
272 315 294
57 70 12
2057 2079 50
886 892 56386154315
1572 1596 600
423 435 70
590 600 294
2512 2544 56700
331 352 42
2091 2098 32032418526
1691 1716 315
861 886 4410
2455 2490 480
1665 1675 14
1975 2033 7941307500
1913 1975 725760
2267 2276 21
453 506 42000
605 610 62732777722
2065 2085 12
999 1075 201600
1264 1291 900
462 532 127575000
2276 2284 10
2108 2136 1890
10 21 42
1888 1956 38102400
244 314 205800
2747 2750 1
2375 2384 30
286 315 14
628 639 12
1360 1455 102060000
1185 1235 20412
339 372 1470
2449 2471 32
1007 1080 40320
1737 1821 84672000
1175 1187 94198789268
596 604 42
1917 1978 5080320
2348 2358 14
2198 2200 39583459432
1678 1682 66145260300
839 884 47250
2335 2346 88445994194
585 591 14
356 389 14700
2529 2544 210
780 839 45360
2291 2298 9
2210 2225 10
1311 1419 4572288000
2014 2037 5250
158 166 20
2219 2230 12
590 603 588
2570 2593 14700
2180 2192 15
1495 1512 12
2428 2460 1120
731 738 14
1747 1821 5644800
2582 2595 30
1488 1509 252
1523 1532 14
422 432 70
996 1061 5040
1637 1638 9
1639 1644 14
457 512 378000
1900 1959 544320
2180 2183 15
2026 2041 60
147 151 10
1843 1928 7501410000
158 163 20
1699 1791 5334336000
2039 2055 49
384 406 8
2422 2457 560
582 591 42
1307 1367 282240
2059 2081 10
1975 2031 7941307500
1169 1177 12
2440 2466 32
463 541 893025000
1829 1877 472500
997 1065 1680
209 227 50
2277 2284 10
333 354 294
1159 1172 84
2201 2209 49
2312 2318 28
885 891 35
542 565 343
1237 1284 11760
1129 1164 504
1184 1210 189
2534 2544 42
2576 2594 150
1134 1168 1176
699 714 50
906 908 88749343570
846 886 110250
2596 2597 56064672509
2421 2457 560
1673 1678 35
1523 1531 14
2228 2237 12
576 590 21
1833 1877 94500
1838 1912 178605000
1311 1437 27433728000
1949 2015 762365520
14 26 294
2472 2491 30
605 606 62732777722
2059 2083 20
529 557 2401
1918 1985 71124480
95 96 20679621098
1613 1626 324
123 131 70
1303 1359 423360
115 127 75
417 422 86414606311
1718 1798 101606400
2506 2540 170100
339 368 294
218 304 5292000
85 96 41359242196
731 737 14
1975 2034 7941307500
2278 2296 90
2228 2238 12
1150 1172 1008
1413 1498 178605000
2586 2596 30
709 727 15
419 422 86414606311
2505 2518 270
1116 1164 5040
2189 2198 24
1706 1797 304819200
768 777 9
2662 2694 6300
1366 1463 102060000
2697 2709 12
1933 1994 3810240
791 847 45360
770 789 18
2607 2647 4860
628 640 24
2713 2742 980
1620 1629 162
648 682 7560
1725 1798 50803200
815 847 1260
1618 1627 54
511 557 16206750
733 743 49
329 350 84
2546 2547 73204728831
2347 2358 14
161 182 8
426 461 7000
428 470 8400
2561 2575 784
1293 1354 2963520
1216 1253 1890
97 114 36
1404 1486 14175000
611 621 10
2568 2589 2450
66 78 12
2346 2358 14
1475 1507 6300
1609 1626 648
2209 2219 10
2454 2478 96
2344 2358 14
2732 2749 14
1618 1628 162
1599 1623 324
218 308 10584000
2342 2355 14
2568 2588 2450
2343 2355 14
1309 1376 403200
2359 2362 3407870762
82 96 82718484392
1020 1096 403200
152 155 19787066082
775 798 54
584 591 14
1737 1820 84672000
1132 1167 168
179 226 78400
891 902 11277230863
739 755 42
1980 2036 340341750
450 491 42000
36 37 86682158102
1511 1513 21
1672 1678 70
1489 1512 756
292 315 14
1052 1151 11113200000
1695 1746 113400
457 514 2268000
625 630 30
2721 2743 980
218 307 10584000
2492 2507 24
2475 2492 30
1196 1253 52920
731 736 14
2075 2088 72
2495 2509 72
399 420 12
2087 2094 48048627789
946 974 1800
172 225 156800
590 596 98
358 390 29400
108 126 225
2194 2198 24
2315 2326 245
611 623 50
2710 2739 980
733 752 49
1772 1864 6048000000
555 584 42
1939 1999 1270080
2266 2273 42
541 557 2401
2528 2544 210
962 1026 617400
2264 2269 70
2661 2692 6300
217 267 50400
808 847 2520
2229 2244 420
1638 1642 21
1404 1492 297675000
110 126 75
215 228 10
702 717 25
171 215 78400
2011 2037 36750
39 47 42
