7415 851
2532 2541 294
6110 6121 10290
4318 4343 9525600
3479 3490 95828707560
4966 4980 3888
6742 6750 280
5672 5679 140
4645 4670 59270400
1707 1711 64932362403
58 59 9
5022 5023 50711822496
159 162 28
6675 6682 82747938256
2730 2737 108
7127 7143 20580
50 56 25
240 241 3
2312 2319 60
808 817 24
2602 2614 1350
467 469 25441929559
883 886 8
5224 5228 30
7098 7099 7
2918 2926 3150
5097 5098 10
1625 1628 4
345 362 13440
3054 3072 2520
4138 4152 168
3686 3695 900
1934 1943 1
1917 1921 10
5173 5183 750
1270 1274 70
1103 1113 90
1416 1425 98
882 885 16
4021 4043 11113200
5677 5684 70
20 40 15000
3065 3088 79380
4501 4515 2352
2952 2953 85397653171
2617 2620 21
6412 6433 529200
5070 5074 70
499 502 47904543205
5851 5860 810
5418 5428 2520
6032 6038 18
6322 6335 216
470 472 14
5467 5496 317520
7360 7365 10
4352 4353 5352716889
4013 4018 60
500 502 47904543205
2458 2470 5402250
1516 1520 21
575 593 211680
2235 2249 4500
3450 3451 30145741726
5427 5436 1225
6881 6900 336
216 225 84
640 647 150
4614 4619 25
4897 4904 70
5748 5760 7350
6461 6462 15
3562 3563 88911156244
3526 3529 15
6450 6462 4500
5814 5825 54
3596 3597 98160884782
248 249 35887491507
4899 4912 1750
99 101 87899848828
3813 3824 280
4762 4766 8
4000 4014 63910496880
386 405 25200
3045 3046 3
4277 4286 180
1131 1132 91150551710
4104 4146 44808422400
5508 5518 756
264 269 126
3637 3642 67195443434
7098 7106 17150
851 867 56700
845 860 7560
6255 6262 30
2399 2411 57624
3061 3075 42
1080 1084 70
2077 2078 13921107578
196 202 15
6266 6275 22050
1644 1657 992250
2270 2312 1244678400
1588 1590 26485248088
4820 4822 2
3739 3755 7056
3713 3714 9230479517
7099 7110 4900
38 47 28
4922 4931 84
1444 1466 241920
6370 6377 630
3721 3726 150
4281 4293 29160
5262 5263 5
6982 7000 1764
4367 4381 48
3952 3957 42
5524 5527 65895601149
4588 4591 14
2976 2989 88200
6950 6952 9
5929 5955 52920000
1183 1201 75600
2049 2065 150
3909 3914 35
993 999 30
1953 1954 51003347886
4427 4429 84132697831
6474 6475 60655813377
1124 1129 120
4876 4877 21
160 165 28
2390 2391 9
6422 6440 2800
5116 5138 3840
4276 4282 6
6332 6342 120
1848 1851 45
765 769 56
6725 6729 252
1282 1283 66006264417
2389 2391 9
3165 3171 12
4 13 8
5433 5437 10
5524 5529 65895601149
521 533 378
3030 3031 13413821904
4664 4670 196
5092 5094 10
1575 1585 216
197 202 15
2712 2715 70857308638
6768 6769 10
874 879 168
3903 3904 43989721881
285 290 245
1546 1549 36
6330 6338 36
197 205 45
219 225 42
1711 1723 42
1395 1399 15
4017 4018 10
5750 5766 4725
340 349 420
7348 7352 175
3357 3395 65856
1219 1239 525000
1385 1395 5400
5863 5867 10448745377
2200 2213 39690
2602 2616 4050
5630 5644 48
416 417 4
4623 4629 14
6465 6473 630
2858 2881 16669800
4045 4052 252
5184 5192 1750
7264 7266 3322279546
2272 2313 177811200
5147 5153 588
3289 3297 24
7253 7254 20366216514
2106 2107 14
4725 4731 58263217158
4731 4742 1029
316 336 34992
5610 5621 980
2709 2712 14
3598 3609 840
6035 6038 18
3603 3610 80
7275 7279 20
823 831 567
5054 5073 68600
172 184 70
5158 5163 54
6828 6844 9072
4162 4163 7
238 241 9
2144 2159 10080
5398 5401 70
6781 6786 280
3508 3527 10080
5122 5149 1128960
2947 2951 6
554 556 30
7067 7070 21
2678 2681 18
7002 7004 21
154 160 24
4100 4124 166698000
2338 2342 40
7318 7319 21
6737 6745 900
4590 4596 588
4395 4397 65154543284
5255 5263 300
7367 7382 168
3192 3229 1244678400
3124 3127 10
6687 6708 56700
7185 7190 20
4812 4818 12
4134 4149 504
3023 3027 36
6813 6831 3024
3355 3390 5488
5030 5031 95228845171
3939 3952 252
4071 4072 7361998802
2281 2315 14817600
1012 1020 84
2471 2478 150
5200 5210 7560
2651 2665 76202611264
6491 6494 12
5037 5039 21
1120 1123 9
5179 5190 17500
7312 7315 10
5460 5493 14288400
4075 4084 50
1869 1872 8
6703 6717 560
2590 2591 45026657252
4887 4888 7402353062
7326 7327 10
6807 6808 90332744911
6926 6943 313600
7048 7058 216
6961 6966 21
4076 4085 10
1076 1079 21
1598 1604 30
6283 6291 9
5080 5081 58162994736
2871 2894 185220000
6490 6492 95912353920
3987 3997 675
1444 1447 20
3489 3495 90
2355 2362 1372
6688 6711 453600
3355 3381 5488
103 105 28
1330 1332 8
4895 4900 4
7060 7062 61268001210
3936 3937 49404942046
5105 5110 42
3643 3655 109760
3412 3417 420
1539 1541 9
5552 5560 450
1002 1006 15
5376 5386 168
506 513 42
4559 4575 35
2084 2087 3
4309 4322 56700
6809 6825 17640
3205 3249 7468070400
2109 2110 15
6180 6194 2016
6786 6793 108
5871 5873 35
2107 2109 50
1061 1071 160
1060 1066 80
4503 4541 1659571200
1602 1607 20
3960 3961 45917327118
1286 1291 12
7406 7407 61124060481
5178 5189 87500
7064 7070 84
6748 6756 252
1314 1316 28
3463 3472 200
942 952 42
4080 4087 70
7345 7352 6125
2195 2213 277830
2597 2604 25591285006
5876 5888 54
3941 3953 252
3056 3072 2520
5722 5728 18
3978 3991 7560
4722 4729 30
1130 1131 91150551710
6105 6121 20580
6531 6539 36
89 98 3
6213 6216 67937710190
2883 2921 2222640000
6281 6290 9
5796 5800 88144672506
161 165 14
7265 7268 46511913644
3460 3471 2000
2954 2980 493920
6826 6834 108
2801 2809 10
5079 5081 58162994736
652 678 680400
4639 4640 8689150206
5992 6012 680400
6277 6288 62169105600
6372 6382 756
266 269 42
7278 7285 150
905 913 105
1560 1574 1400
7190 7195 24
4222 4223 10
3400 3416 158760
3128 3131 38133775555
1803 1811 28
5814 5826 54
3919 3925 36
523 538 756
5825 5851 20003760
3037 3043 10
4795 4797 59330740137
954 969 1050
2014 2034 65856
5323 5325 105
2717 2720 45
5347 5379 16669800
1086 1093 180
6595 6598 47646252504
2873 2906 7779240000
5601 5607 10
3320 3327 756
1725 1726 60184965814
5401 5402 96469960812
169 171 10
2368 2384 73500
6042 6061 13500
5748 5749 14
1332 1333 94426961938
646 667 27000
7027 7048 13230000
1820 1822 63
2783 2797 55566
766 773 168
2059 2065 30
5326 5328 38608783264
974 976 32226813024
4570 4577 140
5287 5288 52474680492
7063 7070 168
5982 6005 3402000
1086 1091 12
1667 1696 16464000
5153 5158 42
6198 6205 88890739029
3515 3529 120
7051 7059 324
3970 3988 1234800
3186 3214 3175200
7265 7267 6644559092
4630 4632 27432243324
6580 6584 9
2339 2347 1680
3496 3501 24472728978
3757 3759 15
1319 1322 20
1321 1327 10
4748 4751 46094741962
5790 5793 14
6444 6445 19796954217
5510 5518 252
6781 6787 280
7043 7050 140
3185 3212 4762800
3797 3803 90
3390 3397 72
1809 1814 42
3552 3557 45
2021 2035 3920
1333 1334 94426961938
4221 4223 10
6038 6039 94072380016
1855 1857 10
3189 3226 444528000
4315 4338 3333960
4166 4189 84672
2642 2646 6
5506 5518 4536
4999 5001 44067724052
3543 3548 56366804892
3834 3841 30
1217 1218 95824331465
742 759 480
5405 5410 61289499473
2359 2362 4
5267 5277 1050
950 964 180
718 724 18
6464 6466 82693162811
4610 4614 250
6439 6444 14
6031 6033 89122973557
6649 6681 635040
3916 3923 504
2999 3000 2
601 609 84
1774 1780 50
3113 3115 49
720 725 30
1639 1657 48620250
5228 5229 15
584 602 44100
6925 6941 313600
4923 4951 635040
4304 4307 36
2832 2842 30
571 572 31153123629
2637 2643 39608817284
2332 2342 6000
5208 5225 7056
2240 2251 360
6092 6099 45
5019 5021 14
579 601 113400
3999 4009 10651749480
5208 5214 14
1133 1146 3024
771 774 70396200438
3336 3347 7000
1662 1675 7840
1893 1904 1800
6006 6025 27000
2488 2503 5040
4047 4057 504
2497 2517 37800
2411 2412 71378372242
3399 3414 52920
1728 1730 69457414014
3238 3252 1620
1789 1802 189
1178 1179 48446338327
3643 3665 131712000
1291 1313 441000
3473 3480 40
3684 3685 42798074384
6923 6941 313600
3732 3736 2013234488
3249 3252 18
5274 5285 250
1495 1518 164640
3699 3708 27
4238 4239 24739390067
926 930 21
7044 7051 60
5243 5253 40
2799 2801 99514946858
7180 7189 150
3048 3051 56199029329
2214 2216 21
7342 7343 49
2762 2778 11760
5258 5263 100
1219 1243 18900000
7275 7281 200
5232 5233 35
5237 5242 7
1241 1245 60
369 405 1360800
1179 1189 600
2195 2203 1470
1688 1697 70
5790 5795 14
1391 1399 1350
2955 2988 1452124800
4734 4746 33614
2649 2656 40
1914 1918 60
3617 3618 86911824064
3003 3012 648
835 838 3
6734 6740 14175
3173 3182 2100
5067 5074 70
6177 6181 20327015694
1810 1819 252
2597 2603 25591285006
6005 6019 13500
1556 1559 34135207704
5667 5668 92307698945
6966 6968 50363451493
1477 1486 25
5418 5425 504
4236 4237 7
3892 3894 62805228259
2213 2215 21
148 151 10
1040 1051 48
5236 5241 35
4831 4848 6912
3730 3732 10
1080 1087 140
427 437 18
1368 1373 70
3638 3642 67195443434
4270 4275 67011520638
3000 3006 54
7386 7391 93667116704
1787 1793 126
4434 4447 588
6737 6741 225
2146 2161 15120
6196 6198 72387525207
593 606 630
7087 7093 63
629 640 240
5174 5187 26250
1383 1384 75859123036
3149 3151 14
2219 2237 13230000
5868 5872 70
6261 6271 257250
894 903 69287644179
778 780 68917415191
7394 7404 18
763 764 2
7287 7291 72671079628
4682 4693 3969
6679 6683 82747938256
260 261 14
5801 5803 91886580410
5582 5583 15
5826 5858 5401015200
3330 3333 7553092995
4863 4873 42525
6779 6783 140
4871 4874 225
3823 3829 93491146869
5967 5968 64687783034
1117 1123 630
600 609 420
4419 4426 14
5549 5556 360
662 684 25200
6922 6937 11200
5824 5843 185220
6255 6258 15
5927 5946 378000
2800 2801 99514946858
2693 2710 95256
3035 3040 10
6556 6562 42
4514 4550 158054400
1141 1156 252
2363 2369 36466085946
7056 7059 18
6723 6729 252
1448 1477 302400
4065 4066 21655366772
5448 5451 14
683 687 81583340504
137 139 105
2030 2052 113400
2626 2632 140
5330 5370 1400263200
4044 4051 36
1002 1004 15
6335 6344 180
838 846 420
6576 6583 12
2667 2671 54
992 997 15
5905 5909 82975978551
107 118 3150
2819 2841 8100
2467 2470 25
5646 5650 18
2393 2398 12
3618 3624 30
5576 5577 23163762510
6126 6150 66150000
3839 3847 1400
2732 2748 2100
2077 2082 27842215156
2196 2213 277830
3713 3716 9230479517
1828 1851 65610
4685 4703 864360
2150 2176 111132000
141 147 48463703484
1508 1519 336
399 405 10
2119 2126 525
273 274 21
2354 2358 343
3610 3616 350
6828 6843 9072
515 521 24
2318 2322 30
2790 2799 294
3831 3841 60
3798 3824 31752000
4176 4218 12192768000
191 201 90
2610 2620 14175
7294 7298 210
6576 6584 36
1372 1378 49
813 830 6804
2546 2547 39370039704
1444 1461 11520
483 486 10
543 548 70310811360
5052 5061 84
120 121 85104592246
4877 4886 8820
704 711 70
4629 4632 27432243324
306 335 92588832
1042 1053 48
1350 1354 30
4664 4674 196
5767 5769 14
1576 1586 756
2774 2779 98
876 879 28
2328 2342 108000
849 867 113400
7281 7286 30
2909 2924 18900
5524 5525 65895601149
5458 5489 14288400
6626 6628 343
263 264 16377251689
2689 2694 58994779258
277 290 137200
5078 5081 58162994736
6479 6483 7485696400
3457 3459 72647459730
6416 6435 176400
2789 2799 882
5272 5284 1250
360 386 108
1875 1877 66390296420
2550 2574 49392
6967 6968 50363451493
1274 1280 42
3563 3589 32672808
2169 2180 432180
6445 6449 39593908434
4246 4252 90
1156 1158 85583181540
5568 5575 54
3176 3193 6750
3861 3866 28
6538 6540 36420100221
4488 4510 30240
3619 3638 720
4208 4218 5040
3563 3583 172872
5804 5806 37538057031
2732 2744 60
6245 6247 5
4594 4613 1260000
913 916 20
6827 6843 9072
4021 4045 11113200
3150 3158 750
1172 1177 84
6632 6639 18
346 385 725760
6738 6747 3000
5350 5386 100018800
2446 2467 45378900
3734 3739 2013234488
958 970 1050
554 555 15
3791 3795 90
2066 2067 31450731395
4539 4558 235200
3385 3395 24
3719 3724 350
2122 2131 105
3954 3957 21
6489 6490 47956176960
4778 4781 56753245778
2875 2906 370440000
615 638 57600
3478 3484 47914353780
4353 4354 10705433778
3769 3782 5040
3028 3030 92874469682
5450 5455 78319539750
7002 7003 21
7122 7130 750
5589 5590 2
4373 4385 30
2690 2694 58994779258
3728 3729 1
4637 4640 52134901236
3682 3683 14
4441 4450 42
740 741 51802889170
5571 5575 9
508 515 42
3916 3918 14
498 502 47904543205
615 628 720
5398 5399 7
901 903 69287644179
7144 7146 1
1111 1123 3150
1352 1358 30
2061 2065 6
3010 3012 12
819 831 3402
2354 2360 686
5212 5225 1008
4137 4151 504
7002 7005 43239308112
2479 2481 99759722320
6559 6581 1512
6159 6166 392
7342 7344 98
7122 7132 750
2208 2214 147
1555 1556 17067603852
5128 5151 150528
1955 1956 35659989631
5409 5410 61289499473
5424 5432 980
6780 6784 140
6194 6197 72387525207
6513 6518 196
4041 4048 441
6784 6791 24
2318 2319 15
7092 7095 70
1136 1150 1512
6388 6389 93644999839
6748 6754 126
2545 2546 39370039704
4641 4654 74088
7281 7288 60
6801 6806 1
6524 6526 21
1320 1324 20
2814 2839 243000
3350 3352 14
2323 2324 82149295780
1494 1518 329280
6306 6325 3500
5221 5225 28
3265 3268 15
689 698 54344594472
5243 5248 10
7256 7264 630
1057 1059 21
2570 2585 49000
1902 1911 2268
7062 7068 56
106 117 1050
1242 1253 450
4086 4089 35
2091 2096 42
7008 7039 357210000
914 916 20
7122 7127 25
5272 5285 1250
1341 1349 140
1652 1659 231525
4219 4223 10
7272 7273 14
5978 6003 15876000
6376 6388 18
5053 5064 980
6418 6440 352800
838 856 105840
1902 1909 1134
4447 4451 14
1977 1978 46083118504
6054 6071 72
65 66 97630692193
1567 1579 2520
4340 4343 10
1826 1846 486
1567 1585 30240
2426 2461 871274880
4786 4792 54
4458 4465 12
3350 3374 1568
7216 7219 50673287900
645 656 40
3115 3116 14
295 331 576108288
1734 1737 14
6501 6504 42
7301 7304 30
1259 1261 3
1967 1970 46069225544
2774 2789 259308
798 808 58041236850
5924 5928 250
6342 6345 42963803388
215 221 14
3981 3992 6300
2509 2531 317520
1604 1608 20
5243 5244 10
3127 3130 38133775555
5817 5843 3333960
206 210 90960957584
687 696 36229729648
1272 1278 30
7228 7237 1134
2007 2023 1008
5074 5077 10
97 101 87899848828
1806 1811 14
5691 5727 49009212000
5322 5324 35
6449 6458 60
3782 3795 1080
1485 1493 5881043365
6174 6177 21
5952 5956 70
