6681 2185
2460 2493 15120
1726 1742 252
1463 1517 6123600
3300 3310 19269264513
508 513 52825232694
1485 1546 61236000
5803 5807 10
5038 5060 2100
1809 1826 210
6557 6581 8400
2130 2153 30
405 453 102900
1182 1249 14400
5638 5644 10
4158 4178 1260
2604 2626 168
1226 1262 60
3941 3955 18
2783 2871 16329600
631 670 7680
4686 4698 36
2100 2137 94500
1673 1695 29194342440
1616 1629 12
752 784 45000
2502 2530 108
5088 5095 30
1923 1980 70560
585 622 10976
891 895 47465870058
3998 4013 189
3127 3158 270
3473 3574 42865200
5359 5429 72606240
5687 5691 96064648111
2598 2605 77263751667
3716 3762 1530900
5984 5998 33560483912
1846 1922 6350400
310 394 12252303000
4153 4158 87982761639
3349 3465 8465264640
3335 3460 16930529280
5538 5555 27
6119 6141 44100
5808 5811 95179716041
5728 5787 120960
4030 4031 76626499445
5662 5688 42
4078 4088 21
638 716 1741824000
203 250 61740
297 329 136080
692 742 9072
4819 4873 952560
2491 2527 81648
5464 5522 52920
2428 2432 81699956108
3291 3305 38538529026
6020 6028 7745991101
4934 4955 56
689 733 1008
4214 4222 10
1068 1131 35280
5822 5865 420
5538 5553 9
2029 2109 22861440
26 34 28
3310 3392 11664000
2023 2067 12096
6050 6062 64201544587
4574 4580 14
2486 2521 204120
2962 2981 18
70 135 2721600
268 288 98
4526 4560 252
1474 1534 367416000
4167 4216 14175
4439 4448 14
6026 6030 7745991101
6330 6356 270
1940 1986 1680
6666 6673 31097895720
3945 3958 36
4337 4340 2
3893 3919 1260
2275 2290 12
4030 4032 76626499445
3832 3855 80
508 512 52825232694
3906 3930 882
4309 4321 35
2154 2165 45
6615 6667 5103000
2425 2430 12
5982 5993 33560483912
6625 6672 3402000
767 798 1350
6165 6171 66232098835
3166 3169 69666574187
2363 2415 3528
6050 6053 64201544587
2175 2185 14
6555 6556 44281191166
6002 6008 9
6381 6403 120
2382 2420 1176
6430 6440 28
3107 3147 1944
49 88 60
813 815 58930474181
5303 5342 32400
1679 1700 97793435039
1274 1303 1500
2320 2366 105840
6426 6431 55424355430
1809 1832 630
4969 4996 18
3885 3901 24
4527 4560 252
4338 4359 8
3879 3883 69354894371
4278 4300 5625
1337 1386 635040
5335 5401 53343360
26 32 28
630 670 7680
767 789 675
4264 4287 675
1734 1761 630
5456 5496 168
5691 5706 90
4525 4558 42
6364 6395 1440
395 436 22050
5935 5954 18
1674 1698 29194342440
4322 4326 77493397096
1058 1113 9800
6558 6584 8400
4459 4485 1571057880
1307 1352 98784
2512 2532 18
294 296 33381208894
3922 3934 189
4065 4068 67987710737
485 497 14
4913 4923 14
4167 4209 2835
480 495 10
876 893 8
1972 2011 96
990 995 92233717564
1383 1423 1680
2438 2453 120
4764 4786 40
6321 6325 21838637536
5584 5608 1470
181 191 40825978355
1699 1703 97793435039
4573 4579 28
4034 4053 32
4983 5003 82231549524
1250 1273 18811996392
5432 5446 252
4295 4317 875
5979 5984 75511088802
328 395 12965400
3999 4023 2835
4900 4920 144
1561 1612 19051200
5053 5075 40
540 621 663828480
953 966 392
1838 1895 317520
1733 1761 630
2348 2376 252
5608 5611 38326555848
5716 5746 158760
5998 6007 9
3165 3168 69666574187
3211 3213 55679247791
975 994 92233717564
1908 1956 5880
5977 5982 27
1474 1536 367416000
613 627 20
6030 6035 42
6618 6670 5103000
4072 4079 18
6026 6029 7745991101
5886 5913 1944
1023 1058 180
2519 2547 36
6445 6461 28
5196 5202 18
2989 2997 15991687513
2137 2159 45
3960 3984 1568
4870 4877 14
4325 4329 77493397096
4686 4699 36
1291 1311 35
1873 1923 8820
628 659 960
4931 4955 112
6525 6555 720
4679 4696 378
2513 2540 36
4979 4996 9
5724 5763 136080
6321 6322 10919318768
3425 3534 34292160
5571 5601 168
1272 1285 89580935200
2355 2405 18522
1688 1701 97793435039
1638 1659 129654
199 221 60
1539 1606 12247200
1952 1988 96
1897 1950 17640
2547 2556 34604322192
5968 5982 108
5655 5674 63
2320 2365 105840
2343 2370 504
1431 1443 20
2251 2262 67977304736
1259 1274 18811996392
64 135 2721600
3269 3271 96866969072
6339 6378 4320
2560 2595 8
2393 2423 84
306 365 11113200
6318 6321 10919318768
6149 6162 84
2283 2295 84
3467 3574 85730400
631 679 345600
4496 4552 9072
1064 1122 5880
4422 4429 10
6602 6633 1350
4655 4660 14
5888 5926 9072
4860 4873 70
490 498 49
4294 4317 875
3240 3248 12
5013 5044 84
5749 5787 96
5974 5982 54
4505 4556 168
2639 2724 195955200
184 191 40825978355
3243 3253 50
3958 3979 224
5896 5943 2268
5138 5178 38880
1847 1923 6350400
3625 3659 1620
5244 5330 17860500000
5921 5953 36
510 513 52825232694
1926 1983 70560
2880 2950 7938000
2190 2225 4939200
114 176 907200
1961 2005 192
3475 3575 42865200
867 893 168
5510 5529 84
3219 3222 35
5025 5058 420
899 912 18
896 897 36621953807
2604 2614 14
4310 4322 35
897 898 36621953807
2594 2603 77263751667
4079 4092 21
5374 5436 54454680
38 44 761053663
262 278 21
3362 3467 29393280
1204 1260 240
4886 4911 2520
3005 3020 64940632500
5374 5432 3889620
17 31 12
5122 5159 5184
5965 5982 108
2561 2597 8
5542 5568 5670
3761 3828 16329600
2355 2412 18522
2769 2856 1166400
1086 1159 105840
4695 4702 10
4561 4579 6720
3492 3598 100018800
5861 5873 980
2486 2514 204120
4880 4884 10
4269 4289 675
3329 3436 44789760
42 56 4566321978
3974 3990 168
167 186 15
2244 2258 20
4906 4922 48
3304 3388 34992000
4469 4496 22623233472
507 511 52825232694
6196 6289 2667168000
3977 3992 588
800 805 1
244 272 42
4867 4874 14
2056 2114 476280
921 928 60
2014 2024 28
5486 5529 22680
1760 1790 504
6670 6675 2073193048
444 482 588
6157 6164 14
4695 4703 10
815 852 192
3608 3659 19440
5896 5937 2268
2189 2220 50400
2641 2737 1175731200
4275 4295 225
6394 6413 588
1088 1159 105840
4419 4420 97421428350
5582 5604 210
2990 2998 15991687513
4600 4657 816480
2718 2798 30618000
2448 2466 210
4666 4680 28
1628 1633 55419005115
4754 4773 420
4281 4313 39375
3144 3166 270
1489 1562 12247200
5571 5592 28
6422 6426 27712177715
191 207 90
4036 4053 8
5474 5528 11340
195 209 30
6450 6481 4000
3380 3482 19595520
2381 2420 1176
3851 3874 147
5335 5404 53343360
762 787 900
1670 1678 29194342440
5613 5632 735
4398 4418 28
2594 2602 77263751667
294 295 33381208894
5190 5202 54
3304 3382 6998400
685 732 3024
5139 5190 38880
387 407 1890
2895 2963 35721000
3761 3831 114307200
4038 4057 8
6443 6444 84395712177
3302 3315 57807793539
3987 3992 42
1943 1988 3360
491 501 49
2956 2981 54
4023 4029 20
4115 4125 64146615900
3777 3835 38102400
5933 5953 18
2497 2528 1944
5970 5982 54
3701 3708 10
1777 1813 5040
2850 2921 3969000
2937 2977 378
1000 1035 7560
4494 4552 27216
1054 1073 35
1494 1563 12247200
3258 3259 15
6607 6648 8100
5202 5205 71275370744
491 500 49
2306 2359 35280
2421 2430 12
5982 5994 33560483912
3287 3297 10
5203 5209 71275370744
4445 4472 12568463040
1138 1244 1728000
608 625 28
2317 2364 105840
3699 3705 10
6077 6099 1260
5846 5867 350
6337 6377 1440
24 31 12
2012 2014 35201100607
4713 4762 840
6121 6158 388962000
2560 2587 8
3206 3213 55679247791
2832 2902 7560
2034 2114 11430720
3168 3172 69666574187
4894 4920 144
4264 4289 675
6026 6028 7745991101
5934 5954 18
4913 4926 14
814 817 58930474181
3580 3613 756
849 862 360
903 922 42
4391 4407 21
2154 2168 45
5205 5221 1890
5819 5849 30
6521 6555 720
6229 6303 19051200
1040 1064 350
2546 2550 51906483288
1778 1817 5040
2093 2137 283500
4422 4434 30
6400 6422 2940
2246 2259 20
1346 1408 4233600
5655 5675 63
864 892 168
1509 1570 1224720
6165 6170 66232098835
4424 4446 210
6271 6317 7560
5312 5343 10800
5276 5332 1701000
1517 1579 1224720
3353 3466 4232632320
4458 4479 1571057880
952 966 392
3878 3880 69354894371
2778 2870 16329600
5711 5734 882
1747 1767 1260
6441 6444 84395712177
4711 4741 24
5264 5331 255150000
6351 6386 3600
3730 3788 2449440
6166 6218 604800
3645 3660 135
2458 2490 5040
2298 2303 4
5800 5801 1
4364 4393 2268
3741 3808 122472000
4609 4657 19440
4890 4913 360
4545 4564 2520
5808 5812 95179716041
297 338 1360800
40 48 2283160989
1792 1823 3600
5121 5159 5184
5371 5431 1296540
6076 6090 90
5769 5791 8
1013 1055 540
2015 2038 4032
2600 2605 77263751667
5086 5089 24232364174
4981 4998 82231549524
677 718 50400
2341 2369 3528
5978 5982 9
5602 5610 35
14 31 12
5622 5634 21
6613 6665 340200
818 860 17280
3084 3141 34020
1350 1413 8467200
248 277 42
4 30 36
5452 5496 504
5174 5202 108
712 781 51030000
238 272 126
2858 2924 9922500
2274 2287 12
6 30 12
2596 2605 77263751667
2497 2527 1944
893 896 47465870058
305 349 3175200
2480 2509 204120
2653 2738 195955200
1122 1182 1440
2668 2757 1175731200
5162 5195 540
1673 1688 29194342440
6194 6270 31752000
5948 5982 1944
4989 5012 27410516508
6021 6028 7745991101
6434 6443 14
4958 4959 50061829632
4599 4634 756
6151 6163 28
437 480 1176
5892 5937 2268
2410 2428 36
3659 3701 24
5723 5749 11340
3338 3460 16930529280
2605 2650 2016
1448 1504 24494400
6138 6158 26460
1067 1128 17640
2462 2501 3810240
3730 3791 12247200
3219 3225 35
2898 2967 35721000
3055 3102 630
3204 3213 55679247791
3383 3502 1058158080
1597 1612 6300
2617 2657 144
3257 3258 9
3954 3962 28
2020 2065 3456
3655 3660 9
3492 3601 200037600
2555 2575 8
4344 4384 3024
4464 4488 6284231520
1322 1353 3528
5984 5995 33560483912
4164 4187 315
4942 4955 28
4920 4954 9408
586 622 10976
3900 3921 210
5367 5429 2593080
3304 3378 6998400
5341 5405 53343360
4809 4837 392
945 964 56
6127 6158 194481000
995 1009 280
1475 1541 551124000
3712 3723 79646171208
3832 3856 80
4793 4831 7056
2720 2811 34992000
3689 3704 10
5881 5911 13608
1105 1172 15120
3878 3881 69354894371
54 129 1360800
6200 6293 2667168000
5818 5847 42
4916 4954 9408
5710 5725 2058
224 266 1764
4981 4996 9
2253 2262 67977304736
4422 4441 150
3382 3500 1058158080
3709 3720 79646171208
4134 4136 1
113 161 75600
421 467 294
3321 3407 6998400
5655 5656 3
4445 4462 112
923 952 3780
5243 5246 61067628493
4150 4157 87982761639
1346 1406 4233600
4641 4660 7560
4540 4560 42
5340 5404 26671680
6403 6423 2940
5878 5896 840
4399 4419 28
4877 4883 20
4705 4706 86351362839
4401 4419 28
2092 2128 28350
3018 3045 12
3015 3038 97410948750
1941 1986 1680
5162 5193 540
6478 6535 5400
6483 6545 4320
5038 5064 2100
4073 4084 126
227 267 882
5656 5688 126
4344 4378 1008
1126 1242 10368000
6331 6375 12960
3955 3975 224
5656 5683 126
3248 3256 25
6046 6049 39760046594
6398 6416 588
3028 3074 216
3598 3636 336
3714 3726 9
5876 5885 35
3794 3841 8467200
32 42 7
999 1035 15120
2197 2225 164640
5216 5223 126
4693 4700 30
3705 3717 79646171208
6050 6051 64201544587
3999 4016 189
3841 3871 49
6658 6672 60
5371 5430 1296540
5222 5241 140
5089 5143 2268000
5452 5485 252
2313 2362 105840
5655 5667 9
4574 4583 42
1956 1994 48
5031 5058 420
3091 3146 68040
2963 2985 18
2141 2160 45
1562 1612 19051200
6148 6159 84
2990 2999 15991687513
5583 5608 1470
5656 5677 63
3229 3230 1
704 762 56700
5880 5898 504
4023 4028 10
229 267 126
4391 4409 21
6670 6673 2073193048
1883 1926 180
1518 1587 17146080
4087 4101 12
861 883 42
3083 3121 1260
3934 3955 162
6555 6557 44281191166
2517 2546 36
4818 4846 756
2021 2066 3456
2244 2252 10
5887 5925 27216
5632 5644 10
2553 2563 8
1122 1230 2073600
1671 1680 29194342440
318 394 453789000
992 995 92233717564
1237 1271 210
4786 4802 1890
767 802 4050
3300 3315 57807793539
6556 6558 44281191166
5791 5799 15
186 191 40825978355
6478 6519 150
861 864 2
470 489 280
3435 3553 6481218240
3963 3988 224
3475 3577 85730400
4182 4217 45
4395 4415 42
580 622 32928
6014 6028 46475946606
4876 4883 20
4007 4024 225
1333 1386 3810240
2225 2241 98
5458 5516 158760
2263 2273 392
2548 2560 69208644384
1117 1174 4320
461 484 140
3643 3660 810
3171 3186 14
1626 1630 55419005115
942 961 168
1982 2011 48
4636 4657 1080
1463 1516 6123600
4585 4586 35023018616
4145 4154 2
57 134 2721600
5800 5807 10
197 220 300
845 861 360
5153 5193 2160
6093 6115 840
4958 4962 50061829632
4467 4488 628423152
2126 2137 30
3280 3295 35
2302 2344 1260
4138 4154 8
23 31 12
2961 2981 18
6673 6680 4146386096
5848 5872 4900
1874 1923 8820
2394 2426 252
786 805 18
4038 4054 8
1122 1220 1036800
2998 3002 10
1370 1413 3360
3726 3771 1530900
1644 1671 45378900
2684 2778 8817984000
291 295 33381208894
5880 5900 1512
2481 2509 204120
6670 6677 4146386096
2600 2606 77263751667
5880 5903 1512
4817 4843 252
1183 1257 14400
5624 5637 21
472 489 280
5592 5608 210
5707 5708 10
4106 4116 96219923850
2286 2296 14
251 278 42
1819 1851 3969
4396 4416 42
6172 6237 152409600
4597 4613 378
4342 4376 504
6032 6036 14
2809 2898 680400
6226 6301 19051200
1464 1517 6123600
6047 6049 39760046594
5797 5800 15
3929 3939 27
4077 4085 63
1182 1250 14400
1226 1269 420
3335 3437 44789760
5328 5360 4320
5539 5556 189
2020 2066 3456
3151 3167 9
6026 6033 46475946606
6267 6317 7560
896 898 36621953807
4274 4291 225
1661 1671 350
1663 1672 50
375 405 1890
4216 4231 12
1452 1511 8164800
5688 5691 96064648111
1283 1303 15
1283 1307 15
2516 2546 36
6147 6158 252
821 860 8640
3710 3722 79646171208
5552 5587 7560
3954 3972 112
1122 1186 2880
1001 1044 15120
1007 1047 10800
1765 1812 120960
1814 1837 6615
2513 2535 18
128 179 302400
4659 4664 35826064522
806 813 14
6580 6612 24
4050 4064 20
1707 1709 62823049758
6112 6137 29400
3298 3307 57807793539
4818 4852 4536
2141 2159 45
4816 4837 14
3568 3612 7560
5471 5528 22680
2665 2755 1175731200
4983 4999 82231549524
4464 4487 3142115760
2859 2925 9922500
129 179 100800
6185 6249 604800
6063 6082 12
4787 4830 105840
1663 1677 50
1671 1679 29194342440
5758 5788 96
6443 6445 84395712177
5628 5642 70
4478 4498 54432
3028 3102 68040
6109 6137 58800
5539 5567 5670
4393 4415 42
4114 4124 64146615900
2864 2927 1417500
2443 2460 300
3028 3099 3240
5874 5885 35
2189 2223 352800
5216 5241 17640
6026 6032 46475946606
2909 2977 11907000
1965 2008 192
308 377 116688600
6440 6444 84395712177
1838 1874 15120
3282 3297 10
6464 6492 2500
4440 4453 56
2632 2685 108
988 995 92233717564
877 894 24
281 290 42
513 616 20910597120
3176 3198 28
4599 4632 378
3902 3926 4410
380 406 630
4493 4505 324
1260 1274 18811996392
3257 3259 45
2509 2532 18
1068 1138 35280
5122 5167 155520
6430 6442 28
995 1026 3360
6119 6140 44100
3759 3823 2721600
49 125 907200
1841 1922 19051200
3258 3268 75
5595 5610 210
2271 2283 8
1614 1615 1
4872 4883 280
3180 3199 56
3081 3117 210
4065 4072 67987710737
3963 3987 224
2805 2898 680400
5529 5531 66463827094
4691 4700 30
1123 1241 10368000
922 947 3780
6538 6555 20
2546 2549 51906483288
1123 1230 2073600
3132 3158 90
352 404 92610
201 248 61740
6455 6482 4000
3428 3534 34292160
4031 4040 8
4408 4419 4
2720 2812 34992000
2954 2977 9
2847 2903 840
4397 4416 42
1134 1242 1728000
5550 5580 7560
479 495 70
1280 1303 30
1003 1044 15120
5798 5801 15
2273 2286 12
5853 5872 980
3872 3874 3
1244 1271 42
3278 3280 1
2176 2186 14
5946 5969 36
4006 4023 45
479 494 70
5573 5602 168
164 181 60
4646 4660 504
4751 4773 420
2171 2182 10
3389 3529 2962842624
3171 3183 14
1499 1563 408240
3160 3167 9
3068 3106 630
4598 4621 1134
5111 5151 1296
961 981 42
4259 4266 45
3188 3207 24
3584 3623 1512
1894 1944 2520
2515 2546 36
4250 4262 150
2313 2364 105840
6120 6158 388962000
2876 2939 945000
4546 4568 1440
3835 3860 140
4742 4767 3150
1437 1497 24494400
5444 5481 13608
6399 6417 588
4638 4660 7560
5983 5995 33560483912
3327 3411 6998400
1343 1386 211680
4551 4568 1440
787 805 18
4085 4099 12
1474 1523 12247200
5776 5799 120
6444 6445 84395712177
2596 2604 77263751667
512 560 3780
5609 5611 38326555848
6035 6040 21
4556 4575 40320
4462 4486 3142115760
3954 3969 56
3118 3156 4860
978 994 92233717564
4949 4956 1
98 135 7560
464 486 280
2353 2380 189
917 925 70
691 739 9072
5666 5688 14
272 288 14
3290 3305 38538529026
3400 3529 329204736
922 928 60
1953 1989 96
4991 5016 54821033016
3081 3120 1260
5656 5681 63
1343 1405 4233600
4964 4995 12
3138 3162 90
6669 6673 2073193048
2200 2237 164640
5567 5592 84
2088 2116 56700
868 893 168
5318 5345 900
1253 1273 18811996392
788 805 18
3999 4015 189
6607 6654 510300
2559 2577 8
767 794 1350
2998 3013 20
4581 4583 3
4778 4794 90
2444 2463 300
4452 4477 448873680
175 191 40825978355
4291 4317 875
5295 5337 162000
3300 3309 19269264513
4229 4238 21
4010 4026 225
6196 6292 2667168000
4881 4884 10
1419 1427 18
1818 1850 19845
3986 3992 42
4656 4661 14
5684 5690 96064648111
6518 6555 2160
4078 4085 21
1028 1058 90
2255 2262 67977304736
1663 1674 50
1790 1823 10800
5194 5202 18
3071 3110 315
3990 3993 21
3462 3573 257191200
6426 6432 55424355430
6003 6009 9
4721 4762 210
5982 5989 16780241956
1707 1708 62823049758
813 817 58930474181
1301 1314 35
4680 4698 756
5813 5821 105
4282 4315 39375
973 994 92233717564
2796 2898 27216000
165 182 30
3670 3702 8
2719 2802 17496000
2398 2427 252
4157 4159 87982761639
1040 1061 70
2505 2532 18
3996 4012 567
4884 4885 90776605075
3123 3156 810
5653 5655 2
3970 3989 112
4340 4368 28
702 754 2268
4080 4098 42
4079 4096 42
4151 4158 87982761639
1229 1271 210
3989 3992 21
1070 1148 423360
4246 4250 2
4697 4704 10
5872 5879 10
3803 3844 141120
6650 6672 3780
6512 6545 432
295 296 33381208894
3655 3669 9
1304 1322 196
1169 1244 28800
1995 2011 24
4308 4319 35
1528 1590 408240
5735 5787 120960
1835 1855 18
3279 3292 35
2266 2283 784
3891 3903 30
266 287 49
3450 3554 25719120
5705 5706 1
6444 6446 84395712177
3165 3169 69666574187
5550 5581 7560
4467 4490 1885269456
3069 3110 630
4664 4670 35826064522
4911 4923 28
305 360 22226400
1304 1325 196
1605 1614 42
923 958 52920
5691 5697 10
4598 4619 378
2980 2986 57750385529
5639 5649 60
3404 3531 1646023680
5047 5075 240
892 896 47465870058
1676 1698 29194342440
4858 4873 70
87 135 181440
6556 6559 44281191166
6425 6430 55424355430
767 792 675
3120 3156 1620
2880 2947 378000
2434 2437 2
3229 3239 14
863 892 168
1534 1605 36741600
3817 3854 70560
3103 3146 648
4672 4680 14
1735 1764 1890
3187 3207 24
1672 1685 29194342440
5058 5075 40
1927 1986 70560
300 345 3175200
2998 3005 20
1386 1425 5040
4680 4696 378
777 805 54
1815 1838 6615
6032 6035 14
4365 4394 2268
6482 6545 4320
2679 2769 8817984000
6153 6163 14
1748 1768 1260
3383 3509 1058158080
5216 5229 1764
3721 3765 1530900
2816 2899 680400
2907 2969 11907000
4459 4482 785528940
4709 4721 12
1671 1682 29194342440
126 178 302400
4079 4088 21
6095 6126 1680
2881 2953 7938000
323 394 64827000
1709 1719 14
6576 6612 24
6381 6400 120
5440 5454 324
4156 4158 87982761639
2794 2897 81648000
3744 3810 24494400
5890 5932 4536
6077 6097 180
2431 2436 40849978054
4016 4028 150
6612 6658 340200
3119 3156 1620
5146 5190 12960
3747 3816 16329600
5244 5261 70
2291 2299 28
3431 3551 6481218240
682 718 10080
1028 1061 630
1487 1556 183708000
6130 6158 97240500
6061 6066 1
373 404 1890
457 482 84
3957 3976 112
495 502 49
2170 2181 10
3954 3970 112
2012 2013 35201100607
4447 4475 1795494720
5631 5642 70
2873 2932 472500
3884 3896 12
178 191 40825978355
5243 5248 61067628493
5218 5241 5880
3851 3873 49
704 761 56700
422 480 8232
3709 3722 79646171208
4692 4700 30
1012 1048 540
1042 1064 175
3646 3660 135
5443 5476 13608
4614 4657 6480
1756 1787 2520
282 290 42
4072 4081 126
299 339 453600
202 249 61740
5051 5075 80
4902 4921 144
6566 6606 800
2662 2739 195955200
5978 5983 9
5253 5331 510300000
5947 5982 1944
3340 3460 16930529280
5467 5526 52920
165 181 30
5850 5872 980
4059 4064 10
5997 6007 9
3312 3400 34992000
3583 3615 756
6008 6028 46475946606
2426 2430 12
948 964 56
2469 2508 3265920
1552 1606 4082400
4544 4564 2520
1412 1427 378
1424 1427 9
2625 2675 216
461 485 140
1101 1171 7560
2420 2429 6
6287 6320 630
1266 1277 62706654640
3834 3859 280
1523 1589 2857680
2820 2902 75600
5898 5945 1512
2629 2683 216
187 191 40825978355
2946 2977 378
2364 2420 10584
470 486 280
4637 4660 7560
6026 6034 46475946606
40 55 4566321978
5024 5058 420
6385 6403 24
2771 2857 1166400
3916 3933 126
2231 2243 14
4663 4669 35826064522
965 983 21
1666 1677 25
2156 2179 1350
6103 6135 126000
3281 3295 35
3013 3028 32470316250
4048 4063 8
3835 3864 140
4113 4123 32073307950
4903 4921 48
3983 3992 42
4734 4763 630
1706 1707 62823049758
2477 2509 204120
212 253 41160
5187 5202 54
5981 5986 50340725868
3688 3703 10
2197 2236 329280
4556 4571 1440
1431 1445 20
4599 4647 22680
4101 4103 1
3176 3194 14
5072 5086 20
4458 4482 1571057880
1051 1064 35
5904 5946 504
165 186 30
825 861 17280
6478 6544 21600
5724 5750 11340
4444 4458 112
2450 2488 50400
3946 3959 36
3990 3992 21
238 269 126
3298 3309 57807793539
1284 1309 105
395 424 3150
1762 1794 7560
4554 4568 1440
3757 3822 8164800
5327 5358 4320
1967 2009 32
4079 4098 126
6422 6427 27712177715
6120 6148 4630500
2355 2392 2646
6672 6677 4146386096
1343 1402 4233600
5244 5325 3572100000
1264 1275 6270665464
985 994 92233717564
6319 6321 10919318768
3051 3102 630
1479 1545 1653372000
1593 1612 37800
5342 5426 5227649280
2963 2981 18
6380 6395 60
733 781 405000
3393 3529 2962842624
4311 4322 35
5711 5744 370440
5046 5073 1200
2183 2186 14
3485 3591 385786800
1633 1651 882
4325 4326 77493397096
2718 2789 2041200
4218 4232 12
3677 3703 10
5325 5355 720
4399 4418 28
2710 2787 30618000
2347 2371 84
2348 2375 84
2560 2593 8
2186 2189 51290250469
6279 6318 3780
1056 1082 700
3403 3530 1646023680
1346 1411 8467200
2674 2759 587865600
2625 2663 12
4773 4791 60
1832 1855 378
4886 4904 210
1673 1697 29194342440
636 710 165888000
4123 4134 30
3068 3107 630
4659 4669 35826064522
1672 1684 29194342440
4456 4477 224436840
3696 3704 10
511 531 21
3211 3214 55679247791
1467 1517 874800
5911 5952 504
479 491 70
216 253 20580
507 512 52825232694
4058 4064 10
4276 4300 5625
5467 5525 52920
4958 4963 50061829632
5795 5799 15
883 894 24
5135 5178 77760
5976 5982 54
815 858 8640
5471 5527 7560
3307 3390 11664000
5726 5769 90720
4916 4938 168
2265 2273 392
1727 1743 252
62 134 2721600
937 958 126
2223 2237 196
5140 5190 38880
1672 1682 29194342440
5456 5501 1512
1083 1152 21168
6310 6321 32757956304
2616 2651 144
2177 2186 14
3007 3027 32470316250
3893 3905 30
5228 5242 10
5203 5206 71275370744
5582 5605 210
5240 5245 61067628493
3492 3594 14288400
754 785 45000
4894 4919 72
2506 2532 18
1367 1413 3360
3701 3709 10
1686 1701 97793435039
4593 4602 42
3089 3145 34020
6192 6252 151200
2428 2433 81699956108
2618 2659 144
4816 4840 84
3814 3854 70560
4494 4507 162
2449 2486 10080
281 289 14
4391 4408 21
3107 3153 9720
2982 2986 57750385529
2989 2996 15991687513
6456 6485 2000
6422 6430 55424355430
5087 5092 48464728348
6557 6582 8400
2785 2874 16329600
989 995 92233717564
6311 6321 32757956304
4286 4316 4375
1248 1273 18811996392
4005 4023 45
3014 3036 97410948750
4984 5009 82231549524
2148 2162 27
977 994 92233717564
4246 4262 300
6430 6437 28
1986 2011 48
4774 4793 90
4086 4100 12
6527 6555 360
5112 5154 3888
1696 1702 97793435039
1410 1425 252
488 498 49
4704 4705 86351362839
4435 4448 70
5191 5202 54
512 616 20910597120
3157 3167 9
104 147 79380
3729 3780 1224720
1325 1385 7620480
940 958 42
4818 4863 68040
5462 5520 158760
6580 6613 24
5685 5690 96064648111
5088 5122 94500
5538 5556 189
1058 1114 9800
3930 3941 27
1650 1671 463050
6207 6296 13335840000
6428 6437 56
3600 3656 4320
660 716 3628800
2634 2689 1944
1971 2010 96
2303 2351 10080
6326 6353 810
710 776 17010000
5725 5763 136080
3097 3146 68040
1642 1671 45378900
5458 5518 158760
863 886 42
5012 5042 12
2545 2549 51906483288
3207 3213 55679247791
5087 5091 24232364174
5770 5797 8
5119 5156 7776
2157 2181 1350
5611 5612 38326555848
2185 2189 51290250469
3271 3278 15
6539 6555 20
2996 3001 79958437565
6582 6613 12
1248 1271 21
629 668 3840
4664 4669 35826064522
6362 6390 360
5377 5443 36303120
3005 3023 64940632500
4164 4188 315
3328 3428 111974400
2018 2057 3456
3656 3679 36
4118 4132 30
5877 5893 840
2448 2479 3360
6241 6305 529200
2638 2689 1944
5457 5512 158760
3197 3210 12
814 818 58930474181
4921 4955 4704
6276 6317 3780
185 191 40825978355
5800 5806 10
6559 6600 33600
1994 2011 24
1519 1588 17146080
3212 3214 55679247791
3914 3933 126
5627 5641 105
6080 6106 2100
1997 2011 24
5550 5575 1890
496 503 49
4568 4579 56
4024 4029 20
4870 4875 14
4393 4410 21
482 496 70
4311 4323 35
5321 5347 1800
410 455 6860
4390 4394 3
628 629 1
5697 5706 9
1182 1257 14400
5574 5603 840
1715 1731 84
2011 2012 70402201214
880 894 24
3714 3737 405
6089 6115 4200
4390 4400 9
4794 4836 4704
5810 5816 15
297 314 72
4111 4123 64146615900
153 181 600
1215 1261 60
1545 1606 4082400
4461 4486 3142115760
4395 4416 42
277 288 14
3475 3578 85730400
3167 3170 69666574187
6400 6417 588
4011 4026 75
6102 6131 10080
1628 1635 55419005115
1641 1666 9075780
307 377 233377200
1447 1497 4898880
192 207 90
5691 5702 30
2642 2737 1175731200
3174 3189 14
861 885 84
1818 1842 6615
6514 6555 2160
6386 6413 7056
3742 3810 122472000
5224 5241 140
1479 1546 1653372000
219 255 20580
702 751 1134
958 969 28
960 971 42
1713 1723 14
2662 2745 587865600
895 896 15821956686
3185 3207 24
4391 4405 21
4984 5008 82231549524
2428 2435 81699956108
392 412 945
4094 4102 12
349 395 30870
6197 6293 2667168000
3588 3623 168
3880 3884 69354894371
2684 2786 52907904000
2908 2977 11907000
1988 2011 48
4554 4569 1440
5281 5333 567000
5022 5045 14
5011 5033 6
4282 4316 39375
6406 6423 2940
5566 5592 168
5203 5205 71275370744
2514 2542 12
2024 2087 72576
5217 5241 17640
1382 1413 840
4520 4556 84
4348 4393 9072
987 995 92233717564
248 278 42
2500 2528 972
168 187 15
4701 4705 86351362839
3249 3257 75
4151 4157 87982761639
141 180 50400
5706 5708 10
4467 4494 67869700416
225 266 1764
1716 1740 504
3176 3190 14
113 164 151200
1907 1955 11760
6 31 12
4041 4063 8
4443 4454 56
3179 3198 28
2742 2848 472392000
6081 6110 6300
4469 4495 22623233472
2811 2898 680400
4870 4883 280
135 180 50400
2156 2177 1350
6634 6672 22680
4134 4152 8
5125 5178 155520
4469 4494 22623233472
4635 4657 1080
5813 5816 15
5038 5069 2100
4976 4996 9
6673 6679 4146386096
3000 3014 20
2018 2046 1728
4581 4584 15
6427 6437 56
207 251 20580
6523 6555 720
4808 4836 112
5693 5706 90
5688 5692 96064648111
5436 5447 18
3598 3638 336
2154 2167 45
6434 6442 14
4694 4700 30
386 407 1890
2895 2966 35721000
4868 4875 14
4761 4780 120
2560 2581 8
3973 3990 168
1579 1612 529200
3431 3534 34292160
4324 4326 77493397096
6610 6655 510300
4908 4923 168
5537 5551 45
5610 5612 38326555848
2259 2264 33988652368
1912 1978 70560
511 549 126
5978 5984 75511088802
5744 5787 1440
4298 4318 35
3969 3989 112
2613 2651 144
4990 5012 27410516508
6606 6646 8100
4093 4102 12
3559 3607 7560
3461 3563 51438240
5553 5591 52920
1763 1799 15120
5698 5706 9
2392 2422 84
2465 2504 22861440
422 469 294
5886 5924 27216
1936 1986 23520
2136 2155 15
6050 6055 64201544587
2024 2079 24192
4922 4955 4704
5108 5145 216
2601 2606 77263751667
4704 4706 86351362839
3476 3591 771573600
4679 4680 7
3730 3806 2204496000
3184 3207 24
5939 5958 18
2744 2852 472392000
5147 5193 38880
3700 3705 10
3081 3110 105
1561 1607 1360800
1867 1923 105840
2602 2606 77263751667
124 176 302400
944 961 168
3030 3102 68040
4461 4485 1571057880
2187 2189 51290250469
3271 3275 15
5790 5799 15
514 619 41821194240
4697 4703 10
5818 5849 210
699 746 1134
3730 3782 2449440
1752 1772 360
100 136 7560
4164 4203 2835
5550 5570 1890
4794 4835 4704
4391 4404 21
5268 5331 42525000
6562 6600 33600
49 86 30
4496 4554 9072
6207 6295 13335840000
6242 6305 529200
2072 2115 340200
473 491 280
1961 2007 192
4756 4774 420
5610 5611 38326555848
5796 5799 15
4136 4152 8
4916 4950 9408
5985 6006 12
5545 5569 5670
2772 2860 8164800
4279 4313 196875
5496 5529 11340
3075 3110 315
5383 5446 21781872
6150 6163 84
4261 4274 45
6254 6316 1587600
768 805 4050
4984 5003 82231549524
5769 5788 8
1424 1428 9
3966 3989 112
4202 4217 15
4449 4477 897747360
4958 4961 50061829632
1223 1261 60
3943 3955 18
1054 1065 35
1659 1671 1050
3961 3985 784
2985 2986 57750385529
3138 3159 30
3948 3960 12
28 34 14
4598 4616 378
1909 1960 2940
5464 5520 52920
512 553 630
4984 5004 82231549524
4318 4326 77493397096
6555 6558 44281191166
1088 1167 105840
3893 3920 1260
36 44 761053663
5563 5591 168
5984 5996 33560483912
3084 3122 1260
5726 5785 362880
5945 5968 18
5689 5692 96064648111
496 509 147
4065 4067 67987710737
5024 5056 420
6093 6124 1680
222 258 4116
1088 1163 105840
4734 4762 210
6381 6402 120
754 784 45000
1262 1275 6270665464
4963 4995 12
2987 2996 31983375026
285 291 42
3750 3820 114307200
4542 4563 1260
6220 6300 133358400
617 627 20
2553 2575 16
2395 2427 252
176 191 40825978355
2451 2488 16800
5327 5357 4320
457 484 420
3288 3302 38538529026
265 286 49
2546 2552 51906483288
3858 3874 147
4913 4936 168
2394 2423 84
3357 3467 1058158080
48 57 2
2353 2376 63
1405 1425 252
1472 1523 36741600
2133 2155 30
749 781 45000
480 496 70
4432 4446 105
6227 6302 19051200
1963 2008 192
5941 5958 18
1322 1376 2540160
4652 4660 42
4010 4024 225
5909 5947 504
111 147 1890
4636 4658 7560
1685 1701 97793435039
1633 1657 18522
3879 3882 69354894371
3700 3708 10
3018 3064 108
2125 2137 30
30 35 14
6048 6049 39760046594
3249 3258 225
331 395 1080450
965 988 21
6324 6337 27
922 943 1260
6315 6321 10919318768
3549 3605 22680
5642 5654 24
6432 6442 28
6165 6168 66232098835
4742 4771 3150
1428 1430 86842651669
2640 2727 195955200
4012 4028 150
5683 5690 96064648111
3588 3635 336
1451 1505 4082400
1529 1598 2449440
4763 4780 120
3726 3775 3061800
6279 6320 3780
1377 1413 840
2129 2143 50
6439 6444 84395712177
2183 2187 14
3576 3612 1512
3312 3403 34992000
5328 5380 3628800
688 732 3024
267 288 98
6081 6114 12600
6245 6313 1587600
5594 5608 210
238 267 18
359 404 13230
633 707 165888000
262 279 21
2024 2105 19595520
6569 6606 800
1641 1665 1815156
4558 4579 40320
628 641 24
3290 3304 38538529026
5943 5962 36
5801 5807 10
3497 3603 100018800
6464 6504 5000
2523 2547 36
450 482 84
3461 3572 257191200
395 450 308700
1227 1270 210
4276 4295 225
3459 3555 8573040
6385 6413 7056
5167 5198 108
1906 1955 11760
5611 5613 38326555848
5297 5340 54000
6557 6569 84
4220 4232 12
4440 4448 14
3714 3762 1530900
3836 3869 980
5530 5531 33231913547
3213 3214 55679247791
1959 2005 192
4572 4579 28
199 236 41160
1654 1671 154350
4599 4626 378
6312 6321 32757956304
3115 3156 4860
4034 4045 8
5216 5221 126
6225 6300 19051200
3933 3955 162
6514 6552 432
4772 4791 60
3498 3604 100018800
1696 1703 97793435039
4959 4966 50061829632
6357 6387 720
2882 2958 23814000
1061 1117 9800
2355 2398 2646
1516 1577 1224720
721 781 2430000
3695 3704 10
2153 2163 9
4056 4064 10
2625 2681 216
6407 6424 2940
113 171 907200
5086 5088 24232364174
2486 2527 1224720
4543 4563 1260
4096 4103 12
2722 2847 14171760000
6576 6611 24
3994 3996 97343243472
3014 3029 32470316250
1266 1276 12541330928
3930 3950 486
3209 3213 55679247791
4599 4645 11340
3664 3701 8
2871 2927 708750
569 621 1382976
4047 4063 8
6672 6679 8292772192
4422 4445 150
2188 2189 51290250469
2168 2181 30
1267 1283 89580935200
1633 1652 882
6164 6168 66232098835
1470 1517 874800
2261 2264 33988652368
2338 2368 3528
5070 5075 4
3183 3205 24
4033 4045 8
395 418 630
1697 1703 97793435039
1754 1773 360
1894 1940 2520
2691 2787 2939328000
888 894 12
3458 3554 8573040
5377 5438 18151560
4587 4599 84
41 56 4566321978
3303 3360 388800
6066 6083 12
4879 4883 20
6261 6316 105840
2664 2748 587865600
5335 5399 53343360
1272 1286 89580935200
5826 5867 2100
2360 2413 5292
1786 1823 10800
4750 4772 210
2285 2295 42
5975 5982 54
5691 5695 10
111 149 3780
4480 4501 23328
1463 1513 6123600
6015 6028 46475946606
5724 5756 22680
2424 2430 12
5631 5643 70
180 191 40825978355
5459 5518 158760
1225 1262 60
5164 5198 540
4764 4787 120
3707 3717 79646171208
5195 5202 18
496 502 49
5050 5075 80
2397 2427 252
1190 1257 7200
3292 3305 38538529026
6050 6066 64201544587
4084 4099 12
6136 6158 185220
6625 6670 1701000
6431 6442 28
5579 5604 420
6045 6049 39760046594
179 191 40825978355
6044 6045 1
4451 4477 897747360
3813 3844 70560
5807 5810 95179716041
310 382 58344300
5125 5170 77760
2230 2243 14
5683 5689 96064648111
2984 2986 57750385529
1437 1459 120
3018 3073 216
1728 1756 1764
1599 1613 6300
2721 2834 9447840000
6326 6340 27
1990 2011 24
3189 3208 24
2265 2283 1568
1699 1704 97793435039
167 187 15
6446 6481 28000
3189 3207 24
13 31 12
6181 6237 3628800
6478 6504 50
4342 4368 28
6300 6321 32757956304
2720 2802 17496000
4525 4557 42
6408 6424 1470
2560 2578 8
3980 3992 294
63 135 2721600
2850 2907 2520
30 38 14
2258 2264 33988652368
5238 5245 61067628493
6008 6009 1
4493 4504 324
3995 4007 189
1910 1972 35280
5456 5498 504
4205 4220 5
5115 5155 7776
961 977 42
165 183 30
1304 1349 49392
4589 4599 42
3655 3673 36
3015 3037 97410948750
6478 6522 150
4958 4965 50061829632
954 966 392
3159 3167 9
2990 3001 79958437565
6171 6221 8467200
2242 2243 1
3762 3835 457228800
4052 4064 20
4448 4475 1795494720
3882 3896 12
3658 3681 12
3007 3023 32470316250
468 486 280
6600 6615 3
941 961 168
2412 2428 36
5446 5481 4536
5876 5893 840
3995 3999 21
4484 4504 46656
1888 1926 180
4759 4777 60
6565 6604 1600
3748 3818 16329600
5240 5246 61067628493
2751 2852 157464000
5329 5381 725760
6002 6007 9
3945 3956 36
4272 4291 675
6164 6166 66232098835
1525 1589 408240
4921 4954 4704
2441 2454 60
3258 3266 15
1602 1613 210
4323 4326 77493397096
1429 1430 86842651669
1956 2002 192
293 295 33381208894
3932 3953 162
3281 3297 70
410 460 20580
1226 1270 420
3955 3973 112
1694 1702 97793435039
802 813 14
49 113 302400
4928 4955 672
5635 5644 10
4157 4158 87982761639
6096 6131 70560
2151 2163 27
5139 5188 38880
4694 4702 30
1781 1822 75600
5615 5632 105
5541 5567 1890
5640 5651 60
2684 2783 26453952000
4505 4555 168
2679 2772 8817984000
6171 6222 8467200
1435 1445 10
2827 2902 7560
3380 3469 4898880
2015 2029 336
1647 1671 22689450
2430 2436 81699956108
537 621 663828480
2773 2869 16329600
2116 2137 30
3708 3717 79646171208
3154 3167 9
2172 2185 70
285 290 42
3704 3716 79646171208
2171 2185 140
3196 3208 12
4865 4874 14
1839 1922 19051200
5663 5688 42
6478 6513 50
922 930 60
5657 5688 42
2785 2894 163296000
1641 1661 129654
4702 4705 86351362839
1322 1360 42336
6118 6137 14700
5533 5545 15
3912 3931 378
3182 3204 24
5329 5390 15240960
5528 5529 6
6330 6366 3240
4252 4263 450
1615 1627 12
4447 4473 1795494720
3737 3808 244944000
1271 1283 89580935200
5043 5071 2100
6172 6234 76204800
497 509 21
5087 5089 24232364174
4326 4329 77493397096
3138 3166 270
1600 1613 2100
6445 6479 5600
5919 5952 12
1383 1419 840
4873 4883 40
6034 6038 21
1178 1244 7200
6230 6305 19051200
606 622 14
3020 3073 216
1735 1761 630
3239 3240 1
4111 4117 64146615900
1681 1701 97793435039
1437 1489 4082400
699 744 1134
6070 6087 36
3659 3694 12
1894 1928 60
3278 3292 35
3300 3313 57807793539
4690 4699 18
5789 5799 15
4041 4059 8
3085 3144 34020
4129 4134 15
2244 2259 20
577 622 230496
866 893 168
4940 4955 28
3709 3718 79646171208
2638 2704 15552
3287 3299 30
6080 6110 6300
3836 3871 980
5491 5529 22680
3794 3835 423360
3007 3028 32470316250
196 212 30
3845 3873 49
6072 6090 90
3753 3822 114307200
1723 1741 504
779 805 18
4261 4268 15
5324 5350 360
2178 2186 14
6339 6386 21600
