8163 6325
7988 7990 10
753 758 315
2915 2922 480
1106 1109 84
1953 1955 15
3819 3824 700
2180 2181 15
7629 7649 288000
6087 6090 28
7841 7844 14
7578 7582 490
7227 7228 14
3791 3794 24
3892 3893 48064398725
2892 2894 2292939582
1204 1211 1120
2943 2947 980
6550 6552 26283001653
6761 6765 15115409480
2960 2962 75
4506 4509 75
8134 8135 12315247482
4394 4395 87897784452
6491 6493 82327288984
7420 7425 70993141524
639 640 15
7366 7369 10
6862 6866 24
5576 5595 3827250000
2711 2739 658409472
5643 5645 21
4563 4570 75367359387
215 220 42
2729 2748 18144000
7579 7583 350
5239 5240 49
2156 2159 4796315284
7729 7732 30
5767 5769 93182343517
7483 7484 90283733733
2697 2708 10080
5967 5970 92313205490
1693 1694 14
1203 1209 3920
2924 2927 45
6454 6464 10500
1139 1143 60
3553 3557 18
2980 2982 58367306142
5164 5168 1050
6958 6966 588
6540 6546 8
453 460 1176
1216 1217 25
1067 1070 42
2561 2571 1008
2295 2298 45
3260 3262 20561542626
2094 2102 1620
188 191 196
7862 7865 40
8153 8156 60
7608 7611 350
2248 2254 18
6335 6349 420000
1426 1428 12
6677 6698 2000376000
3782 3786 126
4960 4964 1050
4096 4099 21
7299 7300 37540611480
2399 2401 69877052382
731 734 20
1678 1680 30
7113 7129 529200
6009 6012 175
6948 6949 64933538064
94 98 105
5039 5040 75207682002
2075 2081 10500
4961 4964 525
1935 1938 60
6098 6103 504
5153 5157 378
2312 2313 82077684291
1507 1509 70
7098 7101 105
2508 2509 70051813583
1936 1947 151200
7050 7053 14
5446 5448 21
881 884 83430827228
2372 2374 9
2452 2467 25004700
671 673 53623279794
2584 2588 252
588 593 252
6968 6970 21
6567 6569 105
6100 6104 168
3737 3746 180
7440 7449 735
4887 4889 21
5962 5965 25
6313 6314 63437050131
1377 1384 7203
1740 1751 226800
6142 6145 20
143 146 60
3684 3687 33810945885
145 150 12
6610 6611 9
7818 7819 99171335218
665 671 112
5338 5349 67200
489 490 43347650419
5560 5564 45
5989 5995 9261
6260 6263 189
2538 2540 28
1408 1409 10
7802 7807 180
7529 7531 15
1111 1112 56954259575
6770 6773 84
2209 2214 1134
5575 5584 60750
2534 2535 21
5521 5522 64952622177
1627 1631 36
3693 3694 72006499506
7423 7426 70993141524
4397 4401 315
1935 1943 2160
391 397 3780
7249 7253 16
517 522 75
2785 2805 1693440
1030 1032 45885140726
146 151 8
6633 6634 9
5385 5387 60507693975
4413 4418 36
2608 2614 72
857 860 40
7614 7620 1008
2099 2104 240
5125 5126 36562269252
4128 4132 200
5873 5875 85400524390
4831 4836 60
6132 6137 168
6280 6281 9
3610 3617 540
5495 5500 15
7356 7361 2205
4497 4499 30
4241 4246 630
1506 1507 35
4145 4146 9
4611 4616 147
6127 6135 1512
4104 4106 42
7998 8003 168
5095 5099 72
2576 2578 78874402330
3694 3696 21
100 104 588
8131 8133 45
5828 5834 378
4830 4836 60
6727 6731 31695374282
2111 2114 20
835 839 35
4864 4873 3888
4442 4452 226800
1662 1666 252
2612 2614 18
2555 2557 12
7238 7244 24
4180 4181 21
2182 2183 21
5658 5659 41659015546
1015 1020 210
4775 4776 21170891880
4519 4523 1050
1860 1861 71900626202
215 221 126
1058 1066 600
4950 4951 14
4016 4019 6
2205 2206 83532544338
4424 4430 90
6580 6585 441
3850 3853 10
7182 7185 8
5846 5859 168000
6147 6150 96594620910
6933 6938 6
6428 6429 67901897902
7916 7918 30
972 977 6860
1828 1831 81966911322
7015 7016 25
7812 7816 105
7415 7418 31115191744
1481 1486 49
5514 5518 30
5520 5521 9
5621 5624 21
7828 7839 960
3350 3360 52920
6074 6076 20
752 754 21
554 558 24
965 970 56
6381 6397 17280
5679 5681 8
4599 4601 49
5576 5590 25515000
7277 7279 10
5102 5109 48
1825 1827 25
7811 7814 69423325044
5214 5220 3920
5737 5742 72
3620 3623 21
5808 5811 42
7845 7849 30
1527 1532 36
615 616 87627553502
3682 3684 7513543530
1830 1838 3024
284 289 294
1029 1030 68827711089
4648 4658 18900
3211 3219 1764
7303 7307 31797217686
5309 5310 21
158 165 3360
4143 4145 21001388064
6270 6271 35
3079 3081 72106183793
6029 6034 1470
3006 3007 52286587343
4511 4512 21974660186
5284 5293 105840
1616 1618 30
3490 3494 42301668560
8152 8154 45
7981 7989 3000
7839 7842 28
3009 3011 90772091664
7309 7311 30
3502 3506 36
3240 3241 74547003068
3300 3301 10
1849 1852 24
5904 5905 14
7199 7201 20
2124 2146 1851776640
1707 1712 588
3659 3660 9
4736 4747 5762400
866 867 9546025833
5398 5407 5040
2234 2236 62666091580
6952 6955 69587715106
504 519 1666980
6922 6924 65382723325
526 533 11340
3895 3897 28
4914 4921 504
4440 4444 180
6759 6764 75577047400
5746 5747 14
1050 1056 420
449 450 62854352848
2997 2998 10
3083 3084 21
6957 6965 588
3003 3006 50
3046 3050 84
5991 5995 441
7659 7662 90
6230 6233 20
6825 6826 95341514970
5857 5859 30
1846 1847 28291402167
8144 8149 144
4221 4222 15
4268 4273 4802
6649 6650 25
2095 2103 3240
6829 6831 14
5404 5408 108
2989 2990 6
6738 6754 648000
6551 6554 17522001102
4825 4836 2880
6774 6777 42
4808 4814 1400
5186 5193 3780
334 335 7
1577 1578 14
806 809 14
7365 7368 10
3211 3218 882
6148 6150 48297310455
222 223 9
3004 3006 10
7978 7985 1200
1679 1680 10
3663 3664 2
4474 4490 7620480
3411 3412 9
6134 6137 12
695 706 5376
4796 4803 8
5020 5028 13230
6040 6045 84
272 275 16571407944
7802 7804 18
2728 2746 3628800
6939 6942 28
459 465 1008
654 661 2520
3513 3517 84
8102 8113 302400
6356 6360 630
556 559 36
7489 7490 9
2682 2685 28
404 410 120
3967 3968 7578335560
58 62 63
4842 4845 56
598 608 555660
1826 1827 25
12 15 60
5461 5463 14
5326 5329 8
701 707 448
3272 3274 25262661414
7695 7696 14
6966 6969 14
4109 4113 420
6953 6956 34793857553
3507 3508 58867504233
5956 5958 99794105020
2887 2892 32101154148
6665 6667 45
5510 5511 84617905840
4777 4779 63
3677 3678 9
4530 4532 30
1319 1321 14
1435 1436 9
4780 4783 735
5683 5686 6372307466
5222 5223 14
6838 6839 95648945691
5328 5330 10
6179 6181 20
1070 1072 19802527112
1095 1097 14
6174 6176 12
3065 3072 2100
112 126 666792
5760 5763 30
5681 5685 19116922398
3879 3880 46206176340
6349 6351 20
8048 8050 19578517394
543 546 49960724094
3933 3940 4410
1230 1233 105
1411 1414 126
2089 2091 30
1968 1969 40355968469
1119 1122 490
7552 7555 21
2840 2841 79038016508
524 525 48532131524
5361 5371 7560
5063 5067 105
4751 4760 36750
4987 4990 26641487054
4267 4268 14
4125 4131 2100
7271 7273 20
6708 6718 20160
8139 8145 5488
7725 7729 18
175 176 2
756 759 45
8003 8005 42
3084 3085 49
1624 1625 35
6983 6986 12
1868 1869 14
7080 7081 15
4195 4198 82010995728
6252 6253 10
3862 3868 24
6161 6162 57560347292
3007 3008 52286587343
3389 3394 16
5609 5618 1764
4103 4104 21
7537 7538 10
760 768 2000
3071 3080 48
4998 4999 87565142576
7689 7695 1512
862 864 15
2339 2340 8570615326
2527 2531 1575
6404 6407 24
1085 1086 78594781718
5630 5633 24
4117 4119 20
4422 4424 13458148004
5749 5751 30
4556 4568 9720
7194 7199 1260
7851 7853 72577881890
3607 3609 78778743420
7813 7816 35
6140 6144 20
4998 5000 87565142576
4556 4566 1080
1822 1825 63
2992 2994 26135748546
4053 4056 36327436436
461 469 1296
4160 4161 9
1971 1972 52095982255
4240 4243 90
749 753 42
7623 7625 12
1726 1730 100
1514 1515 27991045552
4913 4921 2520
1851 1855 8
6809 6812 24
5002 5004 12
7160 7162 28
3270 3272 25262661414
3224 3227 140
1948 1949 14
1376 1382 2401
2645 2651 18
2218 2226 960
4239 4242 90
2105 2106 64347936554
2684 2686 98
341 347 18
3340 3347 90
4404 4407 40
1586 1588 63
6317 6323 18
5431 5432 38551729848
4788 4797 120
1100 1103 60
1687 1694 784
5984 5985 9
6951 6953 29823306474
2631 2632 49
7256 7259 441
2054 2055 9
3968 3969 2
3312 3315 40
1182 1186 36
7360 7368 300
625 627 50
2036 2042 216
7778 7785 540
5938 5939 21
986 989 150
6310 6313 54
4224 4229 1890
2506 2507 15
5036 5037 15
75 83 4480
1891 1894 24
1442 1447 168
4228 4234 3780
7227 7229 70
3421 3423 74109762992
1417 1420 50
3606 3607 91908533990
37 40 10
5658 5660 83318031092
4064 4073 2268
7347 7352 36
5042 5044 20
1525 1528 12
4192 4195 294
167 169 45
3760 3764 8
3324 3325 10
8158 8161 30
7874 7876 42
6552 6556 40884669238
5275 5287 340200
6109 6111 18
6655 6656 14
5325 5329 16
2097 2103 360
1698 1702 150
144 149 30
862 863 15
3883 3884 28895495368
4994 4998 24
1520 1522 49063020338
5089 5090 15
5950 5954 40
5003 5006 12
4189 4194 980
5731 5742 1440
3155 3159 300
3832 3834 30183882939
7805 7808 30
7475 7476 15
4327 4333 32
7951 7955 84458226996
1199 1201 42
4688 4689 4
565 571 108
6562 6568 13230
5700 5703 150
3822 3826 60
7763 7767 150
6447 6449 15
4484 4491 3780
4036 4041 24
7197 7200 140
4555 4563 840
465 470 72
7290 7296 252
2963 2964 10
6268 6269 92192605257
13 17 72
1652 1661 1344
2179 2181 30
2690 2692 53098302012
475 477 10
7997 8002 24
1486 1492 96
1568 1574 420
915 923 648
4164 4165 30921541264
226 228 21
4742 4749 4900
6506 6528 106686720
4317 4321 72
4059 4060 34951128948
2850 2853 30
3554 3565 7560
4544 4551 72030
7198 7201 140
5771 5796 16003008000
7699 7700 10
3315 3316 14
1872 1875 140
5822 5823 14
1804 1818 1176000
3270 3273 50525322828
2834 2836 10
4804 4806 10
1265 1269 735
7108 7110 15
3559 3567 1960
2966 2967 68146406747
1228 1233 735
1674 1678 126
1058 1069 25200
978 979 10566562442
1477 1478 14
2886 2891 28
3739 3750 1944
1034 1036 9
7595 7597 83970133334
2192 2194 59618582240
246 249 126
3440 3443 105
4326 4333 64
4729 4732 30397073112
4606 4607 60761935215
4556 4565 360
5143 5153 2940
4771 4774 36
1296 1298 49632344870
5860 5862 21
51 54 20
7424 7426 18
4966 4968 50797978132
3305 3308 54
1148 1156 4200
6841 6843 45
6117 6126 3780
4788 4794 12
2876 2877 94797014162
4651 4658 1890
44 46 84388997524
7844 7846 10
2181 2182 9
2341 2343 45
6878 6879 73774440588
7433 7434 99165466292
3904 3905 15
630 637 5880
7387 7389 53975227315
7176 7180 27
5164 5167 150
1775 1794 435637440
949 953 16
350 355 48
6465 6467 8
5680 5683 84
1320 1321 14
1899 1900 10
976 978 49
6578 6584 1323
3849 3851 20
2191 2193 23847432896
5312 5317 72
2709 2710 35902566832
3676 3678 45
6885 6889 168
4306 4312 2520
2431 2438 6300
7134 7151 231525000
3833 3835 60367765878
4466 4477 6048
1598 1602 27
4007 4010 35826405622
6801 6803 8
7265 7272 240
580 584 140
4808 4813 280
3146 3151 12
3468 3480 131220
4767 4773 180
2459 2482 1120210560
5917 5925 2352
1337 1343 3780
2904 2905 31686489474
735 736 64999113705
5841 5842 78353090576
3511 3513 75532887695
2570 2573 18
1392 1394 27
6355 6359 945
6556 6559 105
4989 4991 26641487054
5682 5685 9558461199
4097 4099 21
525 532 3780
2854 2857 45
3565 3567 14
7417 7422 12
7911 7915 24
495 508 104186250
6796 6799 10
1473 1475 2
5614 5618 252
7526 7527 73033993336
1790 1811 635040000
4159 4160 15
5234 5240 2352
116 131 31752
742 746 735
4151 4153 85095638110
1155 1162 375
4279 4282 4
1357 1362 405
5256 5257 8193265946
4107 4109 13897804578
5970 5974 294
5758 5763 180
1515 1517 27991045552
4235 4237 12
4579 4582 68032219656
1756 1784 22769316864
4799 4804 10
1958 1960 30
358 363 120
7279 7280 10
1754 1776 203297472
67 70 81
2228 2231 10
7583 7586 350
1662 1669 6300
6486 6488 10
4239 4240 15
7474 7475 9
6714 6719 48
2557 2562 140
3336 3345 450
5367 5372 56
3941 3947 6300
4135 4137 8
6066 6068 20
1139 1151 168000
8033 8037 54
59 62 63
7768 7782 21000
4441 4444 90
231 232 76344330164
6183 6187 1225
4583 4586 210
6869 6872 12
1648 1649 9
5697 5699 72557132886
1268 1271 42
4583 4590 12600
4130 4133 60
2668 2680 432180
5137 5151 1852200
0 3 56
212 215 76245655180
441 449 72
5372 5374 12
857 859 8
7733 7736 29491919966
4497 4500 30
5089 5091 30
7041 7042 74410790151
5107 5111 42
553 558 168
3586 3589 147
4324 4326 12
7090 7092 82518884100
1541 1542 14
6221 6225 72
2372 2373 9
4882 4885 12
705 707 8
7576 7577 18236150814
1764 1788 13282101504
5769 5782 493920
3620 3624 147
771 774 8
4430 4432 70
7681 7683 10
7458 7460 45792839900
6607 6610 63
5752 5753 46622189431
3676 3677 15
7648 7650 12
6596 6597 10
7256 7263 86436
2335 2339 38567768967
637 640 75
1529 1536 1800
4196 4199 27336998576
5048 5050 10
7528 7531 30
6292 6295 75
3985 3989 30
2574 2576 12
6940 6943 28
4417 4421 108
5288 5293 4410
1770 1794 12197848320
467 473 108
7918 7920 105
3429 3432 8
6810 6812 12
1587 1589 19755772605
2427 2437 308700
2499 2502 20
4847 4849 105
4990 4992 53282974108
1575 1578 210
7835 7842 560
6550 6551 9
1788 1805 6350400
1366 1378 12965400
329 335 126
5298 5299 35
3014 3017 91347656868
428 441 36288
1520 1521 24531510169
1614 1617 90
7882 7884 42
3598 3600 18
4064 4067 63
1460 1462 18
6146 6147 92517666620
5160 5161 70819566568
274 280 2520
4046 4054 120
4703 4713 504
5777 5798 3734035200
4678 4679 83254719015
324 334 1800
2087 2091 630
2449 2460 2381400
5293 5294 3
7891 7897 630
2598 2601 8
7553 7556 21
6789 6794 140
7877 7880 18
8046 8047 14
7587 7588 25245126762
4180 4187 2646
8023 8024 65304269022
7889 7892 70
5892 5896 30
1947 1949 28
1925 1926 9
684 685 51215912040
7988 7991 30
2538 2544 672
236 238 18
965 973 784
7852 7860 1080
320 334 252000
3547 3548 35
1982 1994 176400
268 270 12
7962 7965 18
4576 4578 57640550369
2881 2888 16
4381 4389 17640
4042 4043 58713612546
3968 3971 20
3000 3001 21
5576 5588 2835000
2784 2793 4200
6561 6564 294
1330 1333 196
2863 2865 21005322843
640 641 15
2907 2911 39798270816
7457 7458 34344629925
5307 5310 105
2606 2609 12
1213 1217 1050
6914 6916 73295091620
3570 3571 97104565452
7098 7107 31500
2259 2260 9
3587 3591 84
5311 5312 90973580220
1922 1926 126
7580 7584 490
1822 1827 1575
4311 4317 144
4145 4151 630
6200 6217 463050000
430 441 12096
882 886 12
5635 5637 10
4781 4783 245
7021 7029 1440
1270 1276 72
1882 1885 85573220818
7169 7170 14
256 257 16558363180
535 537 18
1118 1120 10
3683 3684 3756771765
629 630 10
4700 4710 1080
603 611 39690
4436 4442 180
7657 7662 1260
833 834 88086083636
6755 6761 80
4764 4766 30
5002 5006 24
7827 7830 67823967108
4579 4581 34016109828
1645 1649 189
4294 4297 18
7490 7492 89010768534
6050 6053 50
3132 3136 21
8089 8092 126
2263 2267 70
6711 6719 384
588 591 28
6121 6132 7560
896 897 21
2265 2268 210
665 670 112
1680 1682 54150555346
76 86 235200
3096 3098 30
4121 4122 38568608980
2067 2075 3780
3996 4003 1575
721 725 882
7977 7978 61444465698
3899 3900 75800448804
3042 3045 24
2587 2596 7290
3706 3710 280
4086 4087 73364860557
1224 1228 9681053234
7223 7225 59961016922
1712 1719 2058
4894 4897 30
135 137 28
5055 5056 10
4867 4875 1944
3888 3891 60
1692 1694 28
5468 5490 35562240
6030 6034 210
6600 6602 8
4660 4668 5880
3368 3391 14817600000
4933 4936 20
3760 3768 648
6070 6074 60
2179 2180 10
6234 6237 43905575036
8075 8076 35
2345 2348 12
4956 4963 1260
3790 3794 24
3596 3598 8
2147 2154 72
5072 5083 238140
5126 5127 10
1603 1604 92215518431
838 843 15
5900 5902 63
1613 1617 450
8094 8096 25
3572 3582 504
6217 6222 504
1139 1149 16800
3293 3296 100
4530 4531 15
396 397 35
3583 3584 74218229703
7130 7131 1840838712
3894 3896 14
6571 6573 45
831 832 14
1324 1326 69676605766
863 867 57276154998
6821 6822 10
4711 4715 28
781 783 12
3261 3262 10280771313
7721 7723 12
4224 4232 37800
7899 7902 68819904976
5380 5384 2058
1944 1948 420
3397 3402 294
7383 7386 54
3107 3109 45
7875 7877 42
5621 5623 3
2626 2631 6174
2226 2229 20
1025 1026 87374529830
3384 3393 3360
3405 3409 42
2996 2998 30
3444 3445 73774959084
7 9 15191121654
2459 2471 555660
1330 1334 588
7869 7873 32
5020 5024 441
4777 4778 9
171 176 42
4583 4585 105
5357 5359 75222520500
1446 1451 980
7620 7621 14
301 302 47619395907
1595 1599 18
6105 6106 35988598200
2075 2079 500
7864 7866 20
398 400 98
2994 2995 26135748546
5928 5931 64208455592
7723 7724 10
570 576 36
5769 5790 266716800
1906 1909 8
6490 6491 72756633101
972 975 140
4878 4884 630
5130 5132 18
6278 6281 54
6651 6652 15
1781 1802 373403520
5883 5885 42
4654 4658 45
4689 4693 16
1313 1317 10
5167 5168 35
1237 1238 82393739603
4131 4135 300
2991 2992 66400323712
5967 5969 92313205490
4012 4013 14
5705 5706 30543947598
1744 1763 311169600
7185 7198 306180
6909 6911 35
5584 5595 945000
284 294 2940
2894 2897 73278383444
3180 3199 8128512
2887 2893 64202308296
6169 6173 180
6876 6877 24575547552
2538 2543 224
2903 2905 63372978948
6884 6885 14
3139 3143 8
1876 1877 57984743772
287 294 1470
6286 6289 28
6798 6803 16
6043 6048 12
5564 5573 205800
5698 5699 72557132886
3065 3070 1050
1508 1509 14
143 148 60
4324 4327 24
7501 7503 14
163 169 6300
4822 4824 34791641408
3248 3253 72
1517 1519 42
6845 6846 7905739893
5984 5986 9
5839 5840 21
7920 7921 8593362792
1591 1593 12
4558 4569 1620
5946 5949 6
1748 1775 99615761280
1789 1806 1814400
2980 2981 29183653071
2252 2259 2646
5397 5404 1260
4337 4338 24117820292
2888 2894 64202308296
5950 5955 80
1571 1576 630
4103 4105 42
4039 4042 12
3810 3818 8100
7052 7055 18
3848 3851 60
1235 1237 245
4425 4430 90
7925 7926 10
7900 7902 68819904976
908 914 945
7521 7524 36
5291 5294 45
2447 2459 3572100
389 397 37800
5175 5181 252
4952 4955 30
5844 5851 1400
7498 7499 62535035978
3732 3734 34858858563
3485 3491 76143003408
4313 4318 48
1684 1693 2352
1917 1919 18
317 323 2940
2823 2831 3240
4184 4189 315
5939 5942 147
4896 4902 720
5822 5825 490
3788 3793 48
4227 4234 18900
3411 3413 18
1784 1805 177811200
4812 4821 9600
3572 3581 168
4763 4764 15
5046 5050 10
4242 4246 315
7462 7470 96
1652 1658 32
7943 7944 10
6483 6484 21
4778 4779 21
2585 2593 1620
1539 1542 70
6753 6754 15
3024 3030 240
4886 4888 42
3290 3296 2000
3937 3942 84
6704 6709 540
3072 3080 48
3714 3716 20
891 894 24
6400 6402 35
6276 6280 108
5359 5367 9450
1005 1012 648
1267 1269 49
6569 6572 210
5601 5605 48
3486 3491 38071501704
3489 3493 21150834280
5673 5677 18
7328 7344 6585600
5041 5044 140
25 35 8064
8141 8145 112
7866 7867 39360872624
1740 1755 233377200
1178 1183 108
6196 6215 132300000
1385 1387 8
1907 1914 48
265 266 44550437422
12 16 120
1346 1351 343
1473 1477 8
6915 6916 73295091620
1868 1872 196
1242 1245 27
7129 7131 9204193560
3905 3909 450
6026 6029 42
2324 2337 10368
1195 1199 84
259 262 28
23 34 16128
7300 7303 24
1994 1999 120
3586 3588 147
2804 2809 294
4026 4035 2268
1045 1048 42
889 894 504
1726 1732 600
3404 3407 63
1544 1547 126
1719 1721 94289445198
4661 4670 35280
7151 7161 2352
3725 3731 196
4608 4609 89660076708
7768 7780 7000
4619 4634 1128960
7584 7586 70
3389 3396 75247398624
7113 7123 144
422 427 112
4411 4417 36
6272 6279 1512
3945 3948 75
6550 6553 52566003306
540 542 37260907528
6173 6175 8
3370 3393 14817600000
7905 7915 720
6041 6046 24
3132 3137 42
2932 2935 70
1336 1343 26460
1257 1260 105
991 995 84
783 785 50466964760
6459 6464 210
5045 5046 90480729668
2383 2385 15
3607 3608 26259581140
2988 2990 42
377 391 1411200
1281 1288 750
5302 5303 21
7684 7686 42
1529 1533 60
7620 7624 112
2525 2531 23625
1740 1743 126
3598 3604 108
4335 4336 14
176 182 28
4484 4492 7560
4893 4896 30
3107 3126 128595600
4813 4821 4800
7493 7494 57938388120
1301 1306 315
6296 6300 168
4971 4972 16221002244
4259 4262 35
3107 3130 5401015200
1911 1914 12
1924 1926 9
6908 6911 35
3302 3303 9
2139 2148 2916
5943 5949 13417407828
6907 6910 10
2237 2240 25
5491 5493 10
6934 6942 168
5968 5974 588
227 230 18
3212 3220 756
3995 4003 3150
2878 2885 280
6636 6637 95558384064
1789 1807 12700800
1258 1260 15
4969 4970 25
514 519 45
4064 4070 1134
3686 3690 54
7053 7055 18
1819 1820 14
2622 2623 15
2711 2737 164602368
2523 2527 135
1160 1162 15
4817 4821 120
3990 3993 14
4914 4926 3024
1619 1624 686
7271 7274 100
3554 3567 52920
4937 4940 8
6670 6673 105
6789 6792 20
2540 2545 336
5433 5435 9
3241 3243 8
1928 1931 18
403 407 12
1071 1074 59407581336
1421 1422 10
3296 3299 24
5019 5022 98
1629 1631 9
1819 1821 28
3466 3471 3150
1371 1378 28812
4322 4323 80466193996
7059 7069 4032
93 98 525
3887 3889 10
220 223 189
3395 3399 65841473796
1179 1184 216
7751 7755 30
1929 1932 18
4589 4594 630
2153 2155 42
1709 1712 42
7529 7533 30
1749 1775 99615761280
4724 4727 8
2245 2249 18
1255 1260 1050
7019 7023 8
5886 5887 82202722122
4139 4141 50
7311 7321 900
3732 3733 11619619521
7953 7955 42229113498
1874 1875 10
4202 4209 3780
2986 2987 31175515393
180 189 120
5155 5157 18
4568 4571 5582767362
4778 4780 63
89 97 630
5977 5980 12
4103 4106 126
4824 4832 288
2182 2184 105
3360 3364 567
577 583 504
5769 5791 533433600
6295 6300 504
2829 2832 210
6946 6947 74109368456
1123 1124 68669170122
2589 2597 2430
7343 7352 144
6628 6629 14
3459 3460 51008714505
626 627 10
7134 7152 231525000
23 26 24
4134 4135 10
2302 2305 56
1724 1726 60955087311
6644 6646 21
7915 7918 30
7168 7170 14
1934 1935 63016964892
4058 4059 29101284826
2441 2442 32379921649
4166 4168 35
382 391 33600
2770 2772 21
5973 5974 14
5380 5383 1029
4083 4085 20
2186 2189 15109667202
6027 6033 1470
7423 7425 35496570762
1144 1151 2800
7042 7049 1800
1164 1168 20
865 867 19092051666
6635 6636 47779192032
1012 1017 60
4039 4041 12
1917 1921 108
2843 2852 7560
2294 2298 135
6599 6602 24
2183 2185 35
5980 5982 21
6659 6663 60
4893 4897 150
8039 8041 18
6244 6250 882
540 541 18630453764
6051 6053 25
3092 3093 15
7664 7667 24
438 447 432
6919 6923 65382723325
3819 3826 4200
638 640 75
1390 1394 108
1425 1428 60
6546 6549 16
801 806 224
530 533 126
884 893 31752
296 298 51656207788
5315 5321 30
7835 7840 280
7405 7406 49
14 18 252
1839 1840 21
6244 6247 18
3273 3283 5400
5548 5551 49441569549
3793 3796 42
2679 2683 20
404 413 1680
4802 4806 10
4788 4793 12
4902 4903 82112849846
1730 1736 1620
6597 6599 92432062212
5453 5456 42
7091 7092 27506294700
3892 3894 48064398725
2151 2154 12
5685 5688 20
3573 3582 504
4702 4713 504
6042 6047 8
8055 8057 12
1438 1439 12420576330
2988 2989 21
1178 1182 36
3283 3296 1120000
2446 2457 4167450
592 593 9
66 67 15
1178 1184 216
3126 3130 294
4419 4421 12
4672 4674 46042778796
8145 8149 72
3315 3317 28
2584 2589 756
3553 3563 7560
4682 4686 84
3047 3050 84
948 952 48
7841 7842 2
5134 5139 15435
4762 4763 15
6828 6830 28
8102 8114 1512000
1117 1119 10
1194 1198 60
525 533 11340
358 361 20
47 51 36
3859 3866 336
796 804 5880
3672 3676 59561576760
5893 5897 30
4064 4066 9
8100 8101 19796662897
1072 1076 12
888 894 1512
1311 1313 98683261031
3849 3853 20
1479 1480 80605182510
204 206 12
1683 1687 12
7476 7477 34882432430
2336 2340 77135537934
1666 1674 99225
5384 5385 40338462650
5938 5940 21
3225 3231 2800
4941 4942 83216069006
4964 4965 10
6358 6360 42
3438 3440 28
2446 2456 1389150
2235 2238 10
693 701 336
4721 4725 84
279 282 525
3397 3401 42
2696 2697 92636464238
6445 6447 3286196384
6374 6392 874800
6485 6488 10
7533 7538 160
581 587 1960
3694 3703 8820
3136 3142 16
1392 1395 81
7159 7162 56
4249 4254 84
452 459 1764
5515 5519 30
630 631 14
4118 4120 20
315 316 56354443611
4705 4715 336
5228 5236 1120
6669 6670 55556827114
5952 5955 40
7801 7802 84344503720
7022 7032 720
2222 2227 240
2728 2747 7257600
5437 5439 12
5208 5215 4116
863 866 6
5460 5463 98
5257 5263 49159595676
5321 5323 55806551199
1514 1516 27991045552
2501 2502 10
1732 1736 162
1101 1104 12
2111 2113 10
2794 2806 14112
6755 6756 4
7160 7163 84
5395 5396 40697297749
3670 3675 23824630704
6730 6734 95086122846
6504 6505 23878952397
2816 2823 504
2435 2438 100
2645 2653 36
947 952 336
2963 2965 20
5629 5631 18
485 487 14
776 780 210
237 240 36
6260 6265 1134
7276 7279 30
5749 5750 10
8077 8084 4536
6306 6312 9450
4820 4822 69583282816
572 580 162
7580 7583 70
3795 3801 140
6080 6087 1260
5557 5561 42
686 688 45
2652 2655 98
3577 3582 126
5335 5348 336000
8079 8085 1512
1545 1549 63
4934 4940 80
5754 5756 8
4062 4066 189
3070 3080 336
4917 4926 756
6667 6668 15
7195 7199 630
2552 2557 360
6872 6875 140
5172 5180 3780
4693 4694 59751771564
7132 7133 84680725974
482 487 280
6292 6298 3150
5940 5943 63
8117 8122 756
5591 5595 150
4300 4302 15
210 211 49
5562 5564 45
4986 4989 10
6320 6334 3704400
1071 1072 19802527112
7237 7244 120
4865 4874 1944
2423 2429 10290
1887 1892 80
4120 4122 77137217960
3917 3940 16074450000
1467 1470 36
6403 6406 36
3959 3966 1512
2674 2680 10290
5061 5064 175
4789 4800 240
6079 6086 630
1206 1211 112
3834 3836 12
2093 2100 1134
6323 6345 10372320000
5255 5257 24579797838
7019 7029 2880
8047 8048 39157034788
4923 4927 6
521 522 5
7967 7969 18
4025 4028 18
2520 2525 162
7849 7850 38630508194
2323 2337 51840
2315 2316 10
2522 2526 135
5131 5133 30
6057 6058 14
1351 1353 28
1423 1427 120
5429 5432 77103459696
4824 4836 5760
7257 7263 28812
902 903 74566544588
7641 7650 288
5723 5725 10
1612 1614 50
5467 5481 40320
5915 5921 168
8124 8128 18
2139 2147 2916
7941 7943 42
54 56 10
6704 6707 36
3397 3400 42
3505 3507 6
7883 7884 14
6365 6366 15
5688 5689 14
3442 3443 15
4667 4672 252
5087 5090 60
7834 7839 80
4115 4119 80
6154 6160 18
2330 2338 648
7732 7735 14745959983
6113 6114 79085723284
5590 5595 450
8050 8051 63767741868
1492 1494 46684883844
4061 4063 42
6284 6286 15
3080 3081 72106183793
7416 7420 12
7133 7148 13230000
6532 6537 560
6307 6313 5670
6834 6836 70
7776 7785 540
3999 4003 105
2940 2945 392
1681 1683 54150555346
5607 5616 588
1593 1595 45
392 397 1890
3501 3505 84
5020 5025 1323
2868 2872 12
7854 7860 216
2975 2980 90
6186 6187 35
6555 6559 105
1544 1549 126
3694 3698 42
2080 2082 21
4660 4667 840
2401 2402 16943277010
3659 3663 18
5215 5220 1960
3057 3058 9
1963 1964 50963298531
3833 3834 30183882939
2122 2142 308629440
1262 1268 14700
247 249 18
305 311 240
4579 4580 17008054914
7512 7520 3600
316 317 56354443611
3637 3638 10
1454 1456 63
4787 4790 14
2559 2566 112
2421 2422 14
3799 3802 32116458548
3500 3503 294
6303 6312 264600
6023 6026 126
2770 2775 315
1121 1123 49
5171 5174 60
7437 7442 315
4399 4401 105
3757 3759 8
4622 4639 33191424
2828 2831 90
1404 1409 1750
271 272 4142851986
8142 8149 2016
1139 1145 120
2793 2806 28224
1645 1647 21
7863 7865 20
6662 6663 10
959 960 7732265348
3455 3459 7595428940
2323 2330 480
1899 1901 20
1055 1057 80058167200
2917 2924 840
3383 3393 6720
282 287 140
6145 6146 92517666620
4374 4377 42
95 98 105
3085 3087 35
7242 7251 480
5607 5612 14
1524 1527 36
715 722 3780
7589 7593 12
6427 6428 33950948951
2479 2492 20160
1643 1647 126
550 555 196
717 723 756
4803 4806 10
7949 7954 24
6774 6778 84
4211 4213 43604366280
6467 6472 840
7937 7939 21
2120 2132 264600
6525 6529 180
1704 1708 112
3062 3065 8
6896 6897 10
6164 6172 1800
6 9 30382243308
365 368 84
6425 6426 35
2235 2240 50
1480 1486 147
3493 3501 13230
3900 3904 60
4302 4304 30
448 450 62854352848
2037 2042 216
2277 2279 12
7934 7935 15
4487 4494 7560
5834 5837 42
1161 1163 37132423105
3484 3487 24
3094 3097 12
616 618 87627553502
7204 7205 7
550 554 98
3203 3206 54
274 281 17640
3763 3770 486
8118 8128 20412
1421 1426 600
1015 1023 5670
266 268 8
7272 7274 20
6811 6814 18
5505 5507 64671262187
3321 3323 18
780 783 84
7480 7482 10
3989 3992 28
3038 3040 27
4492 4495 12
1704 1706 8
1411 1413 63
4112 4115 56
703 707 112
6874 6875 14
6761 6766 75577047400
3542 3545 9
6660 6663 20
5769 5778 8820
5359 5360 35
1584 1586 21
292 296 20
5998 6006 3240
5947 5953 40
1870 1872 14
4108 4110 147
6303 6305 28
543 545 49960724094
14 19 756
4567 4571 16748302086
1047 1048 14
3049 3050 14
7525 7527 73033993336
3880 3881 46206176340
5485 5493 840
1682 1686 12
4517 4521 280
2328 2337 864
5371 5374 24
7891 7898 1260
2347 2349 28
2590 2600 3240
6712 6719 192
4740 4749 19600
15 19 252
6677 6699 2000376000
2687 2689 47092639712
1368 1378 864360
332 335 63
4894 4898 90
3675 3676 2127199170
7805 7810 53114349540
7738 7739 69085239540
3771 3776 378
753 756 105
3368 3372 20
7446 7450 70
5600 5604 120
1295 1296 19852937948
8089 8091 18
194 198 420
1393 1395 27
5656 5658 10
4905 4921 2646000
5801 5810 3920
5651 5653 63
4337 4340 72353460876
2421 2428 144060
6708 6716 3360
272 273 2761901324
2213 2221 288
3307 3311 567
1993 1998 300
1680 1681 54150555346
4473 4484 84672
3483 3486 12
5931 5933 10
2260 2261 21
5528 5539 3200
3730 3733 23239239042
2329 2338 1296
6004 6009 108
8031 8034 18
7811 7812 69423325044
192 198 2520
6593 6596 30
2808 2811 294
5635 5644 1680
435 447 2592
1243 1254 26460
2455 2467 555660
5026 5035 560
6419 6426 630
796 805 11760
480 485 140
4774 4776 63512675640
3760 3765 24
6844 6846 23717219679
5772 5797 56010528000
1289 1293 12
2961 2964 150
1816 1820 112
4105 4107 3970801308
2856 2857 15
4200 4209 7560
2057 2072 15002820
2461 2490 8961684480
4004 4006 15
711 715 270
6988 6992 75
3395 3398 32920736898
5132 5138 51450
7451 7454 14
3968 3975 560
8039 8042 126
3787 3788 56661095967
1600 1603 9
4646 4658 37800
7294 7296 9
7151 7162 4704
1827 1829 68305759435
46 51 36
4325 4329 32
6534 6545 560
5769 5793 2667168000
1425 1427 30
4442 4457 396900000
4637 4639 147
5709 5718 864
2067 2073 945
1743 1760 155584800
7088 7090 27
3714 3715 10
554 559 72
2306 2308 53614809460
5433 5437 90
4248 4250 30
7468 7471 8
4540 4546 120
8041 8042 21
3771 3773 42
6957 6963 294
2115 2117 81232542998
1108 1111 20
3888 3889 10
3825 3827 721754424
1576 1578 42
4792 4801 240
2908 2913 32
583 591 3920
6856 6858 15
871 873 25
1587 1591 79023090420
2526 2531 7875
2342 2343 15
7807 7810 5311434954
2893 2895 36639191722
5370 5373 12
796 800 105
3549 3551 30
2174 2176 45
5675 5678 30
7662 7663 59554865055
1992 1998 300
4198 4207 2520
746 747 96389022106
4930 4935 120
189 195 5880
2071 2076 540
8077 8082 324
4917 4927 756
5085 5087 18
6408 6409 80949078158
4088 4090 10
7166 7168 22806069216
3475 3480 81
3713 3715 20
4915 4926 1512
1389 1392 84
5465 5466 41378922200
662 663 68072152704
6737 6748 21600
2056 2069 1666980
4595 4601 1470
2980 2983 58367306142
1697 1698 91346240967
3362 3366 270
6869 6875 840
1533 1536 150
1154 1159 75
2831 2835 70
2225 2228 40
6025 6029 126
193 198 1260
4924 4928 15
4110 4113 140
3175 3192 108864
1223 1228 19362106468
3915 3916 88618821255
7377 7379 76262497928
2387 2388 87866755320
1952 1955 45
4388 4389 35
3477 3480 27
4992 4998 240
2558 2566 560
2241 2243 77155992560
1419 1421 25
7966 7967 9
4266 4268 98
6690 6703 95256
7585 7587 20
5769 5779 61740
214 220 42
911 922 22680
2859 2860 14
3577 3583 126
4234 4237 36
6215 6222 7056
399 400 14
2729 2750 108864000
2002 2005 12
2699 2708 5040
7822 7825 45
6709 6719 13440
452 457 36
1831 1838 1008
5388 5389 93328154908
7513 7521 2400
7373 7378 8
2414 2416 79291366056
756 758 15
7062 7079 20744640
409 417 672
4083 4084 10
5316 5322 45
4616 4617 14
3864 3872 600
5043 5044 10
5708 5709 10
6294 6300 504
5419 5420 91934244466
6311 6313 27
4975 4978 42
5893 5900 180
7193 7198 1890
2163 2169 2940
6738 6752 43200
5077 5086 34020
5347 5349 8
410 417 336
440 448 108
3956 3962 96
6277 6280 36
7477 7480 48835405402
7535 7538 40
1011 1014 12
1174 1179 43323798582
4173 4177 8
7661 7662 15
1440 1443 12
4995 4998 12
5860 5861 21
5881 5885 252
2797 2807 4704
8008 8012 686
7321 7342 10164873600
5558 5563 54
3336 3339 15
8001 8005 84
6955 6958 14
5389 5391 8
7945 7946 43442255808
7701 7702 74038609700
802 806 112
3493 3500 1890
6608 6610 9
2218 2227 1920
3708 3710 20
1512 1513 91554395135
1992 1997 60
7612 7613 72706202375
1944 1949 2940
2829 2833 210
1105 1109 168
6969 6972 63
4268 4277 28812
28 36 672
7408 7411 70
4367 4374 900
3896 3898 8
3845 3847 64451898024
2382 2384 15
7200 7201 10
1149 1157 600
4 9 60764486616
2085 2089 210
780 781 21
1306 1311 10
6253 6254 25
4672 4673 23021389398
3911 3913 84960842304
493 503 157500
7472 7473 57397682319
4344 4348 9
7103 7108 750
1987 1994 1260
406 416 20160
2995 2997 30
2902 2904 12
7409 7412 70
1334 1338 1470
7378 7379 76262497928
836 840 35
4729 4733 60794146224
5957 5958 49897052510
6597 6598 30810687404
679 681 42
7961 7962 9
3256 3260 60
3392 3396 18811849656
6703 6706 54
7771 7784 12600
1015 1022 1890
7178 7180 9
5517 5521 45
5112 5115 210
3271 3273 25262661414
1032 1033 58656020112
6011 6015 350
6552 6554 5840667034
620 625 120
3015 3017 30449218956
1710 1718 4116
4796 4804 40
2523 2530 14175
4513 4514 54431451760
1023 1024 9
5062 5064 35
5272 5280 4500
6090 6092 96878515586
3831 3833 70429060191
6656 6657 78372221318
613 614 9
2759 2762 196
2567 2572 27
4005 4007 30
6471 6473 12
4419 4422 24
2188 2191 18
6040 6046 168
4710 4715 56
485 488 98
5211 5215 588
5217 5220 140
2143 2154 864
237 243 540
5759 5763 60
2038 2042 72
1887 1891 40
7626 7627 40781167938
5118 5124 2700
4547 4552 14406
5470 5493 35562240
996 998 18
7425 7429 24
4524 4525 9
817 819 49788218033
7393 7396 21
2160 2162 21
3218 3221 36
1105 1108 84
3817 3823 3500
6282 6283 99912354996
7288 7293 392
5949 5954 80
3190 3205 653184
2265 2271 1260
3610 3620 22680
2353 2357 196
4214 4218 31303461636
1234 1235 7
7169 7171 42
1612 1613 25
3681 3683 18
4841 4844 16
177 188 840
598 603 756
3279 3293 1680000
6404 6406 12
7393 7402 2520
3061 3065 25017175848
3053 3055 18
7788 7792 36
7073 7079 2058
6839 6840 31882981897
7627 7642 24000
3734 3739 300
6153 6160 18
3978 3980 76380531640
4216 4220 54
3211 3214 49
2394 2396 12
5022 5032 7560
7469 7472 76530243092
4195 4199 82010995728
1538 1541 10
394 397 210
923 924 15
4990 4991 26641487054
6999 7000 14
7748 7753 36
737 741 70
1003 1012 4536
2337 2340 77135537934
3403 3404 71722766559
1446 1450 196
7428 7430 2
4317 4320 24
4175 4177 8
3871 3872 10
7447 7451 14
1219 1220 15182539488
1855 1859 24
7278 7280 10
2056 2057 14
3202 3205 81
4528 4531 45
2364 2372 11340
5554 5555 21
7598 7600 30
5170 5172 66429309108
7753 7755 15
2655 2656 14
1376 1383 2401
544 547 16653574698
2262 2263 57006759479
3725 3730 98
159 167 10080
359 364 180
6977 6980 18
5911 5915 28
7669 7675 630
7313 7328 777924
5088 5090 30
7971 7973 21
3537 3543 630
7891 7900 1260
5460 5462 98
3423 3424 74109762992
2122 2145 1234517760
2376 2380 36
2345 2349 84
1453 1455 21
125 131 21
7212 7214 20
6671 6673 105
427 431 36
2464 2492 6401203200
7872 7876 168
3589 3593 28
3456 3459 3797714470
3090 3093 210
373 379 120
6670 6672 15
5589 5595 1350
6359 6360 14
2296 2298 45
5985 5987 15
1982 1989 2940
5522 5523 43301748118
1001 1003 21
1943 1948 1260
6374 6396 3499200
1181 1186 108
1066 1070 210
2252 2258 882
2791 2806 56448
1622 1625 70
516 519 45
4107 4110 97284632046
5096 5104 576
5197 5208 210
7288 7290 14
6316 6322 42
361 366 1890
1402 1406 350
4455 4458 100
6754 6756 12
407 416 10080
2522 2525 27
6080 6088 8820
3640 3644 441
5889 5890 72836532992
2818 2830 136080
4348 4352 630
7345 7352 72
2838 2840 28
3336 3340 30
2618 2622 420
1402 1404 70
5929 5931 64208455592
3511 3512 75532887695
5594 5595 10
5833 5836 42
1925 1928 36
7388 7389 53975227315
4016 4021 12
7107 7109 25
5047 5050 10
1221 1224 12
1583 1584 9
5077 5084 3780
5960 5963 25
6833 6836 140
2738 2750 72000
2686 2687 14
1975 1978 99180396355
114 131 666792
347 355 144
3737 3748 1080
2558 2564 280
3664 3668 42
4171 4173 17209411875
3135 3140 24
582 589 1960
1166 1170 10
1412 1414 42
5915 5920 168
4431 4433 14
3014 3016 91347656868
1366 1377 1852200
5256 5259 8193265946
1653 1665 56448
4272 4282 672
3863 3870 120
4337 4339 24117820292
4878 4880 35
7841 7845 70
3313 3316 140
6895 6896 15
1312 1313 98683261031
571 577 54
2968 2973 48
7250 7253 8
4547 4551 7203
7664 7666 12
4681 4685 126
5536 5539 8
881 883 83430827228
3857 3865 336
2423 2432 61740
6055 6056 17965239503
4157 4158 75586926285
1473 1478 56
4833 4837 60
5992 5995 63
2028 2039 1350
1931 1933 30
1893 1897 60
2371 2373 27
4147 4151 70
4432 4434 14
430 443 36288
6843 6844 9
5526 5537 16800
2264 2268 210
3358 3362 126
2229 2232 10
7710 7719 120
5526 5531 840
2774 2775 15
5422 5429 1512
7610 7611 10
3042 3047 48
4009 4010 17913202811
6110 6112 12
5503 5505 76833055819
6423 6426 35
8061 8070 1800
1981 1983 35
7632 7649 57600
875 880 48
956 957 14
2328 2338 2592
6353 6355 63
7768 7773 70
2861 2864 9
1891 1895 24
1945 1949 420
3427 3428 97463519254
2134 2147 489888
7112 7120 90
3718 3728 32928
5986 5988 21955054720
3937 3941 42
6033 6036 147
1686 1693 784
1227 1233 735
1424 1427 60
7462 7469 48
2040 2045 240
4566 4570 25122453129
872 873 25
481 486 280
155 159 16
2253 2260 2646
436 447 864
7768 7776 350
5000 5003 12
1079 1081 105
7817 7818 16631353778
1984 1994 35280
3655 3656 55235411547
2041 2045 120
5133 5139 77175
1959 1960 6
139 142 58796031014
1373 1380 100842
7672 7675 30
1162 1163 37132423105
6889 6891 12
6550 6554 52566003306
2804 2808 98
2314 2316 10
2360 2364 54
6123 6134 5040
6338 6351 168000
481 487 280
2910 2913 16
3307 3314 11340
3686 3691 108
7983 7990 1000
2625 2626 49062265839
1574 1576 45
1863 1869 2800
7474 7476 45
3057 3059 45
2370 2372 63
5735 5742 360
3259 3261 30
7920 7922 17186725584
7044 7049 360
532 533 9
3066 3074 6300
1597 1601 18
6038 6039 18727391927
1439 1443 60
3252 3254 12
3254 3256 8
2066 2073 945
1445 1448 28
6513 6529 2963520
3297 3301 120
6140 6142 10
8038 8041 54
110 112 86985598858
38 44 60
7978 7982 24
5734 5742 360
168 169 15
5748 5749 10
5660 5663 12
6990 6992 15
3365 3366 10
7011 7015 60
4721 4726 168
5381 5384 294
2616 2618 18
6505 6506 15919301598
7675 7676 39167525057
1070 1071 19802527112
8036 8038 18
8045 8047 14
316 318 56354443611
6579 6584 441
7470 7472 38265121546
7522 7526 36
4531 4532 10
1165 1170 20
3638 3643 126
36 39 10
3540 3545 63
3116 3130 1428840
2523 2529 4725
6974 6975 10
6317 6332 226800
7270 7272 10
683 684 2
4384 4389 1470
6020 6021 26733017008
3968 3974 80
2838 2839 14
3650 3651 15
5642 5644 21
1332 1337 1176
4166 4169 105
7595 7596 83970133334
4197 4199 27336998576
1851 1856 16
5913 5917 12
3793 3799 420
317 328 294000
3946 3948 15
5141 5152 2520
7371 7376 280
6172 6174 12
922 924 45
8093 8096 175
4446 4458 8820000
2303 2306 16
4212 4213 21802183140
3590 3594 196
7486 7490 90
6231 6233 10
6577 6582 1323
2570 2574 54
4506 4508 15
7649 7651 12
6733 6748 583200
7731 7735 73729799915
5947 5954 80
4210 4213 43604366280
2423 2433 185220
4645 4658 264600
1490 1493 12
2916 2923 1680
1474 1478 28
1601 1603 3
2078 2081 210
4688 4693 32
5874 5875 42700262195
8075 8078 210
1347 1352 98
4680 4683 84
4336 4337 24117820292
410 422 2688
5433 5436 45
864 867 19092051666
2808 2809 21
2827 2831 180
2218 2224 96
1144 1153 5600
7725 7730 36
3051 3052 78634582532
1976 1978 99180396355
1606 1608 35
3061 3062 6254293962
4068 4073 36
4981 4987 420
2523 2531 70875
7968 7970 18
372 377 40
1895 1897 10
658 662 36
5020 5027 13230
3800 3802 32116458548
6315 6316 35
1145 1153 2800
5659 5661 83318031092
5997 6002 180
202 205 12
3503 3506 12
2643 2645 56041075078
3303 3304 88176802005
1001 1006 84
6182 6183 81797225737
6926 6932 36
4292 4297 108
4404 4408 120
552 557 168
4025 4032 3402
595 597 98785031792
4275 4282 48
8019 8022 100
5523 5524 14
6261 6265 162
4864 4872 1296
4514 4515 15551843360
7948 7954 72
2895 2898 73278383444
4420 4423 80748888024
1681 1682 27075277673
5233 5237 48
5635 5641 80
1440 1447 672
8030 8033 54
7809 7810 1770478318
7606 7611 1400
3826 3827 360877212
2932 2938 980
3097 3098 10
6695 6703 1134
5576 5591 127575000
4619 4632 564480
664 668 28
1356 1360 675
5197 5215 864360
6067 6070 90
4346 4352 630
7087 7089 27
4390 4393 60
3974 3977 294
8121 8128 324
805 809 28
1375 1382 4802
7725 7731 180
7402 7403 15
711 722 204120
4197 4200 54673997152
4389 4393 420
5343 5349 560
7165 7166 54105773690
3644 3646 28
454 461 3528
5101 5104 8
5818 5820 50
1355 1357 75
4660 4663 28
7574 7576 5210328804
1489 1492 24
7076 7081 315
1465 1470 72
2407 2409 28
5417 5418 9
7306 7307 15898608843
3333 3335 61554909465
6150 6151 48297310455
259 263 140
7668 7669 82394398028
3296 3301 240
4824 4828 48
3061 3063 12508587924
2571 2576 72
3273 3293 60480000
5454 5456 42
3886 3888 10
2623 2624 9
5178 5185 32
7815 7816 35
387 394 2160
3637 3640 30
3367 3370 5363585756
2754 2758 16
1268 1276 504
796 801 210
8025 8029 42
3648 3649 47042218919
6401 6402 7
1570 1576 3150
896 898 105
6941 6945 56
2003 2006 24
1951 1954 225
2818 2824 756
3032 3033 35
7507 7514 11340
1254 1260 1050
3940 3945 2940
7676 7677 78335050114
7449 7452 98
7405 7411 17150
6087 6089 14
6968 6972 63
196 203 1890
650 651 48310746508
7264 7272 480
1127 1129 14
6006 6012 2100
3107 3110 45
6696 6706 20412
3940 3942 28
853 854 70744928075
5182 5190 720
2054 2057 126
1058 1068 8400
2518 2519 9
5738 5742 36
5423 5429 1512
4231 4236 840
2228 2230 10
7161 7163 12
7529 7535 120
6272 6280 4536
2410 2413 15
1347 1353 196
756 760 45
5446 5449 21
2779 2788 367500
5745 5747 70
4114 4116 28
312 314 45
4012 4014 28
4372 4376 18
1954 1955 5
4245 4246 35
6505 6509 95515809588
5118 5120 27
2039 2042 24
4981 4988 840
6601 6603 8
687 694 4410
591 593 18
720 723 126
4264 4265 53019510684
6291 6295 150
1715 1720 12
302 310 2520
1084 1085 78594781718
5856 5859 60
4952 4957 60
1314 1317 10
1815 1820 784
8025 8028 14
5351 5353 83079399444
5411 5412 71353992951
6600 6603 16
788 789 94021986282
263 264 15
5993 5995 63
2556 2561 210
2304 2307 16
7342 7345 8
6728 6734 95086122846
5082 5087 540
199 203 45
2450 2463 7144200
2919 2927 2520
5423 5430 1512
784 785 25233482380
5898 5902 126
4514 4516 15551843360
5700 5702 30
7788 7791 36
6998 7000 42
4109 4110 21
1734 1736 27
1923 1926 18
4106 4108 13897804578
897 898 15
4391 4393 20
2012 2014 58648351329
3970 3975 280
1377 1386 28812
607 614 10206
3488 3491 6345250284
6410 6411 14
4466 4473 216
4395 4398 9
7116 7130 88200
6447 6459 4500
8056 8058 12
7025 7033 600
189 198 246960
6540 6547 16
598 607 79380
6919 6924 65382723325
1674 1679 630
7587 7590 50490253524
2075 2078 100
831 833 28
3757 3760 16
5063 5080 83349000
7993 7997 36
646 649 35
7198 7200 28
2151 2155 84
60 62 21
5708 5718 4320
699 707 2688
5617 5619 18
7527 7528 73033993336
4064 4072 1134
3449 3455 720
922 923 9
860 863 75
569 576 36
4970 4971 10
7901 7902 68819904976
4866 4874 972
3156 3170 4762800
3178 3194 48384
6461 6464 30
4144 4146 63004164192
6745 6754 3600
3273 3280 180
5368 5373 168
4411 4418 108
4501 4502 65356120370
6346 6351 300
6223 6227 36
6598 6600 92432062212
3092 3097 180
6633 6635 9
3689 3692 12
6933 6940 12
3966 3968 22735006680
6178 6180 8
604 613 119070
7678 7679 72856039062
7321 7338 635304600
3812 3819 2700
2678 2681 10
3876 3879 12
7586 7587 10
292 294 10
3640 3646 1764
1598 1603 27
7047 7049 18
6010 6012 175
3985 3991 60
271 273 8285703972
7792 7793 70444237690
83 96 44100
4333 4334 85896487438
2292 2293 80473434300
2618 2621 84
7141 7158 2940000
1457 1458 78111208981
8156 8158 10
5433 5434 9
5486 5493 120
7068 7079 864360
7533 7535 8
5461 5464 98
4495 4496 93116156289
7048 7052 42
4720 4723 294
3215 3220 108
5743 5744 34255593423
2572 2576 72
459 463 252
5294 5298 14
3539 3543 63
2201 2203 98
6706 6710 420
2968 2974 96
1735 1736 9
7491 7492 29670256178
6272 6278 756
1706 1708 28
5965 5966 91001889357
6546 6548 8
5879 5882 18
2782 2788 5250
5250 5252 20
1535 1536 10
4223 4226 126
6773 6777 294
7126 7130 3675
1516 1518 14
6566 6569 315
7214 7216 10
3059 3060 35
1844 1847 56582804334
2018 2019 35
2233 2235 62666091580
5148 5156 2646
6917 6918 6
6025 6028 18
6135 6138 42
5675 5681 240
929 941 7560
1530 1536 900
7094 7095 14
8033 8034 3
7226 7227 14
7077 7081 315
2247 2251 9
7438 7449 11025
8093 8095 35
7768 7769 5
237 239 18
687 690 90
415 422 48
5325 5328 8
8001 8003 14
659 662 18
2437 2438 10
8010 8013 14
4056 4057 27245577327
2801 2807 392
1487 1492 96
7745 7750 126
3349 3352 210
537 538 55215996712
7929 7930 40009336044
51 56 200
6858 6860 30
7185 7190 18
6953 6957 69587715106
2213 2216 18
4647 4658 37800
3684 3685 3756771765
489 491 86695300838
1095 1098 98
7926 7927 10
3835 3846 36288
1039 1040 15
3039 3040 9
6194 6198 28
7744 7747 63
3973 3975 28
6506 6512 108
1869 1872 28
7694 7695 14
6827 6829 42
7382 7384 12
5080 5087 3780
1341 1348 3528
1243 1260 27783000
4643 4644 70979126048
1694 1695 96164535574
1239 1243 108
7477 7479 48835405402
3448 3449 10
5266 5279 170100
3936 3940 147
4142 4143 49536485185
397 399 343
6717 6719 12
6766 6767 15
840 846 18
1593 1594 15
4609 4610 89660076708
5792 5802 73500
5240 5242 175
2284 2291 315
7419 7423 23664380508
1871 1874 56
4788 4798 240
3237 3240 37273501534
160 169 75600
6898 6900 42
4027 4037 2268
6910 6913 35
1859 1860 71900626202
825 826 79864392620
2636 2637 78079229497
1422 1427 240
738 745 25725
3312 3314 20
1455 1456 9
5971 5974 294
4999 5000 87565142576
7800 7801 84344503720
6534 6544 560
2133 2146 489888
6856 6860 150
3904 3907 135
6565 6569 630
443 449 36
5968 5971 14
7942 7944 30
2043 2046 90
4617 4619 86798040440
7447 7452 98
7036 7039 24
1268 1273 42
4088 4091 10
1544 1545 14
25 36 8064
2530 2531 15
7473 7474 9
7844 7847 30
2653 2655 49
1280 1286 75
2630 2632 343
3417 3421 100
1926 1930 36
789 793 24
5588 5595 9450
2970 2978 432
2890 2894 4585879164
3767 3770 54
7497 7498 10
3478 3480 9
5680 5682 12
5870 5874 36
7075 7081 2205
7749 7753 18
3434 3435 15
6249 6251 21
7936 7939 42
6706 6713 3360
3874 3879 72
7603 7604 9
4472 4483 84672
6060 6061 68726052490
708 711 85551011016
4816 4821 240
3426 3428 97463519254
1074 1079 84
7692 7695 84
7804 7808 90
7731 7734 73729799915
6672 6673 21
4198 4202 12
5295 5299 70
6579 6585 1323
987 989 30
1740 1747 7560
2373 2376 98632638456
1588 1591 26341030140
7851 7852 72577881890
7239 7248 720
4434 4435 92486593942
4653 4658 315
463 469 144
2611 2614 36
630 638 29400
6118 6129 68040
909 922 68040
7480 7483 10
6581 6590 166698
2446 2451 882
668 671 28
5465 5467 82757844400
7887 7891 56
6654 6655 14
3670 3673 8
188 192 392
7242 7253 1920
5118 5121 135
4638 4639 21
1729 1733 120
5794 5810 11524800
6532 6541 1120
5359 5366 9450
1955 1956 58586217438
3406 3411 90
5305 5306 24920964538
7967 7970 54
1987 1995 2520
3461 3466 750
3316 3318 98
2704 2708 252
4756 4760 10
367 377 1920
3815 3821 2100
312 315 135
2685 2686 49
1373 1381 100842
4599 4603 343
7439 7449 3675
7083 7089 378
8029 8033 162
1431 1435 18
994 997 126
7748 7752 12
1488 1492 48
7939 7941 98
137 139 49
3099 3100 57807112766
5563 5569 7350
1981 1988 2940
4400 4401 15
4423 4427 40374444012
67 69 27
6897 6899 12
1556 1561 900
2995 2998 60
8023 8025 65304269022
3307 3313 5670
6553 6558 42
2402 2403 33886554020
1214 1217 525
5884 5885 21
2070 2076 3780
4091 4093 34420354774
3399 3402 42
6759 6763 10
611 614 54
5214 5218 392
7329 7345 1881600
848 850 42
1291 1295 16
1093 1097 84
83 94 6300
7844 7849 30
5728 5735 120
8080 8085 756
5124 5125 36562269252
6942 6946 8
4786 4787 14
1341 1344 36
7079 7081 15
2531 2535 735
6881 6884 140
1226 1229 67767372638
7471 7473 57397682319
2804 2807 14
5859 5861 63
2348 2349 14
5563 5573 617400
3249 3254 144
5226 5227 10
5701 5703 50
3686 3689 54
2048 2049 14
5791 5798 5880
6962 6969 28
284 291 294
2991 2993 66400323712
3239 3241 74547003068
5275 5286 170100
5563 5571 154350
6475 6476 71856077402
3709 3711 20
7954 7955 21114556749
1194 1199 420
50 53 40
4218 4221 90
6137 6138 14
7824 7825 15
5266 5278 170100
2814 2817 8
1221 1223 12
1519 1521 73594530507
6803 6805 20
1529 1532 12
143 147 60
3224 3225 14
2654 2655 49
2213 2218 72
3756 3759 16
6235 6237 21952787518
1015 1024 17010
7185 7195 2916
1017 1024 5670
6963 6969 28
3010 3011 45386045832
857 861 40
7552 7556 147
5761 5763 15
5081 5087 3780
3300 3302 30
4423 4425 20187222006
6598 6599 46216031106
4346 4351 126
7095 7096 21
2638 2642 210
7449 7453 98
4114 4119 560
5613 5618 252
4035 4041 48
3437 3440 28
722 731 58800
3266 3267 92370525000
3064 3068 150
5008 5013 54
264 265 66825656133
5952 5957 80
7873 7876 84
1283 1290 2250
4767 4770 15
2074 2077 100
5941 5943 63
6037 6038 82606746716
5121 5124 100
4745 4758 2572500
7769 7782 4200
4427 4431 30
5211 5216 1176
3149 3153 18
3274 3293 30240000
5172 5176 270
6042 6048 24
6303 6311 88200
726 734 800
4153 4154 78030459521
1297 1306 6300
6599 6601 12
3306 3308 18
713 722 34020
3705 3707 42
5240 5241 35
4891 4892 70565648446
7994 7998 36
7630 7649 288000
1335 1338 490
5405 5409 180
6027 6030 21
6571 6575 630
1990 1997 360
7047 7050 18
7106 7109 50
6649 6651 75
718 723 252
4721 4727 336
4044 4047 60
3568 3569 15
4709 4715 56
814 815 49
987 990 150
2485 2502 1728000
4736 4744 82320
3293 3297 200
4533 4534 10576912590
6830 6835 56
3140 3143 8
5727 5729 10
7621 7625 48
2321 2322 63530638777
3907 3910 90
7407 7411 350
4095 4098 21
1829 1837 1008
5702 5703 10
1565 1569 30
3706 3709 140
4841 4845 112
259 261 28
6152 6153 99148774409
6252 6254 50
7471 7472 19132560773
621 625 60
4554 4563 2520
8062 8070 360
6316 6323 126
5139 5152 52920
5932 5933 10
6821 6823 30
6977 6978 9
2776 2777 74805183370
7599 7600 10
6649 6652 375
654 662 7560
1109 1111 10
1877 1881 30
4018 4022 83534779628
6510 6529 26671680
7675 7677 78335050114
2297 2300 54
5149 5157 5292
4965 4967 50797978132
5280 5287 7560
1243 1258 5556600
2095 2102 1620
5275 5285 56700
2981 2983 58367306142
1170 1173 250
5109 5114 882
859 861 10
535 536 9
3615 3621 2940
3846 3847 21483966008
5021 5028 13230
3052 3054 12
5218 5220 20
5377 5383 6174
6808 6812 72
7560 7561 94439069754
5086 5089 60
7501 7509 630
5549 5551 49441569549
3536 3543 1260
1459 1461 18
1043 1048 210
2305 2307 8
6315 6321 210
1684 1690 168
1366 1372 6300
1027 1029 12
4441 4449 22680
6240 6246 180
5181 5190 1440
5641 5644 21
1602 1603 3
4847 4848 21
4614 4617 42
4312 4318 96
6427 6429 67901897902
2882 2888 8
3418 3422 40
7485 7490 630
6910 6914 35
706 709 57034007344
6532 6543 1120
432 445 12096
7203 7205 14
2809 2811 42
810 812 86544410402
1641 1645 252
1003 1007 28
4584 4594 189000
5114 5118 300
2132 2146 1469664
1341 1343 18
4055 4056 18163718218
6332 6349 20580000
3978 3979 38190265820
6716 6719 24
2692 2694 42
1316 1320 21
112 122 37044
1293 1296 79411751792
7749 7754 18
4199 4207 1260
1678 1679 15
2970 2976 216
2332 2338 162
6184 6187 1225
5189 5193 630
7118 7130 88200
3659 3662 18
265 267 89100874844
6070 6075 120
7968 7971 54
5545 5548 14
6708 6714 840
687 693 630
973 977 3430
2458 2468 37044
4008 4010 17913202811
4381 4386 504
4156 4157 35
333 335 21
543 544 16653574698
7984 7990 200
3093 3097 60
2161 2165 490
6200 6215 33075000
7416 7421 12
1845 1847 28291402167
2628 2631 686
4855 4869 453600
4847 4850 525
5822 5826 980
2154 2156 42
5399 5407 5040
6091 6092 48439257793
6843 6846 71151659037
3028 3031 60
7947 7951 24
1740 1760 2800526400
5874 5876 85400524390
374 386 117600
2787 2806 846720
1049 1050 29024147535
2352 2354 70
870 871 52776480059
6842 6844 45
1013 1018 210
2352 2353 10
37 39 10
3378 3393 2352000
6475 6477 71856077402
6081 6088 2940
1730 1735 540
7488 7490 9
6558 6561 90
3445 3446 9
4690 4693 8
8013 8014 93464490311
4754 4760 350
7615 7621 672
4428 4431 30
2238 2240 25
6675 6697 14002632000
5972 5974 42
899 901 78871317354
1387 1388 57474626208
3553 3562 3780
5457 5458 34547592464
314 315 15
2895 2897 73278383444
5433 5439 540
7211 7213 28
2916 2924 1680
698 707 2688
3726 3731 28
1940 1948 7560
231 233 76344330164
490 499 4200
5635 5643 240
557 559 12
8034 8038 54
6278 6280 18
3492 3500 3780
1914 1915 14
8141 8148 1344
4863 4872 3888
880 882 83430827228
5728 5736 600
6194 6199 56
849 850 14
3000 3002 42
2961 2962 15
2322 2325 10
6955 6959 98
5334 5346 84000
2639 2643 42
5739 5743 18
1058 1065 120
4171 4176 68837647500
2712 2741 2194698240
1952 1954 45
5895 5901 36
155 158 8
4967 4970 100
3745 3752 3402
2281 2288 315
5146 5156 7938
7657 7660 84
70 72 15
164 169 1260
655 662 2520
467 471 18
2084 2086 97441593190
137 138 49
5722 5725 30
3651 3654 96877806246
2050 2051 15
4363 4373 600
6103 6104 21
6504 6506 47757904794
4729 4730 15198536556
2765 2767 98
6885 6890 336
2906 2909 69646973928
37 41 10
2351 2353 30
6721 6722 35
804 809 56
1125 1129 14
144 150 60
5002 5005 12
960 961 27062928718
2430 2437 6300
7740 7747 5292
8000 8003 28
1380 1387 168
1887 1890 20
7655 7657 14
7880 7881 74391495058
7384 7386 27
3969 3975 560
3387 3393 48
6401 6405 126
5147 5156 2646
5660 5665 36
1851 1858 48
2706 2708 63
6996 6999 147
1119 1121 70
475 478 30
7273 7274 10
7735 7736 2
7094 7096 42
6868 6872 24269514924
1796 1818 790272000
3861 3868 168
6562 6567 2646
6883 6884 14
3857 3863 56
292 297 20
6383 6400 604800
1333 1337 588
1540 1542 14
4548 4555 100842
7115 7130 176400
3327 3334 28
4562 4570 75367359387
7346 7352 36
7382 7386 108
188 193 1176
4876 4877 72996313561
6800 6803 8
1377 1387 57624
3920 3940 1339537500
3178 3199 8128512
3370 3391 7408800000
8020 8022 20
3001 3005 300
4668 4672 84
2459 2486 6721263360
7581 7586 4900
5011 5013 9
3793 3801 840
7256 7262 43218
8021 8022 10
5627 5631 630
7213 7215 10
4860 4869 1296
1698 1705 1200
6950 6953 59646612948
5114 5120 2700
6982 6985 12
1774 1794 871274880
2022 2032 37800
1745 1771 6098924160
721 730 35280
2454 2467 2778300
687 701 211680
1854 1859 24
1227 1231 245
4663 4672 5040
1011 1013 12
5592 5595 30
4782 4783 35
2485 2501 864000
3701 3706 1260
1193 1196 50
7494 7498 1470
1143 1151 8400
3069 3079 336
4267 4271 686
6835 6836 35
3753 3759 144
1763 1786 1897443072
6324 6348 51861600000
295 298 51656207788
4695 4702 2250
2178 2179 42948899008
2543 2545 42
6410 6413 28
2042 2046 180
4116 4119 40
5747 5748 10
6416 6426 17640
7120 7130 88200
6501 6502 14
1389 1391 28
3908 3910 30
681 683 42
1212 1215 126
6450 6462 21000
1404 1408 350
4002 4005 25
5273 5280 2250
4127 4132 200
3532 3543 75600
669 672 8
687 696 17640
4862 4869 432
3362 3364 27
2795 2807 14112
7620 7625 336
1811 1820 4704
7137 7153 4410000
1190 1191 10
238 243 270
1227 1232 735
2467 2492 304819200
5148 5157 5292
6780 6781 10
1513 1514 26158398610
2392 2394 12
3818 3823 3500
2084 2085 97441593190
704 707 16
844 848 54
7911 7917 144
6588 6590 18
220 221 21
4010 4011 38329269546
4346 4349 9
6859 6860 10
1439 1440 10
5487 5493 60
1665 1673 28350
7732 7736 29491919966
6568 6570 70
7445 7450 70
6072 6075 20
5211 5218 16464
2581 2582 49
3675 3677 6381597510
7868 7873 224
1485 1489 8
2591 2600 3240
8116 8121 756
1212 1216 630
5570 5573 84
5320 5322 15
6382 6399 241920
4568 4572 16748302086
6796 6800 10
527 533 3780
2421 2429 144060
4583 4594 1323000
3084 3086 245
6275 6280 324
1417 1421 250
7105 7108 150
1365 1367 105
4632 4639 3528
7138 7157 26460000
4429 4431 10
6666 6668 75
2773 2775 15
6088 6090 14
7023 7033 1800
6913 6916 73295091620
2049 2050 10
3234 3239 14
1303 1308 105
5534 5539 40
6107 6110 315
1848 1850 30
4155 4156 14
6574 6575 14
2530 2534 735
5603 5611 224
4052 4054 2
1780 1801 373403520
5721 5725 90
2423 2437 64827000
4716 4717 60310978018
7436 7441 630
69 72 45
1396 1397 99334282992
6797 6800 10
7358 7367 10500
1038 1039 10
7412 7413 4
5927 5931 64208455592
1683 1689 168
4240 4246 3150
2016 2018 42
6715 6719 48
2397 2398 21
3652 3654 32292602082
358 362 60
5710 5719 864
3174 3188 18144
3220 3222 30
1711 1718 2058
5938 5941 63
4224 4233 264600
1358 1362 135
6502 6504 18
3503 3507 12
3395 3396 4702962414
4552 4562 5040
3263 3264 811161740
3725 3728 98
5333 5337 70
7959 7960 21
3775 3776 9
7861 7862 14
3178 3195 338688
2206 2207 84632446767
2322 2327 60
1170 1171 25
2443 2448 252
2721 2742 19595520
223 227 945
6255 6257 77425698372
4532 4533 10576912590
845 849 378
7078 7081 45
7903 7908 180
1318 1321 42
4778 4783 15435
6054 6056 17965239503
928 941 15120
6577 6583 1323
5059 5060 75304712254
4500 4501 65356120370
1587 1588 9
3630 3632 66735464896
1690 1694 56
7357 7363 630
7872 7875 24
778 781 126
15 20 504
1236 1237 35
1195 1200 168
3790 3793 8
4698 4706 810
4601 4603 49
1495 1496 35
7604 7607 24
2223 2227 120
5631 5633 8
6776 6778 28
1295 1298 99264689740
8132 8134 92364356115
337 338 41031481398
7745 7747 21
3870 3872 50
2016 2019 210
5845 5856 28000
1622 1624 14
7011 7014 12
1819 1823 252
2416 2417 90777172636
8033 8035 9
2941 2947 1960
2365 2372 3780
7688 7694 5292
2307 2308 26807404730
6675 6696 4667544000
3096 3097 6
2729 2749 36288000
4594 4601 10290
3086 3088 15
386 391 240
5019 5023 294
6617 6620 2
4931 4936 60
7308 7309 65707626510
7092 7094 8
2404 2408 126
4489 4495 756
80 93 50400
2192 2193 11923716448
6880 6882 30
766 769 25
6034 6036 21
6372 6386 58320
1489 1493 24
3360 3363 189
5603 5608 32
1956 1957 58586217438
821 822 15
7177 7180 27
5131 5132 6
5192 5194 42
7939 7942 294
3494 3503 15876
5976 5980 60
1481 1489 392
307 313 1080
2757 2759 14
3254 3257 8
4939 4941 83216069006
843 847 54
1737 1738 49757131904
7642 7650 144
1896 1897 10
223 224 9
418 426 224
2626 2627 9
3217 3221 72
3314 3316 28
7996 8001 72
3417 3419 50
2992 2995 52271497092
7947 7952 24
2573 2576 24
6852 6856 490
1829 1836 144
6571 6574 90
3973 3976 196
1398 1400 9
4552 4557 252
1584 1587 63
5762 5763 15
5428 5431 8
1537 1538 59606595376
6484 6486 35
4685 4687 12
7541 7551 2430
1990 1995 120
3668 3671 10
5946 5952 24
6925 6930 12
7945 7947 86884511616
5652 5653 9
993 995 21
5575 5580 162
4198 4206 2520
956 958 14
2471 2492 2903040
3866 3872 100
7394 7403 12600
4286 4289 18
4696 4703 3375
3016 3017 30449218956
1700 1706 800
1570 1574 210
4736 4746 823200
6307 6312 1890
4306 4308 30
344 355 1296
5168 5169 21
5650 5651 14
50 52 8
3418 3421 20
1644 1647 42
5171 5175 180
132 133 83240032104
6581 6585 441
783 784 25233482380
4774 4775 63512675640
376 389 1764000
421 426 112
7000 7002 8
1902 1903 14
1347 1351 49
5976 5978 10
819 820 84094100659
4350 4352 70
764 768 250
3820 3826 2100
7598 7599 15
67 72 405
3301 3303 45
3979 3980 38190265820
1146 1156 42000
3174 3182 108
8090 8094 441
4880 4885 36
7540 7550 1620
6404 6408 24
7718 7720 14
1421 1427 1200
7727 7732 90
3301 3302 15
2977 2980 10
2044 2046 30
5626 5629 315
538 539 55215996712
1927 1930 12
3146 3153 72
4045 4049 120
6001 6008 648
4092 4093 34420354774
7385 7388 9
7134 7153 463050000
4418 4421 36
2308 2311 80422214190
1740 1746 3780
5365 5372 840
5070 5081 396900
5140 5152 17640
1861 1869 11200
2443 2451 10584
2683 2686 98
6124 6134 1008
3042 3048 144
667 671 56
3173 3177 54
2881 2886 8
4700 4713 7560
4426 4431 60
7703 7715 43200
4106 4109 41693413734
1366 1373 44100
6626 6628 63
1643 1645 42
4038 4041 12
3728 3733 23239239042
4863 4869 216
2094 2101 810
2184 2188 25182778670
7169 7172 42
842 847 54
4801 4806 20
934 941 504
2698 2708 10080
1843 1847 56582804334
6766 6768 75
7762 7766 150
5137 5146 132300
207 208 25
2617 2619 63
3759 3761 8
2873 2874 59640277561
2585 2590 108
6484 6487 70
3990 3998 420
974 977 490
4612 4617 42
4556 4564 360
7256 7257 9
1172 1175 72206330970
6011 6016 700
5022 5034 105840
8061 8064 20
6870 6875 420
4168 4169 21
1763 1788 92974710528
5186 5192 1260
3394 3396 9405924828
5546 5549 14
541 542 18630453764
4788 4800 240
7536 7538 20
594 595 98519537692
1286 1290 150
1348 1353 196
5493 5494 80840019809
6789 6793 20
7122 7130 44100
353 356 12
2394 2397 84
2165 2169 84
7368 7370 87263240058
6218 6224 1008
3562 3567 56
533 534 33482414970
3484 3486 12
1891 1897 240
974 978 490
6997 6999 147
3548 3550 70
6991 6993 15
2228 2229 2
6433 6434 21
3631 3632 66735464896
3203 3209 108
5087 5089 20
1955 1957 58586217438
2238 2241 50
5364 5372 2520
2367 2372 1890
4486 4492 1260
6512 6529 2963520
2855 2857 45
1597 1599 6
1253 1260 7350
1103 1106 18
1451 1453 10
7783 7785 9
4066 4073 756
5346 5349 40
7187 7198 153090
3332 3335 61554909465
6205 6220 92610000
4526 4528 18
1318 1320 21
112 131 4667544
5207 5215 12348
6042 6046 8
5166 5168 105
6706 6714 3360
3485 3488 36
7681 7685 60
1824 1827 175
4021 4022 41767389814
1918 1922 252
2108 2109 4167730378
4519 4524 3150
1218 1220 45547618464
2297 2299 18
6428 6430 67901897902
4183 4189 315
37 43 60
2085 2091 3150
2449 2462 16669800
1389 1394 756
5729 5737 600
7148 7161 23520
3136 3140 8
6977 6981 18
6393 6400 560
4619 4638 142248960
3196 3205 3888
6603 6604 10
91 98 525
5673 5676 9
7467 7470 8
5324 5325 14
2644 2645 56041075078
1223 1227 19362106468
1605 1607 15
2538 2539 14
6258 6259 87658005322
4287 4289 18
1069 1071 59407581336
2368 2372 630
5559 5563 18
6063 6064 89730041084
6109 6112 36
1290 1293 12
588 592 84
2731 2750 12096000
6520 6529 17640
262 264 15
3350 3362 1111320
4349 4352 210
1022 1024 27
6839 6841 95648945691
6279 6281 18
7012 7015 20
5300 5302 60413136882
6294 6298 126
3494 3502 7938
3570 3573 97104565452
2376 2379 12
1879 1884 20
5384 5386 40338462650
3587 3589 21
5504 5506 76833055819
5127 5128 25
793 795 66043087017
3221 3222 10
4420 4424 80748888024
4742 4756 36015000
6732 6737 108
274 282 88200
4136 4141 600
711 721 68040
6778 6779 82370090236
5659 5660 83318031092
4253 4254 1
2385 2387 42
6855 6856 35
6243 6247 18
4818 4821 24
7127 7130 735
3684 3686 11270315295
5979 5982 42
3539 3544 63
6595 6597 20
5764 5765 99565684416
2536 2538 88448944132
1171 1173 50
4195 4197 41005497864
3390 3396 37623699312
8095 8096 25
48 52 24
4699 4708 540
861 863 15
6223 6225 12
5561 5564 45
7239 7251 2880
5501 5502 6
258 260 70
5506 5507 64671262187
3956 3966 6048
7219 7220 91875406352
3774 3776 9
856 858 8
388 394 720
370 377 240
7502 7510 1890
622 625 60
1196 1200 84
1130 1131 66052503108
1594 1595 15
5359 5362 210
1888 1894 240
8001 8004 42
1405 1409 250
6966 6970 42
3416 3417 15
5822 5824 98
571 578 162
2088 2091 90
2259 2261 63
226 230 126
6270 6277 8820
758 767 1200
3680 3683 36
1994 1998 60
7373 7376 8
111 112 86985598858
1042 1048 630
5707 5708 53932029770
4719 4720 14
48 51 12
885 893 31752
4067 4073 252
7551 7555 63
3769 3770 6
4887 4888 21
6765 6767 15
5084 5087 36
5241 5242 25
5708 5711 40
4759 4761 90275084228
8089 8094 882
4904 4911 3150
2156 2158 2398157642
7959 7961 63
7013 7016 50
2946 2950 300
4527 4530 27
1430 1431 68997163003
3567 3569 105
8098 8100 10
170 171 68086685958
2504 2507 90
7985 7990 100
1280 1285 15
5449 5450 65450379335
6163 6170 600
1468 1475 48
6828 6831 28
6405 6408 12
8147 8149 18
1137 1138 87938497425
6986 6987 75489394620
4904 4910 630
5820 5821 87772090690
3773 3776 18
5726 5727 75522827429
2765 2768 294
4832 4837 60
1647 1649 27
7599 7601 89722831570
6194 6200 56
6170 6174 120
7604 7606 12
3172 3175 12
4661 4671 70560
7461 7468 168
3043 3048 72
1669 1678 119070
8030 8034 54
2341 2342 15
7601 7603 53833698942
4968 4970 50
6506 6529 320060160
2772 2775 15
4855 4868 151200
4659 4660 77569855241
2941 2945 196
7889 7897 1260
1397 1400 18
4688 4691 8
1207 1215 7056
146 152 56
4027 4040 13608
1669 1677 39690
2124 2145 617258880
2784 2800 151200
8120 8128 2268
5334 5347 168000
5681 5684 19116922398
4933 4938 80
1632 1633 14
6645 6647 21
928 936 120
5317 5322 45
4719 4723 588
818 820 84094100659
5871 5874 12
4136 4139 60
107 110 9
5190 5194 420
1038 1040 30
4110 4114 980
1504 1506 28
2808 2810 42
8082 8087 252
3409 3412 45
1740 1754 33339600
4889 4890 84964029746
4552 4556 84
7113 7127 15120
6010 6013 350
4772 4774 12
6767 6768 15
7903 7911 360
7522 7524 18
3548 3551 210
1936 1943 720
4301 4303 10
7769 7783 12600
1794 1813 127008000
46 49 9
1061 1069 4200
5329 5330 10
657 662 180
4824 4830 96
5294 5299 70
7685 7686 21
5550 5551 49441569549
982 983 57465584226
2534 2536 42
2851 2856 225
4240 4245 450
909 915 630
7305 7307 15898608843
7534 7538 80
8061 8067 60
750 754 126
4589 4601 926100
1878 1884 60
5664 5666 9
7419 7422 6
3780 3781 97878172730
5862 5863 40622209737
4914 4923 1008
5935 5936 21
2505 2507 45
2679 2681 10
6573 6575 42
5248 5252 40
3045 3048 12
428 436 756
7745 7752 252
2864 2865 21005322843
5568 5573 420
4973 4978 294
4529 4531 15
1502 1506 168
4309 4317 2016
5313 5317 36
1675 1679 90
1089 1095 504
2894 2896 36639191722
7944 7945 10
1232 1235 21
5541 5543 21
6466 6470 420
4336 4338 48235640584
634 640 3150
3033 3034 21
2567 2571 9
2689 2690 82412119496
4836 4839 60968340294
4687 4689 8
1015 1019 210
7262 7272 1920
3747 3755 10206
6675 6681 1470
4516 4520 40
2052 2053 90356603872
1837 1839 147
1224 1229 67767372638
581 585 140
388 397 75600
5637 5644 168
1104 1107 42
6606 6607 14
1507 1508 10
4821 4823 34791641408
3882 3884 86686486104
3889 3891 30
5914 5920 336
1034 1035 9
6704 6706 18
2536 2537 44224472066
4206 4210 30
7358 7365 1050
4253 4257 3
6561 6565 588
1164 1170 100
2643 2644 56041075078
7271 7272 10
1342 1349 1764
6270 6276 4410
8080 8087 2268
6086 6088 28
5477 5493 423360
1469 1475 16
3904 3906 45
6937 6942 28
2201 2204 98
6194 6209 4410000
3068 3076 504
219 221 21
7965 7966 9
7935 7937 18
2542 2545 84
1459 1460 9
6469 6472 84
1419 1422 50
5408 5409 15
1394 1395 9
307 314 5400
4459 4460 53647665001
2140 2154 23328
7549 7551 9
2221 2227 480
2576 2577 78874402330
2258 2260 63
6087 6088 14
2374 2378 65755092304
5400 5407 2520
119 131 2268
8084 8088 294
5468 5491 177811200
8012 8014 93464490311
1619 1621 49
2407 2412 84
810 811 86544410402
1438 1440 24841152660
5688 5690 14
4163 4165 61843082528
5261 5275 90720
3966 3967 22735006680
2201 2202 49
7512 7514 12
3786 3787 56661095967
5824 5826 70
3798 3802 64232917096
2610 2614 36
4592 4601 154350
3709 3710 10
2101 2104 40
479 480 87259861570
3422 3423 74109762992
1217 1218 15
4688 4690 8
217 221 63
2688 2689 23546319856
6466 6469 60
2955 2956 10
3322 3325 90
4205 4209 60
7300 7306 72
3012 3014 30
1311 1312 98683261031
5576 5594 1913625000
6178 6181 40
5823 5826 140
4145 4148 90
2023 2033 12600
4415 4418 18
2859 2862 42
1269 1276 72
2932 2942 3920
4332 4334 85896487438
7292 7296 36
7643 7650 72
1172 1176 72206330970
4021 4023 83534779628
6680 6700 7001316000
585 591 392
4660 4669 17640
552 558 336
4301 4304 30
2003 2005 12
4143 4144 7000462688
4923 4928 30
6308 6313 1134
3203 3208 108
4618 4619 43399020220
3814 3819 300
5708 5710 20
4986 4988 10
7828 7837 240
7002 7003 14
2163 2167 490
8127 8128 3
3616 3621 588
2974 2978 36
3272 3273 25262661414
1136 1137 21
1940 1947 3780
7635 7650 11520
2701 2708 2520
2263 2266 14
5340 5349 16800
5350 5351 83079399444
5008 5011 18
1063 1069 4200
8048 8049 19578517394
3760 3762 8
766 768 25
2624 2625 49062265839
5756 5763 720
3211 3216 147
5190 5193 210
1990 1996 360
6202 6220 9724050000
1454 1455 21
7743 7747 126
4855 4866 25200
3814 3820 1500
6812 6816 12
3083 3085 147
5070 5083 5953500
6869 6874 120
3479 3480 9
2033 2039 27
1218 1219 45547618464
3304 3305 88176802005
8132 8133 15
1482 1489 56
7663 7664 59554865055
4188 4190 25
6885 6888 84
3336 3343 450
1573 1576 90
5032 5037 420
3245 3253 864
2645 2652 36
4962 4965 210
5898 5901 18
7614 7616 18
7728 7732 30
6266 6267 52798727862
2577 2578 39437201165
3571 3579 168
4221 4226 1890
4285 4288 18
464 470 144
3472 3480 1458
5434 5439 180
7411 7412 14
2401 2403 33886554020
7679 7680 72856039062
3783 3786 42
2177 2179 85897798016
2831 2833 14
1834 1839 882
4189 4191 10
6850 6856 490
6064 6068 40
338 345 90
2758 2762 196
1575 1577 30
4464 4469 270
5615 5618 84
4089 4093 68840709548
6850 6854 14
1930 1933 30
269 272 24857111916
4516 4519 8
2359 2361 42
3405 3408 42
6920 6924 65382723325
6285 6288 70
8087 8089 42
7582 7586 700
2829 2831 30
7058 7061 84
6710 6719 2688
8066 8071 270
6856 6859 75
4046 4051 60
5339 5349 33600
1294 1296 39705875896
5169 5171 66429309108
4809 4820 67200
7843 7845 35
1173 1176 36103165485
8112 8117 360
7446 7451 70
5244 5245 21
1729 1735 1080
158 167 20160
3496 3503 2646
4617 4618 17359608088
7507 7513 5670
3965 3967 68205020040
3956 3960 24
6149 6151 48297310455
351 355 24
1305 1310 70
1912 1914 12
1036 1037 68192148382
5555 5560 126
7357 7365 3150
6910 6912 35
2239 2241 10
7702 7714 86400
5077 5083 1890
6272 6277 252
852 853 2
4388 4391 525
2693 2695 21
7779 7785 270
8016 8021 60
3634 3637 105
1245 1260 9261000
6884 6886 42
6888 6891 24
2283 2290 315
7161 7164 24
3625 3626 38968106584
2234 2235 31333045790
4054 4056 36327436436
1982 1992 17640
3131 3132 47311037261
3553 3561 1890
7913 7917 24
2040 2042 8
6494 6500 96
285 294 2940
7947 7954 144
1883 1885 85573220818
6233 6237 43905575036
5282 5289 3024
7804 7807 30
3360 3362 63
4507 4509 15
4239 4243 270
3827 3828 240584808
1050 1054 210
757 766 3600
1293 1295 8
5056 5059 15
7607 7611 700
99 102 12
5299 5300 50344280735
1350 1353 28
4397 4400 63
1485 1490 24
3296 3298 8
1222 1226 58086319404
3449 3453 180
1252 1260 36750
3893 3896 96128797450
5246 5247 95646461052
6410 6412 14
4308 4316 3360
3107 3120 136080
1016 1024 17010
5748 5750 50
1821 1823 18
6270 6272 35
8067 8076 992250
1684 1692 336
1272 1276 12
393 397 630
7816 7817 83156768890
3635 3637 35
4577 4578 57640550369
148 152 28
6099 6104 504
3982 3986 140
2626 2628 63
4218 4222 270
6494 6497 8
7444 7449 35
4953 4961 600
5093 5098 216
273 275 12
4240 4244 90
3851 3854 25
3566 3568 35
6040 6042 42
2911 2913 8
5466 5467 11822549200
1216 1218 75
6726 6731 31695374282
2203 2204 2
151 152 14
16 20 252
2606 2612 72
1565 1570 150
5525 5529 84
4232 4236 168
7277 7280 20
4445 4457 13230000
5893 5898 60
42 44 12
2650 2655 98
4929 4930 44914586094
1273 1276 12
4453 4458 3500
3067 3075 2520
2281 2290 945
7054 7055 9
3900 3903 20
6640 6641 97033958445
669 671 4
6462 6465 30
7261 7272 13440
881 882 41715413614
3941 3948 6300
6291 6293 50
5265 5276 22680
4208 4210 6
6445 6449 49292945760
7927 7928 10
3465 3471 3150
5444 5445 52596117402
3239 3240 37273501534
6006 6009 12
4026 4032 1134
4605 4606 9
2850 2852 10
4740 4748 19600
6416 6420 84
154 158 56
1234 1236 35
6125 6134 504
2537 2538 44224472066
5994 5995 21
320 331 28000
1120 1122 98
7259 7272 658560
7259 7263 1372
3259 3260 10
5601 5604 24
2815 2818 8
4561 4570 75367359387
6353 6356 315
2619 2622 140
5876 5882 504
8152 8156 180
1079 1080 21
7235 7236 15
3350 3361 370440
5198 5215 864360
7129 7130 15
5857 5860 210
5300 5301 20137712294
2405 2408 42
6817 6818 92361619694
3964 3966 63
1122 1123 7
7285 7290 168
7321 7337 635304600
613 615 18
5325 5327 8
2810 2811 14
3698 3703 210
7411 7413 28
225 227 105
5076 5083 3780
1072 1078 12
499 519 1750329000
1566 1574 6300
4323 4326 24
2010 2011 35
2098 2104 240
7361 7368 100
7299 7301 75081222960
3408 3411 30
5656 5657 10
3990 4000 8820
2400 2401 69877052382
707 710 57034007344
4544 4546 10
2191 2192 23847432896
3640 3643 63
8143 8149 1008
5845 5859 840000
5124 5126 73124538504
439 448 216
1534 1536 30
7184 7190 36
6620 6621 56532707190
5322 5323 55806551199
916 923 324
6623 6624 6
5144 5153 588
7494 7495 21
6185 6187 245
4806 4807 91242815646
1329 1332 196
5960 5962 25
6245 6250 882
5101 5106 48
7158 7162 56
5576 5589 8505000
1053 1056 12
7914 7917 12
6587 6590 54
3166 3174 1296
7438 7444 315
5976 5979 20
6675 6688 9261000
2712 2742 6584094720
534 535 33482414970
282 286 20
3466 3478 510300
1149 1159 3000
3337 3347 270
4905 4912 1050
1300 1306 630
1360 1362 9
4519 4525 9450
3327 3330 28
299 300 35
2691 2692 7585471716
4372 4377 126
5686 5688 20
4395 4399 63
3857 3862 28
2659 2680 210039480
4456 4458 20
1238 1239 23541068458
3127 3130 42
612 614 27
4243 4246 105
5018 5022 294
1044 1048 42
6302 6303 14
3032 3034 105
6772 6776 441
7745 7749 42
2362 2364 9
4619 4637 47416320
7604 7610 4200
6981 6985 12
3230 3231 10
3847 3849 64451898024
5939 5941 21
6274 6280 2268
2069 2076 3780
4574 4575 6
246 248 42
4839 4844 16
507 519 26460
3449 3456 720
7903 7913 2160
1900 1903 140
2353 2355 14
6474 6475 72006675413
1241 1244 27
4715 4716 60310978018
6833 6835 28
2338 2340 25711845978
6941 6943 28
7863 7866 40
4899 4902 24
7793 7794 70444237690
3272 3276 75787984242
2312 2314 82077684291
3674 3676 14890394190
7087 7090 81
6546 6551 144
4931 4935 60
7322 7343 20329747200
6527 6529 45
834 835 44043041818
694 701 336
2355 2357 14
3683 3685 11270315295
4298 4299 72892641935
859 863 150
6177 6178 93933862390
5170 5171 22143103036
7311 7328 19448100
4389 4391 105
4194 4195 21
7397 7403 600
6149 6150 16099103485
5183 5191 720
5024 5034 5040
7994 7997 12
2881 2887 8
7149 7161 11760
6010 6014 2450
1918 1924 504
3863 3871 240
1725 1726 20318362437
5941 5944 46960927398
2807 2809 21
2758 2761 98
4778 4781 441
5376 5381 588
3734 3737 30
4966 4967 25398989066
5280 5289 105840
4230 4236 1680
7919 7920 21
3264 3265 64594244573
444 449 12
434 445 864
6761 6764 15115409480
256 258 82791815900
2040 2043 24
802 809 784
4810 4820 9600
2228 2232 20
5363 5371 1260
2057 2071 5000940
6170 6173 60
6440 6443 18
4021 4024 83534779628
1276 1277 76932256062
880 881 83430827228
7166 7167 22806069216
5724 5725 10
737 744 10290
4867 4874 972
7972 7973 7
2766 2768 42
6079 6087 1260
1935 1942 720
5598 5600 50
1175 1181 162
494 507 14883750
7313 7332 136136700
1899 1902 140
1903 1905 27096176572
1335 1339 980
4855 4864 12600
7986 7990 20
5732 5742 720
3724 3728 196
2559 2569 336
237 241 108
636 640 225
4566 4571 50244906258
1090 1097 336
1965 1966 10
492 503 315000
1356 1362 2025
2262 2264 57006759479
4760 4761 90275084228
1012 1018 420
3313 3315 20
7410 7412 70
2364 2367 18
5645 5646 39310227724
6526 6529 90
7862 7864 20
5471 5493 35562240
5769 5789 133358400
4463 4465 75
1006 1012 324
4987 4991 53282974108
3132 3139 84
3273 3277 12
3874 3876 12
1610 1612 15
2541 2545 168
1325 1326 69676605766
5802 5810 784
6355 6358 135
2013 2015 9
1780 1800 186701760
814 816 147
3327 3332 28
7861 7864 140
4003 4006 75
3564 3567 14
7133 7139 630
1827 1828 68305759435
7688 7692 378
2074 2076 20
3362 3365 54
5035 5037 15
680 683 126
4224 4226 42
2145 2154 432
3815 3823 21000
6421 6426 210
396 398 245
5111 5115 1470
1518 1519 21
248 249 9
4300 4303 30
2851 2853 15
6373 6386 29160
4443 4457 79380000
997 998 9
6591 6593 79237746472
2987 2989 21
4277 4282 24
8044 8047 42
4688 4692 16
688 701 42336
7981 7990 6000
5715 5719 12
3412 3414 12
6254 6255 96782122965
2022 2031 7560
1189 1191 20
5683 5687 31861537330
2619 2623 420
160 167 5040
7725 7732 180
815 816 21
1231 1233 21
2594 2601 432
3760 3769 1944
971 973 14
2583 2588 756
3498 3503 882
1736 1737 74635697856
101 108 1764
3501 3504 42
7356 7359 735
989 991 50
3640 3645 882
4853 4858 140
2990 2991 66400323712
2897 2899 14
521 523 15
1198 1200 28
254 255 25
4525 4528 54
2686 2688 28
610 614 162
4267 4270 686
971 974 28
1185 1186 3
1193 1195 50
817 818 49788218033
2955 2962 4500
3669 3673 40
3104 3105 3
4656 4658 9
5325 5326 4
5228 5230 14
6821 6824 210
6823 6824 21
2226 2228 20
8047 8049 39157034788
3135 3139 12
6899 6900 21
4896 4900 180
2288 2291 21
4065 4073 2268
45 46 42194498762
4361 4365 10
7703 7719 86400
4221 4224 135
4430 4433 70
3867 3872 50
2882 2891 112
2204 2205 83532544338
5164 5165 10
7933 7935 30
1850 1853 8
7981 7987 600
5286 5293 26460
6122 6133 17640
2049 2051 30
7396 7403 1800
2859 2864 126
1193 1197 150
3861 3867 168
313 315 45
3881 3884 86686486104
6367 6385 699840
907 912 189
1020 1024 81
2493 2502 7200
2414 2415 79291366056
2082 2083 69539220918
4005 4006 15
1712 1720 4116
5638 5644 168
5247 5252 80
6095 6096 29183132109
596 597 98785031792
4124 4130 420
1449 1451 70
74 77 84
6200 6219 6482700000
2246 2249 9
5665 5666 9
5326 5330 40
7823 7825 15
6733 6747 291600
6927 6935 216
2297 2298 9
5843 5848 280
6416 6421 168
7239 7247 144
226 227 21
1009 1013 108
2421 2424 196
7495 7498 490
3738 3750 9720
288 294 210
5382 5384 42
7503 7512 5670
5058 5060 75304712254
3571 3577 12
1566 1571 150
2375 2378 65755092304
4159 4161 45
4395 4400 189
23 33 8064
8099 8101 98983314485
4316 4320 48
5066 5081 5556600
6098 6099 21
3808 3809 57068673595
6461 6465 60
6650 6652 75
7369 7370 87263240058
2154 2155 21
5030 5036 140
7445 7449 35
4870 4875 108
202 206 36
955 956 81401746606
2854 2856 15
977 979 73965937094
1349 1353 28
1852 1859 48
3884 3885 57790990736
44 45 84388997524
4430 4431 10
7669 7671 21
2186 2191 90658003212
6731 6734 95086122846
2382 2385 45
5832 5836 126
5458 5459 35
2197 2202 441
7859 7861 42
2601 2602 2
5197 5203 14
4057 4058 43651927239
2409 2413 30
1776 1796 373403520
2086 2091 630
945 949 588
946 949 84
599 611 3333960
1056 1057 80058167200
2559 2570 1008
5258 5273 36288
1998 1999 10
297 298 25828103894
7716 7720 14
4403 4407 80
2293 2298 135
3680 3682 12
281 283 70
6403 6405 18
4854 4858 140
328 335 252
1583 1586 63
3673 3676 29780788380
7391 7394 21
3052 3055 36
3176 3194 435456
2248 2256 126
3238 3240 37273501534
6490 6492 72756633101
4717 4718 10
848 849 21
882 893 63504
7549 7555 189
260 263 70
6125 6135 1512
2194 2202 30870
4343 4344 1
4165 4166 77303853160
517 520 15
3253 3256 16
6460 6464 210
1239 1242 36
4991 4998 480
606 614 10206
3033 3036 42
2627 2631 2058
2835 2836 10
2319 2320 9
4619 4639 995742720
8116 8118 18
7512 7516 120
1586 1587 21
5987 5988 21955054720
3499 3503 882
1407 1409 50
6126 6135 1512
7920 7923 51560176752
5943 5946 6708703914
7856 7861 378
5853 5859 240
2639 2642 42
1090 1095 168
943 949 12348
6395 6402 1960
342 349 27
1154 1160 225
1555 1558 150
5045 5047 90480729668
1589 1591 8780343380
5056 5058 15
5537 5539 8
5304 5306 49841929076
6886 6891 504
7821 7825 90
3610 3613 18
260 264 210
1556 1566 18000
1511 1512 35
8052 8053 49
2485 2492 240
1286 1291 300
2598 2602 8
2407 2410 84
491 503 630000
2356 2357 14
5306 5309 15
4358 4365 1470
1452 1454 14
6237 6238 80104668837
4090 4093 34420354774
184 189 60
1932 1933 10
1219 1222 91095236928
8135 8136 10
3620 3621 21
1532 1536 450
3561 3567 280
3137 3143 32
5943 5944 2236234638
7697 7698 83493980931
728 734 200
7213 7214 10
581 586 980
4033 4040 24
6503 6505 71636857191
5721 5722 9
2571 2575 36
6453 6463 10500
6102 6104 42
5178 5184 16
3778 3779 9
378 391 1411200
5770 5795 56010528000
2323 2328 120
3588 3592 84
695 705 2688
3895 3898 56
6068 6074 360
7806 7810 10622869908
2778 2787 735000
5184 5191 360
2599 2602 8
4536 4544 7056
950 953 8
156 165 13440
8112 8116 180
672 673 53623279794
1823 1827 525
2403 2407 126
1599 1603 27
651 658 11760
6505 6508 31838603196
759 768 6000
3327 3333 28
1642 1645 84
994 995 21
4244 4246 35
57 58 39408645281
7892 7901 180
270 272 12428555958
1515 1516 13995522776
5888 5889 72836532992
267 269 8
2891 2894 2292939582
989 995 2100
2826 2831 360
1356 1357 15
5223 5224 14
8 9 5063707218
55 56 10
7309 7319 2700
5562 5567 4410
6116 6125 11340
2395 2398 84
7248 7253 80
101 105 196
3669 3672 20
3438 3443 420
5219 5220 10
6226 6227 3
4509 4511 35
5332 5334 14
7573 7576 10420657608
752 755 21
123 131 126
616 617 87627553502
2281 2285 45
5302 5304 42
3207 3210 47266778056
1751 1776 49807880640
5882 5885 126
2248 2258 2646
2915 2920 120
6435 6436 82218899728
4878 4885 1260
7855 7861 756
4657 4658 9
2532 2535 147
2944 2950 4200
3973 3977 588
4953 4958 60
41 44 12
4158 4159 75586926285
1572 1576 630
7164 7165 54105773690
5618 5619 9
4821 4822 34791641408
6675 6676 21
2675 2681 1470
5256 5261 49159595676
1306 1310 10
4020 4022 41767389814
4755 4760 50
1779 1799 435637440
6880 6883 60
1314 1319 30
5794 5806 411600
5843 5851 2800
3030 3033 210
2247 2249 9
6353 6354 21
6187 6189 42
1544 1548 126
7228 7229 10
2519 2522 54
3591 3594 98
590 593 126
3453 3459 30381715760
7568 7571 28
4138 4141 150
6355 6360 1890
8006 8007 47864309080
3700 3703 210
1243 1245 9
7075 7079 147
7673 7675 15
7591 7594 18
3801 3802 32116458548
7566 7571 168
2361 2364 18
3570 3572 97104565452
5870 5873 36
3645 3648 8
5078 5087 22680
739 746 25725
2443 2450 3528
1728 1732 120
2022 2024 18
101 110 5292
112 118 2058
319 331 196000
1929 1933 90
7385 7386 9
4398 4401 105
0 1 14
1391 1394 54
3157 3174 57153600
4775 4777 63512675640
6568 6572 1050
6425 6427 35
5430 5432 38551729848
3182 3203 73156608
4896 4898 30
6801 6805 80
2457 2468 111132
541 543 55891361292
2452 2466 25004700
3592 3594 49
7372 7376 56
5831 5835 378
5489 5493 10
302 306 42
3782 3785 42
543 547 49960724094
3995 4000 630
6075 6076 10
6700 6706 756
5275 5280 225
2710 2716 72
8154 8157 12
4057 4059 87303854478
3604 3605 82416391636
3058 3059 15
4111 4115 280
1030 1031 45885140726
4185 4189 45
632 639 10500
3471 3480 4374
4587 4594 6300
1804 1819 8232000
206 208 75
3638 3642 126
3228 3231 40
6990 6993 75
4521 4525 945
6067 6071 180
2383 2386 105
1210 1215 252
7926 7928 20
1124 1125 68669170122
6795 6796 57100038793
269 271 18
3030 3032 30
7371 7375 140
1904 1908 54192353144
2014 2016 6
1155 1161 75
4261 4262 7
6029 6033 490
7627 7645 72000
2354 2357 98
6365 6371 540
58 61 9
2185 2189 15109667202
3122 3130 13230
7782 7785 27
2691 2693 22756415148
5413 5414 57574877785
5939 5943 441
1199 1200 14
7171 7173 21
1549 1550 51820721765
5289 5294 2205
86 97 3150
7951 7954 12
630 639 147000
4467 4477 2016
7854 7861 1512
3990 3995 28
6298 6300 12
1720 1721 94289445198
2183 2184 35
2142 2154 2592
2842 2846 108
1118 1121 70
4640 4641 61380522937
3074 3080 12
2035 2039 27
0 2 28
2974 2980 180
3322 3324 18
3400 3402 21
3590 3593 28
5519 5521 9
143 144 10
7814 7816 35
2760 2763 84
56 58 78817290562
4033 4041 48
1871 1873 28
5921 5927 28
3840 3846 1512
7300 7305 24
1493 1494 23342441922
2156 2157 2398157642
2393 2396 24
1836 1839 294
4918 4927 756
1663 1670 9450
1244 1260 9261000
491 501 105000
6136 6138 14
2484 2492 240
652 661 35280
4764 4769 450
2174 2175 15
5800 5810 3920
7060 7078 82978560
878 880 8
6257 6258 87658005322
166 169 90
8156 8160 20
6492 6493 82327288984
3519 3540 11907000000
4980 4987 1260
6851 6856 490
7597 7599 15
2399 2400 69877052382
6661 6663 10
1707 1708 14
2120 2137 19051200
6995 6999 147
6756 6762 40
551 555 196
5700 5701 15
6003 6008 216
3469 3480 65610
1378 1387 8232
1058 1067 4200
3343 3347 9
5460 5461 49
7002 7005 42
154 157 28
4539 4546 240
7012 7016 100
856 859 16
5709 5719 1728
2615 2616 87158434994
4808 4819 168000
3597 3600 36
6591 6592 79237746472
1411 1412 21
525 529 90
4721 4723 42
205 206 6
6628 6631 126
6262 6265 54
663 667 90762870272
780 782 42
6561 6563 42
4452 4458 17500
7333 7345 10752
2079 2082 105
736 739 10
6624 6626 9
6594 6597 60
2023 2039 340200
7089 7090 9
1072 1079 84
1714 1720 84
5750 5751 15
6517 6529 141120
5716 5719 12
6983 6985 12
6327 6349 5186160000
531 533 63
4208 4212 24
2353 2354 14
8092 8095 245
8016 8022 300
7244 7253 960
725 731 400
943 944 21
5663 5666 18
549 550 53270131111
6480 6481 94654204237
5114 5115 10
1256 1260 210
5773 5798 22404211200
7569 7575 56
3598 3601 36
2843 2850 1512
4363 4367 2
6195 6215 926100000
3001 3003 30
7736 7738 18
7479 7481 5
6130 6137 168
4200 4208 3780
3512 3513 75532887695
663 666 45381435136
1465 1469 36
4940 4941 83216069006
5831 5834 189
6685 6701 3810240
72 73 43607033232
3174 3187 9072
6949 6952 12
7768 7771 35
2136 2147 122472
2267 2271 90
7481 7483 10
773 779 180
3834 3837 24
4768 4773 60
2155 2156 14
4808 4812 140
2530 2533 105
2943 2949 14700
5708 5717 4320
3816 3823 10500
2647 2654 84
3644 3647 56
5122 5124 20
4707 4715 112
6643 6646 105
5456 5457 34547592464
6192 6194 98
1243 1255 132300
3598 3603 108
5445 5448 21
839 843 15
4800 4804 10
3720 3728 5488
3734 3740 300
4500 4502 65356120370
2784 2794 4200
4351 4352 10
6192 6195 686
6054 6055 17965239503
5650 5653 126
5680 5684 38233844796
7220 7221 4562212288
3066 3075 12600
367 374 384
1709 1716 12348
8139 8142 196
5233 5240 4704
7648 7651 36
4306 4314 10080
6422 6426 105
5063 5072 110250
622 627 600
7894 7901 36
1106 1111 420
4133 4135 30
7034 7035 81723311025
3073 3080 24
1884 1885 85573220818
2948 2950 30
7683 7685 12
1193 1198 300
790 794 12
5068 5081 5556600
5280 5288 15120
5817 5819 30
310 314 450
4900 4902 12
5079 5087 7560
4152 4153 85095638110
6968 6971 21
1594 1597 30
1274 1276 12
5688 5691 42
2114 2115 81232542998
2042 2045 60
5503 5506 76833055819
4956 4964 6300
6572 6575 210
3501 3503 42
4291 4297 324
6666 6667 15
6122 6132 2520
7185 7197 43740
6543 6548 16
4596 4601 735
1666 1673 14175
4457 4458 10
908 913 189
2711 2721 1008
4480 4490 45360
3317 3318 14
7006 7007 60361351764
6876 6878 24575547552
6342 6351 2400
6250 6253 30
1147 1156 21000
1163 1165 74264846210
5359 5370 132300
7058 7063 252
2497 2502 120
3488 3493 63452502840
2659 2665 486
836 839 35
140 142 58796031014
2753 2758 16
6540 6548 32
3202 3206 162
4610 4613 14
1519 1520 73594530507
5891 5894 90
3541 3545 9
7366 7368 10
6881 6883 20
6019 6021 80199051024
679 683 252
1832 1839 3528
7420 7424 23664380508
7466 7470 8
6286 6288 14
3391 3396 37623699312
6930 6938 108
6449 6459 1500
3174 3190 108864
4988 4991 53282974108
2934 2945 192080
2308 2310 40211107095
8157 8160 10
2973 2978 72
7604 7611 8400
6053 6055 89826197515
7441 7449 105
3245 3251 144
5358 5359 37611260250
6682 6701 400075200
5266 5280 850500
5459 5461 245
513 519 90
609 614 486
2962 2964 30
7512 7521 7200
2463 2490 1280240640
6267 6268 26399363931
6012 6017 980
7106 7108 50
5792 5798 2940
2366 2372 1890
8016 8019 15
2629 2631 98
722 730 11760
8142 8148 672
1365 1370 3150
4508 4510 105
6122 6134 35280
8111 8114 60
4849 4850 25
6230 6232 20
6433 6435 21
5178 5188 192
3407 3411 30
5626 5628 105
1670 1678 23814
286 294 1470
8044 8046 21
5683 5685 3186153733
5466 5468 59112746000
5783 5798 3175200
6756 6761 40
165 169 630
3651 3653 32292602082
3404 3405 21
1744 1767 15247310400
2175 2176 9
5835 5837 14
7710 7720 840
7107 7110 75
4272 4277 84
7741 7747 756
6957 6964 294
7587 7589 50490253524
3234 3237 14
2821 2830 22680
5077 5087 68040
6030 6035 210
7844 7848 30
1997 1999 10
5988 5989 13173032832
7585 7586 10
5129 5130 70835998899
877 880 16
5462 5464 14
1296 1299 99264689740
5922 5927 28
5123 5124 10
1709 1715 6174
8154 8156 12
4233 4236 84
6284 6288 210
6875 6876 57342944288
5901 5902 21
2311 2312 54718456194
7393 7401 840
4046 4052 60
6180 6181 10
4410 4411 73880147717
5467 5473 80
3940 3943 84
498 519 8751645000
4083 4086 20
582 590 13720
6484 6488 70
5157 5158 90638997318
6073 6076 20
2446 2455 198450
1918 1926 4536
3739 3752 40824
141 142 14
5655 5657 20
2728 2744 725760
1868 1870 14
1663 1673 595350
618 619 52179883263
6829 6833 28
6772 6773 21
4582 4584 70
5188 5193 630
7148 7158 840
2785 2803 846720
6609 6611 27
2522 2527 405
4151 4152 85095638110
1074 1080 252
1871 1872 14
6109 6110 9
6112 6113 79085723284
4508 4511 105
7083 7086 14
581 589 3920
4536 4546 35280
6411 6414 42
1838 1840 63
5368 5372 56
2386 2387 14
2015 2018 126
6195 6213 231525000
7496 7498 70
2617 2620 126
1279 1284 15
5819 5820 25
5109 5111 21
136 138 98
2230 2233 20
4882 4888 504
7657 7658 14
1403 1406 70
4279 4283 8
7918 7919 35
6609 6610 9
2620 2623 60
539 541 37260907528
3888 3890 20
7415 7419 93345575232
5988 5990 92211229824
912 923 22680
3513 3515 14
2884 2891 56
1383 1387 24
5185 5191 360
7793 7795 70444237690
147 152 28
7008 7013 48
2606 2610 12
4933 4939 80
4248 4254 420
6233 6236 43905575036
8055 8058 24
6094 6096 29183132109
6791 6794 35
1126 1129 14
928 934 60
7737 7738 9
2287 2291 21
1887 1894 480
907 910 9
5859 5860 21
250 251 89992771690
454 463 21168
7420 7423 7888126836
25 34 4032
415 426 1344
7390 7391 94267905552
1156 1162 375
5012 5014 21
4123 4125 21
1476 1478 28
5011 5014 63
3671 3675 23824630704
3038 3039 9
3686 3688 27
6410 6414 84
1796 1817 395136000
7735 7738 18
7600 7601 17944566314
3533 3543 15120
7831 7839 320
7960 7961 9
5315 5320 30
6932 6938 12
5675 5680 120
3443 3444 73774959084
653 661 5040
4776 4778 9
1646 1649 27
826 827 99626736014
7137 7155 26460000
1516 1519 42
4417 4419 18
1341 1346 504
6246 6251 882
4870 4876 108
5738 5743 36
1102 1106 36
6015 6017 14
440 449 216
7051 7053 14
2822 2831 22680
131 133 83240032104
2887 2891 28
921 923 18
6498 6501 84
486 488 14
6647 6648 43038490050
2381 2384 15
2350 2351 47122593603
4319 4321 12
3257 3260 30
7550 7555 63
5260 5273 36288
1618 1620 98
8087 8091 378
374 379 60
6365 6370 270
6187 6188 14
7601 7602 17944566314
1046 1048 14
2419 2422 14
2851 2854 15
2242 2243 38577996280
5030 5037 420
4229 4234 1260
563 569 27
5464 5465 49
1873 1875 20
3408 3412 90
6297 6300 24
3515 3517 12
2862 2865 63015968529
4203 4209 1260
3898 3899 75800448804
6130 6136 84
2011 2012 97747252215
1431 1436 54
5805 5811 168
6675 6677 42
2186 2190 45329001606
4569 4572 5582767362
4815 4821 480
6532 6534 20
6581 6587 9261
7194 7198 630
1831 1839 7056
2291 2292 80473434300
3382 3393 33600
1835 1839 294
5296 5299 70
2638 2639 35
7568 7574 56
176 186 840
4963 4965 30
744 746 15
3491 3494 21150834280
6263 6266 36
5136 5139 735
6366 6384 1749600
2994 2996 78407245638
6743 6754 32400
5684 5688 9103296380
709 712 85551011016
6893 6894 9
1697 1699 91346240967
7694 7696 98
2446 2453 7938
6229 6231 12
2307 2309 26807404730
1449 1452 140
7452 7454 14
2461 2487 2240421120
6016 6017 14
4465 4469 90
5526 5535 8400
2377 2384 270
4949 4951 28
3619 3621 42
1135 1137 21
6082 6088 2940
1977 1978 99180396355
6163 6167 50
5545 5549 14
7970 7971 9
2984 2985 55650438946
4367 4376 1800
4972 4974 56773507854
3323 3325 30
438 448 432
7805 7809 26557174770
7891 7901 1260
6528 6529 9
2932 2944 54880
7810 7811 46282216696
4991 4997 480
8158 8160 10
5455 5456 14
6232 6234 10
7520 7522 18
839 845 45
3974 3978 588
6333 6349 20580000
6519 6529 35280
2374 2376 32877546152
4819 4821 12
2014 2018 126
4167 4169 21
5432 5433 57827594772
4118 4119 10
740 746 5145
6902 6903 25
6841 6844 135
2323 2335 17280
2969 2976 432
5137 5152 1852200
6548 6551 36
7463 7470 96
7871 7875 48
7323 7344 6776582400
2571 2574 18
56 57 78817290562
7086 7089 189
8127 8133 4725
1819 1822 84
4454 4458 500
6012 6016 140
7287 7290 28
3185 3205 36578304
7485 7486 35
498 508 6945750
7808 7810 5311434954
970 973 14
7575 7576 5210328804
5250 5253 40
3060 3062 43780057734
1169 1170 5
6312 6313 9
305 310 120
4098 4099 21
1740 1753 11113200
3029 3032 60
4921 4927 18
6321 6344 10372320000
5647 5648 35
3810 3813 54
5556 5561 42
4914 4925 3024
6026 6030 42
844 849 378
6079 6085 315
1789 1805 907200
2256 2260 1323
2833 2836 10
2682 2686 196
681 684 42
4291 4294 54
4908 4921 189000
6353 6358 2835
6923 6924 65382723325
8154 8158 60
97 99 15
5660 5664 12
2157 2161 7194472926
2519 2521 18
6446 6449 30
4694 4695 59751771564
5544 5545 60072093507
3501 3506 252
1310 1312 98683261031
7571 7575 8
6498 6500 12
3174 3184 648
4162 4164 83639545768
632 640 31500
8075 8082 11340
3931 3940 26460
6240 6247 360
5747 5749 20
1654 1666 169344
6068 6072 180
1003 1011 2268
1359 1362 27
3319 3320 67544729766
6896 6899 60
771 776 120
989 993 100
5462 5465 98
8008 8009 49
4961 4965 1050
5428 5430 4
7513 7522 7200
4178 4179 59594391481
7393 7398 42
5792 5799 14700
3771 3775 126
1958 1959 15
5152 5157 378
6468 6472 420
5881 5883 12
3180 3202 48771072
6476 6477 71856077402
4076 4078 14
726 733 400
1766 1789 3794886144
3492 3498 180
2515 2516 98122402010
1468 1473 48
2544 2545 21
5612 5618 252
1304 1308 35
2538 2545 4704
1775 1795 1306912320
2495 2502 1200
1546 1549 9
7575 7577 36472301628
6654 6656 28
4045 4047 30
6630 6633 189
5452 5456 42
1598 1601 9
1222 1227 58086319404
2426 2437 1543500
3412 3413 6
5001 5003 12
338 339 15
4388 4390 105
5209 5215 4116
3967 3969 15156671120
480 486 280
1842 1845 14
2761 2766 1176
6797 6803 80
3890 3892 42
35 36 2
317 329 294000
4437 4444 360
3 4 2
126 131 21
2906 2907 34823486964
6782 6783 1
4017 4022 83534779628
3162 3174 90720
4801 4804 10
6841 6842 15
948 953 48
1213 1216 210
4973 4977 98
2443 2447 252
1965 1967 30
1406 1409 50
1861 1865 80
2193 2199 210
5954 5957 8
7886 7891 168
5327 5330 20
2764 2766 98
3647 3649 94084437838
206 207 15
1894 1897 20
8127 8130 105
705 708 16
4291 4295 108
3449 3451 30
2383 2387 210
53 56 50
2121 2140 240045120
1525 1529 24
6939 6943 56
5282 5291 105840
7037 7039 12
7919 7921 60153539544
7289 7296 504
7098 7108 157500
5319 5322 15
3224 3231 5600
5793 5805 2058000
6437 6438 14
2478 2492 60480
7468 7470 8
4206 4209 30
1439 1442 20
6334 6349 2940000
1539 1541 10
7492 7493 38625592080
4536 4538 147
5407 5409 30
7876 7878 63
8009 8012 98
802 807 112
136 137 14
7762 7764 30
5421 5426 882
5167 5169 105
673 674 53623279794
2004 2006 12
2336 2339 38567768967
1789 1808 63504000
959 961 54125857436
2193 2202 30870
8091 8094 147
6624 6628 189
397 400 686
4786 4789 14
721 724 441
6758 6762 10
4144 4145 21001388064
2376 2381 36
3453 3456 8
5056 5057 15
1663 1669 3150
3068 3078 1008
2442 2443 64759843298
4527 4531 135
6500 6501 21
6052 6055 89826197515
7295 7296 9
6545 6548 8
5825 5826 10
1303 1306 105
5385 5386 20169231325
1912 1915 84
3554 3566 7560
7460 7466 168
4881 4885 36
3793 3798 420
7236 7243 360
8008 8011 686
4193 4195 42
4882 4887 72
3365 3369 26817928780
7438 7448 1575
1342 1351 12348
4848 4850 75
5348 5350 8
3531 3540 50400
1121 1122 49
2764 2767 196
6365 6384 5248800
4901 4902 4
6873 6875 70
1822 1823 9
799 806 224
2085 2087 35
7947 7950 12
5649 5650 86925384418
4871 4876 36
5740 5743 9
4469 4482 254016
4073 4074 94018247032
1131 1132 10
80 87 1680
2242 2244 77155992560
2060 2073 1071630
1565 1566 5
2760 2764 168
4548 4553 4802
4701 4713 2520
6758 6763 20
2069 2075 756
6365 6382 1749600
799 805 112
2702 2708 1260
4842 4848 3528
7620 7622 28
779 781 63
1260 1261 81957008409
7512 7517 240
120 131 756
7777 7785 540
6033 6035 21
6562 6565 294
1444 1447 56
5150 5157 756
794 795 66043087017
5145 5153 294
4270 4277 588
4416 4419 36
6249 6252 42
2371 2372 9
932 941 1512
3834 3843 6048
6958 6968 588
3230 3232 20
8005 8006 47864309080
1829 1834 72
7091 7093 55012589400
3012 3015 30
2175 2177 18
3112 3130 60011280
4824 4834 2880
5442 5443 14
5371 5373 12
1149 1158 3000
61 62 21
598 606 26460
3875 3879 24
5397 5407 15120
3643 3646 28
7516 7522 360
2770 2771 21
3068 3075 504
5855 5859 120
7540 7549 1620
2303 2305 8
3347 3348 39232850043
5132 5135 210
4842 4846 168
4462 4465 150
6616 6620 10
3660 3664 12
7564 7565 14
100 102 12
5376 5383 12348
5615 5619 252
7117 7130 88200
1271 1276 24
707 709 28517003672
5040 5044 140
368 377 960
2318 2319 21
1913 1915 42
1090 1096 336
8058 8059 70648746700
2907 2912 79596541632
6169 6172 90
6209 6221 2469600
5297 5299 35
3764 3770 486
3826 3828 721754424
2878 2883 140
1080 1081 15
1336 1342 8820
6733 6737 54
7321 7340 2541218400
7222 7223 73221936612
7464 7470 32
5108 5111 42
7167 7168 11403034608
909 917 630
2377 2381 18
367 369 8
1304 1309 70
3224 3230 2800
6802 6805 40
4885 4888 84
6239 6242 40
4251 4254 14
5754 5760 192
3585 3586 49
3255 3258 12
5552 5554 21
4272 4278 168
8033 8038 162
3976 3978 42
4406 4408 12
2140 2148 972
4835 4839 60968340294
1265 1268 735
3519 3528 15750
687 695 8820
2035 2040 54
5524 5528 294
4313 4319 96
710 715 540
3818 3824 3500
4213 4214 10901091570
6195 6214 463050000
6755 6760 80
7618 7621 56
7259 7267 16464
5275 5282 4725
1480 1484 147
5920 5925 56
7512 7519 1200
4984 4988 30
7909 7915 24
3760 3763 8
5643 5644 21
2885 2891 28
3567 3568 35
3490 3493 21150834280
7000 7003 56
2733 2750 864000
3883 3885 57790990736
6207 6221 37044000
3760 3766 72
4403 4405 20
3907 3909 30
6133 6137 84
7009 7014 24
1403 1408 700
200 205 36
2500 2502 20
676 677 10
6323 6347 51861600000
7693 7695 28
3320 3323 18
3155 3168 2646000
2976 2980 30
7723 7728 60
5793 5804 1029000
4746 4760 1286250
7877 7878 9
5818 5819 10
1585 1587 21
3336 3342 150
3706 3708 28
7875 7876 14
769 770 70606561387
7921 7923 17186725584
3419 3422 8
351 356 24
956 959 28
6953 6958 69587715106
1211 1215 252
3465 3467 35
2177 2178 42948899008
6645 6646 21
7730 7732 10
3209 3210 23633389028
3128 3130 14
5662 5666 54
4214 4217 10434487212
3701 3703 30
2364 2369 180
8037 8038 9
7138 7156 26460000
983 984 57465584226
7029 7033 10
899 900 26290439118
7008 7014 48
5355 5356 98698174885
7628 7648 432000
7992 7993 97768169910
3458 3459 1898857235
1283 1288 750
3727 3732 15492826028
6172 6175 24
6838 6840 95648945691
1652 1659 96
1677 1679 30
4415 4419 36
6772 6777 882
4837 4841 60968340294
7170 7173 42
7991 7992 97768169910
7740 7741 14
2566 2571 9
2887 2894 64202308296
7039 7040 47961702536
1123 1125 68669170122
577 582 252
2169 2170 2
2859 2863 42
6632 6634 63
3219 3222 60
665 669 56
4793 4803 80
1829 1838 3024
706 708 8
3652 3655 32292602082
7565 7571 336
1726 1728 10
1197 1200 84
6593 6597 60
7718 7721 42
2737 2750 144000
2340 2342 30
830 831 21
5490 5493 10
6822 6824 42
7405 7410 2450
7802 7806 180
1616 1619 210
3349 3355 4410
2524 2531 23625
1737 1739 99514263808
5526 5539 67200
6762 6766 75577047400
4768 4774 180
1169 1171 25
2551 2556 900
926 928 8
4824 4835 2880
7035 7039 24
2981 2984 58367306142
7434 7435 86439108601
7995 7998 18
2605 2606 80632560472
130 133 83240032104
7720 7722 42
875 879 24
4972 4973 56773507854
7726 7732 90
7796 7799 8
5571 5573 28
995 997 18
4478 4490 272160
5303 5304 14
8118 8123 1134
4192 4194 98
5721 5723 9
8087 8088 21
3435 3437 35
7973 7976 14
2832 2835 35
6978 6985 72
1781 1805 3734035200
4182 4188 630
1881 1884 10
3956 3965 2016
1335 1340 2940
3069 3080 336
7288 7294 392
3869 3872 50
920 923 36
375 386 58800
2430 2438 12600
1838 1839 21
7789 7792 12
5138 5152 264600
522 523 15
3484 3488 72
2608 2612 12
1076 1080 42
5983 5984 48482444421
327 335 504
3245 3248 12
4045 4048 60
2304 2306 8
4611 4615 21
4534 4535 95773042552
5512 5517 12
5830 5834 189
7315 7336 7623655200
6245 6251 2646
2707 2708 21
5918 5925 784
500 519 250047000
2020 2021 94028498025
6846 6847 80349689247
6287 6289 28
2761 2765 168
3686 3692 324
5251 5253 8
2555 2561 420
6763 6766 75577047400
4704 4713 168
2224 2228 120
2695 2696 92636464238
7950 7954 24
5425 5430 168
2926 2927 9
1804 1820 16464000
13 18 504
6223 6226 36
3672 3675 11912315352
4645 4651 420
194 203 18900
3901 3904 30
5394 5396 40697297749
149 152 28
397 398 49
7946 7947 43442255808
5515 5521 270
939 941 18
846 849 126
2102 2104 8
461 466 144
7771 7785 37800
7224 7225 59961016922
