8540 4543
6341 6350 84
1737 1758 136080
7475 7504 21432600
1049 1054 126
6505 6508 92873852276
5847 5850 42
542 543 14
7171 7189 6300
6099 6100 45112715622
7561 7564 10
4319 4329 108
3372 3374 10
5110 5123 224
2775 2807 10886400
4298 4313 7560
4819 4833 1260
6082 6088 12
7819 7824 15
5343 5347 84
2617 2620 10
1376 1377 55332712809
2344 2379 42353640000
5904 5909 84
4372 4389 2520
5170 5178 140
8096 8105 630
2158 2159 24368619783
1757 1761 35
6056 6057 73070205179
2596 2604 72
7880 7886 36
6831 6839 42
5739 5743 14
8221 8228 9
5071 5078 83175206296
1790 1810 217728
7258 7263 60
7324 7331 42
8007 8011 98
1951 1954 18923051334
3405 3413 54
1683 1693 7938
2286 2292 16
4117 4121 105
6044 6046 77089647416
6113 6121 20
3952 3953 14
1905 1912 24
3463 3470 8
5068 5073 29705430820
5862 5870 144
5405 5417 2520
3712 3733 70560
8081 8092 6860
3468 3500 166698000
3423 3425 14
5892 5901 15
7107 7109 66581070470
768 769 54979418370
7541 7544 1249197722
6204 6210 12
5186 5198 9072
3758 3762 90
3616 3626 147
5938 5966 544320
6962 6972 24
4181 4187 120
8524 8529 54
1545 1553 20
746 749 29517384048
4163 4173 350
3512 3516 60
1337 1344 1620
7827 7834 840
7141 7151 504
3584 3591 120
1587 1588 89746012716
6561 6570 36
8518 8519 9
1359 1375 18900
1304 1316 3888
4737 4746 72
6755 6758 14
7614 7632 176400
510 512 61632738942
2731 2747 576240
1390 1405 329280
7544 7553 1050
3276 3283 210
5431 5434 6
7785 7786 11981560545
609 610 38561707431
4785 4800 493920
5652 5667 4200
4484 4490 90
5837 5839 59035659620
829 844 8400
989 996 28
3144 3161 1764000
8364 8365 38722709002
8403 8414 3240
8288 8289 10
144 149 350
6175 6179 67723756943
7881 7888 84
8333 8334 5
6466 6470 70
7893 7897 19778183124
4186 4194 32944340805
8093 8100 1470
645 654 42
1348 1352 245
4087 4094 140
7605 7611 49602468241
4648 4656 24
7479 7504 4286520
3402 3412 270
4461 4465 2058
2236 2244 72
3319 3325 9
4454 4462 56
8333 8336 10
2822 2834 350
6791 6794 18
5485 5489 21
5859 5870 720
6857 6864 53633595807
7060 7062 21
491 498 36
5838 5839 8433665660
1933 1945 324
3902 3911 8
7234 7237 70
1676 1683 294
6439 6443 73461046604
5793 5797 105
476 481 12
3431 3441 30
3485 3504 708750
6898 6901 9
6935 6936 15
4967 4973 10920501966
7715 7721 36
5441 5444 44855289213
344 346 24393854206
2131 2132 14
8121 8122 15
5834 5837 42
302 312 216
7931 7944 180
3490 3504 9450
4030 4042 6048
4710 4735 152409600
137 144 3150
198 199 21292152655
5025 5036 250
4764 4765 15
2020 2026 18
1342 1348 126
4003 4007 66736272894
5054 5056 40454159474
6415 6419 67209439598
877 904 52920000
959 963 54
5414 5420 140
1771 1786 840
8171 8173 1
5373 5388 3150
4738 4747 36
4495 4501 1764
2918 2921 9
6856 6857 53633595807
8180 8202 378000
2897 2898 60967252373
8060 8064 94588740688
2352 2379 11524800
877 903 7560000
7880 7884 36
7639 7642 57077222631
1438 1452 40320
3465 3473 56
6037 6038 58228332171
4335 4337 86982196826
2375 2382 28
4284 4286 12
6509 6515 90
1365 1375 1350
4047 4050 30
5660 5669 9800
6711 6712 82195493122
4550 4561 240
793 800 126
2162 2167 70
1959 1969 11760
255 292 1037232000
2566 2573 300
6025 6028 9
127 128 39246469549
5630 5642 1440
4341 4346 42
3293 3300 24
548 550 65875511170
4313 4326 144
6527 6529 97818705943
1764 1767 84
7092 7104 300
8095 8103 315
6326 6337 108
6009 6013 30
6918 6922 35
8516 8519 9
8418 8425 18
1928 1935 45
5160 5166 35
6314 6319 8
1711 1715 14
7777 7786 71889363270
1968 1984 864
8299 8305 93361579688
5882 5887 315
5848 5860 1176
5904 5908 42
5678 5685 50
2931 2938 28
2920 2926 52817940072
4312 4319 8
67 74 36
2090 2093 42
8322 8329 95072126220
4926 4927 10
6807 6822 7500
7571 7578 69843761396
2773 2791 12600
6575 6578 38322114800
5542 5552 900
4926 4929 40
8104 8107 66144442422
6542 6558 120
2174 2179 20
1004 1010 83257060354
6053 6055 42
5426 5434 24
7807 7811 8
1518 1544 1360800
5414 5419 20
7016 7021 15
2493 2518 127008
5340 5344 90
4339 4343 30
5670 5671 59222452178
1362 1375 2700
193 195 9
3900 3905 8
5019 5022 8
4293 4296 92288116294
5811 5829 20160
378 386 32
7865 7880 21600
4571 4575 98951845451
4421 4422 49
4306 4313 8
5572 5582 160
842 880 11524800
4627 4633 336
1045 1050 126
6436 6437 21
5025 5032 25
1366 1375 1350
595 605 720
3591 3596 69222493620
7856 7859 59798456512
3925 3930 12
5751 5772 13720
674 682 100
5429 5434 24
3382 3388 25
4770 4772 66813941957
6429 6433 18
8068 8071 73642755154
2278 2279 98351449913
2218 2224 175
1915 1922 28
1959 1968 11760
8305 8308 93848364744
7254 7259 24
7949 7956 18
1051 1054 21
3352 3354 10
637 643 30
6991 7008 162
2875 2891 32928
5149 5150 2507233118
3379 3383 92665230807
7299 7304 24
8377 8397 11340
990 996 28
2620 2621 14
6557 6566 90
24 26 21
6390 6398 45
2167 2170 10
7520 7523 147
6259 6272 600
7205 7206 43453667513
1636 1644 48
8152 8173 95256
373 382 24
3209 3215 108
6739 6742 97876746444
6876 6880 12
4893 4896 21
7469 7503 1607445000
6519 6524 8
2990 3012 846720
5244 5261 1764
2458 2469 40
7094 7104 60
4554 4566 1008
5877 5882 93022392474
189 190 20260946173
2944 2947 10
2440 2444 21
5368 5388 28350
4564 4572 20580
7542 7545 1249197722
8303 8306 93848364744
4072 4082 630
7361 7362 89249814735
7030 7037 65240365980
7190 7196 504
2745 2754 252
8049 8050 25
1374 1377 55332712809
8171 8174 69566744673
5482 5489 126
6015 6019 48775683206
4165 4181 24500
6834 6845 270
4841 4851 24
8447 8460 336
1754 1759 105
694 699 31958399098
4276 4281 14
305 316 1080
468 472 54
2123 2126 28
3952 3956 14
5261 5269 24
364 371 294
542 544 14
6047 6050 42
5337 5343 450
2447 2452 56
956 962 378
5159 5165 70
4764 4766 15
8150 8173 571536
1588 1590 18
1850 1873 4032
3938 3950 1080
5935 5966 2721600
2716 2733 5760
4149 4153 45
8416 8422 88811445168
6276 6279 24
1416 1435 16200
2133 2134 95035075437
4111 4115 12
390 392 14
109 112 20
3489 3504 28350
2523 2529 3528
3658 3689 282240
5329 5333 210
7023 7024 10
7693 7697 63
1352 1357 30
5072 5078 28
998 1003 42
7565 7567 15
1588 1595 54
343 345 23632650463
7937 7944 60
2438 2440 18
7557 7560 3
6365 6372 350
2643 2655 315
2995 3017 211680
4349 4350 48635757121
6585 6591 100
7798 7801 12
8184 8202 21000
6595 6604 216
913 919 4410
1311 1316 108
4516 4519 20
2841 2845 4278070480
1319 1324 42493517232
5180 5187 83757787830
88 91 21
1868 1874 42
211 214 10
2944 2948 20
2045 2058 1125
3502 3506 245
5927 5928 70236291954
6535 6551 12
1879 1892 6000
3400 3406 5
7721 7723 6
7451 7488 120960000
5273 5291 66150
8266 8275 140
7795 7799 28
6007 6011 105
8275 8276 76186585158
1027 1035 45
6606 6612 8
4210 4213 12
3149 3179 63504000
7805 7809 8
4906 4921 29400
288 292 10
7569 7570 64389906612
3914 3922 36
3621 3628 882
8413 8417 88811445168
6129 6139 1680
92 102 1125
2129 2131 14
974 981 80
3890 3894 84
6033 6038 58228332171
5932 5955 168000
5810 5825 2880
1888 1899 450
8133 8159 85730400
2224 2225 84401320882
731 742 168
151 161 810
4156 4158 32303503266
5641 5656 189
5101 5114 49392
4940 4942 30
6101 6114 4116
2647 2655 63
190 192 20260946173
6805 6806 29814963142
1840 1869 2032128
829 843 4200
5120 5126 8
329 339 9
7090 7098 150
7831 7834 140
5444 5447 15
1167 1172 700
5509 5511 42
852 884 439040
7571 7577 69843761396
336 341 28539042093
4860 4873 162
2634 2636 30
1039 1047 14700
5104 5114 7056
7260 7266 60
6680 6692 84
4593 4597 41051703212
8357 8359 54358794990
2987 2997 5040
8246 8254 16
2511 2528 74088
4525 4533 270
5145 5150 87753159130
7884 7888 21
1626 1632 35
4123 4126 95209273566
5682 5693 160
4896 4898 21
317 320 1
5562 5563 49994665170
89 94 63
6936 6937 60610857942
6605 6610 12
1171 1182 336
1075 1087 168
4149 4151 15
215 218 11151585401
5009 5014 8
1153 1157 10
1238 1241 175
6130 6139 840
2156 2158 8122873261
6777 6780 81373195936
7124 7134 84
6488 6490 95831493615
94 103 375
4180 4187 120
6474 6476 42313444693
5638 5649 378
8216 8218 93431479468
2382 2385 36383354376
1577 1579 15
6547 6562 120
4290 4291 3
1380 1387 12
6188 6197 504
1801 1818 63504
2178 2187 56
3084 3096 720
5183 5195 3780
7825 7829 70497237622
1145 1147 21
7605 7612 49602468241
4448 4458 49421813108
8511 8519 441
2076 2087 160
1449 1453 60
2654 2662 420
5084 5088 54
2155 2156 40317971658
1514 1521 60
2155 2157 40317971658
7878 7884 360
12 22 630
4638 4642 21
2981 2985 15
1027 1034 9
7442 7464 153600
797 810 1620
6361 6372 1400
6619 6630 5880
3990 3991 88616752475
4020 4027 9
3713 3734 28224
5945 5978 152409600
7501 7505 9
2384 2388 8
592 599 180
3216 3221 14
6227 6236 168
5246 5265 3528
5814 5830 10080
4412 4413 43913798243
2671 2690 3840
363 364 2
6422 6431 162
727 729 98874893776
6485 6487 30
8121 8123 15
5947 5978 38102400
4288 4291 147
4360 4377 300
8502 8519 882
1318 1323 28329011488
1920 1925 55402671045
2140 2145 60
73 81 9
474 476 55870028718
7944 7945 47467905830
636 643 90
2862 2869 20419994872
5554 5560 54
5532 5541 135
3383 3388 25
4371 4385 90
3181 3185 12
1965 1975 672
847 882 1646400
7618 7637 882000
5699 5700 10
6530 6536 90
2246 2247 14
6904 6905 72775511691
2238 2244 12
323 331 243
8298 8302 46680789844
931 939 560
2930 2938 56
8523 8529 54
4198 4199 9
314 320 15
7628 7638 1200
8262 8266 126
3563 3568 84231683190
6159 6160 53523648052
7189 7194 252
1151 1156 10
528 530 1
8469 8489 197568
645 649 21
6572 6576 21
1707 1714 30
5447 5450 210
1075 1084 84
4377 4401 680400
2382 2384 18191677188
3356 3359 37543617666
8179 8188 1800
5800 5806 42
7775 7783 84
5860 5870 720
187 190 40521892346
4572 4575 98951845451
1093 1098 91454500149
4623 4629 42
7329 7332 24942205570
6234 6249 126
3757 3760 30
6128 6132 40
3286 3300 216
6823 6834 7560
3934 3942 36
4634 4636 14
5656 5668 9800
4297 4312 3780
488 496 36
6471 6474 42313444693
2525 2534 24696
2640 2641 99533024112
501 511 15
7438 7439 810742612
8456 8464 210
8521 8528 54
1547 1558 600
139 147 4900
7627 7638 1200
1082 1095 28
6506 6509 92873852276
6480 6482 10
6869 6870 74731331217
5440 5442 44855289213
7019 7021 15
391 393 14
4103 4106 10
5440 5443 44855289213
7597 7607 45
4990 4991 55499645507
8526 8529 18
7189 7193 126
4724 4736 7200
6076 6088 108
4456 4463 84
3693 3710 1512
582 585 87182714905
1932 1943 162
2599 2615 960
3336 3347 80
1698 1711 123480
2362 2381 117600
5601 5636 60480000
2035 2042 42
6021 6026 108
6458 6470 94500
7664 7678 19845
2062 2069 64498439450
7383 7421 23708160
800 820 2916000
3500 3504 105
2711 2714 75
3238 3247 14
694 701 63916798196
5573 5582 160
1288 1297 252
1027 1031 9
4248 4251 86199934351
4728 4746 5760
751 765 432
771 776 126
4641 4642 21
4809 4830 136080
2161 2165 35
7333 7335 46297759731
6688 6708 70560
7538 7543 6245988610
8420 8434 2268
68 79 54
6178 6180 67723756943
8468 8484 14112
5048 5050 18
8145 8172 180033840
5085 5091 756
7306 7319 126
5044 5050 504
8099 8105 30
6866 6868 98
177 179 86640394463
3728 3748 790272
8286 8288 10
2157 2158 8122873261
2594 2600 126
5480 5488 252
4816 4833 7560
5404 5415 252
4149 4154 45
63 65 67127750400
7894 7908 180
1343 1350 126
6068 6070 47836879029
3180 3185 24
7968 7971 15
941 944 18
2214 2219 150
4054 4055 22341971406
4184 4190 60
6593 6603 648
8497 8502 8
2115 2121 8
4079 4093 37800
353 354 57925541868
5901 5903 78627539619
4153 4156 64607006532
6367 6372 35
7253 7254 74878816782
8052 8058 90
2279 2281 98351449913
2283 2285 43287147345
471 473 45
916 922 4410
4566 4573 1470
3902 3915 48
6605 6609 12
2204 2214 36
4995 5001 14
4636 4641 14
5446 5448 30
7909 7924 540
2773 2797 151200
4279 4283 40930335131
6057 6058 73070205179
2859 2869 40839989744
1064 1074 5292
3774 3806 72576
2020 2027 18
3532 3535 52523710550
3638 3651 864
7337 7345 200
3343 3353 200
8198 8203 25
5980 5987 16
8053 8059 45
8011 8031 1749600
7031 7037 65240365980
4967 4979 98284517694
537 539 21115619896
2104 2107 54752629247
2959 2964 30
8006 8008 28013403460
1204 1206 36572098202
3188 3189 29138412679
7111 7115 84
2199 2208 36
2653 2658 294
7258 7264 60
3099 3101 41211759111
7892 7895 32963638540
7649 7666 2916
2374 2382 84
2024 2030 9
4696 4700 12
6957 6970 36
3502 3505 245
686 687 78681448076
3541 3547 60
7269 7285 108
4388 4403 3780
3758 3763 90
4136 4137 67381735769
1834 1862 8467200
5219 5245 22044960
2247 2248 17510246416
5088 5093 168
1350 1353 35
342 345 23632650463
6617 6630 5880
2340 2379 84707280000
2444 2445 20392641508
1416 1425 270
3506 3507 37739770780
7122 7130 12
4965 4969 32761505898
2920 2923 17605980024
4668 4670 42
2937 2940 36537222868
5828 5831 21
7328 7331 14
48 54 10
7114 7116 29713800462
2555 2561 15
8363 8364 38722709002
5890 5901 15
7816 7824 30
6168 6172 35
8528 8530 25381659420
4658 4661 126
5702 5712 95655038628
2291 2323 60480000
3222 3226 58765642848
2060 2067 64498439450
1988 1990 15
92 97 375
3862 3868 12
8215 8218 93431479468
964 966 42
6695 6708 2520
6917 6918 14
2612 2618 60
3140 3141 96997441655
2739 2749 1372
6762 6769 280
3565 3570 84231683190
2978 2980 12
997 1000 21
1544 1547 2
964 968 420
4785 4799 246960
221 231 1800
4333 4334 62357501244
1965 1977 672
6796 6803 300
2831 2834 70
3611 3618 105
4703 4708 36
1411 1425 810
4163 4176 700
2914 2916 50
8209 8217 8
6422 6432 162
7852 7856 8
7022 7023 84746026350
1870 1874 42
2265 2269 200
3036 3047 70
4263 4272 1122901980
6699 6708 420
1915 1923 28
4594 4598 41051703212
6457 6463 90
7525 7528 105
1004 1009 83257060354
7170 7180 490
2563 2570 90
5839 5847 2016
1350 1355 70
7826 7834 840
6498 6500 72239552582
702 713 3920
1073 1081 84
3535 3541 42
1180 1185 12
2243 2246 35
3246 3251 30
140 149 12250
5402 5412 504
1051 1055 21
6280 6282 14851077288
2581 2592 420
6822 6827 60
4483 4488 150
5330 5333 210
4637 4641 14
4072 4076 14
2235 2238 18
3933 3936 56166639736
6013 6014 10
1515 1525 540
1224 1232 42
7811 7815 52368856152
6530 6533 30
3323 3327 15
6422 6423 3
641 643 3
3557 3558 15
7858 7859 59798456512
3301 3302 16476422226
4221 4233 4725
5899 5901 15
2416 2439 60480
2864 2870 10209997436
5024 5025 15
6765 6769 35
2099 2103 79268168492
1608 1627 11760
4804 4813 180
7110 7114 28
6613 6615 57465836970
4372 4385 90
7675 7691 1620
7288 7301 252
1715 1717 68604096260
466 471 36
4527 4534 30
2848 2851 20
8031 8033 7220364503
6389 6395 45
5788 5796 63
2670 2682 160
5032 5038 150
190 194 60782838519
4075 4082 90
6615 6627 12600
4258 4267 140
7047 7051 50
955 957 21
5097 5102 21
4895 4898 63
6623 6633 84
5840 5849 21168
202 208 56
5863 5871 336
6799 6803 60
7430 7435 28
5705 5735 3265920
6358 6370 1400
5555 5561 108
1881 1896 2000
3502 3504 35
4662 4668 28
2448 2455 56
2449 2456 8
973 976 60996458958
6863 6866 14
116 117 82969140846
6908 6910 25
656 670 11760
4523 4526 36
7782 7786 23963121090
1568 1569 2
4286 4288 42
5997 6003 1260
3176 3184 24
2818 2831 10
748 749 14758692024
7030 7036 65240365980
3431 3439 30
1403 1412 8
3246 3250 30
6761 6767 16
4103 4108 20
7835 7836 30086362944
1948 1950 2
4203 4204 61271067826
8418 8430 756
7723 7727 27
4966 4971 10920501966
6561 6567 12
4751 4761 42
8489 8499 120
4327 4331 21
5479 5483 18
4287 4290 147
3377 3378 91321977111
5657 5669 9800
7992 8004 1764
615 617 70
4253 4265 140
5679 5692 2000
7256 7259 12
1043 1049 1470
1988 1993 45
3310 3323 480
1777 1799 24192
398 401 10
1283 1292 48
1608 1623 840
4238 4247 3528
5769 5774 28
6713 6714 55290661983
2715 2726 93111249024
820 823 10
5633 5647 1680
3324 3327 15
6246 6259 1215
6866 6867 49
5617 5638 6720000
723 726 9
5744 5747 68985652678
7608 7614 49602468241
303 313 432
4348 4350 48635757121
272 292 720
4508 4512 24
4597 4603 24
8048 8050 75
6947 6948 64034973560
7892 7893 32963638540
3602 3615 11025
3558 3561 10
3183 3185 12
3813 3853 2143260000
6883 6892 300
1458 1462 45
4280 4284 17541572199
4760 4762 3
5870 5871 14
2179 2188 84
8038 8043 125
7763 7771 1000747828
6221 6236 16464
2683 2695 720
711 715 18
1342 1349 126
4098 4099 36584869290
7974 7995 1852200
6943 6944 9
7284 7301 6804
2091 2097 126
1127 1132 10826996524
789 791 42
7150 7153 25
1837 1867 50803200
1484 1485 26398644547
629 637 180
4671 4677 68324074610
8016 8032 58320
3631 3632 93584611621
2528 2538 1176
2398 2407 98
735 746 24
3324 3331 45
7298 7304 24
3109 3132 2160000
5492 5493 1
2689 2695 30
1990 1996 54
498 499 62171782074
2962 2964 10
6575 6577 38322114800
8354 8358 12
335 341 85617126279
2549 2554 28
3406 3424 12960
4961 4968 450
6149 6155 21331115400
592 598 180
5945 5977 76204800
2130 2132 14
8060 8065 94588740688
4424 4432 55030315884
8322 8326 95072126220
7091 7101 150
7073 7085 60
7787 7788 81849339836
1469 1470 2
5175 5178 14
6477 6481 18
548 549 65875511170
346 349 48787708412
7694 7698 63
8006 8007 4001914780
6884 6893 150
3193 3194 97755230235
7042 7048 15
5135 5142 75
2295 2330 217728000
5724 5740 30240
1267 1273 18
2203 2210 36
2821 2834 350
3509 3512 75
2891 2893 70
7732 7734 83226475696
5585 5587 67602166854
907 919 110250
7713 7717 2
2920 2924 52817940072
6737 6742 97876746444
5873 5881 62014928316
6839 6853 1260
7718 7723 108
6884 6900 141750
6056 6058 73070205179
8351 8354 105
7945 7947 28480743498
949 953 28
961 963 27
3853 3863 840
7833 7834 14
4561 4569 5880
1728 1738 112
2777 2811 43545600
6763 6769 140
2871 2888 23520
1798 1813 6048
6015 6017 48775683206
3763 3764 54299829702
4396 4409 504
4130 4132 23678814911
2247 2251 17510246416
2368 2381 11760
5798 5799 15678517970
7781 7786 23963121090
1039 1046 14700
416 428 126
6907 6909 25
5933 5961 4536000
1659 1667 75
1981 1986 12
4955 4961 80
7042 7046 15
8480 8497 6720
4722 4736 7200
4138 4142 350
5703 5719 48
5567 5570 15
7349 7353 8
2534 2539 18
2884 2891 28
4568 4573 98
6614 6615 57465836970
3523 3524 36526423008
3406 3418 648
2040 2057 20250
8027 8032 12
8033 8037 86644374036
6822 6832 2520
5632 5646 3360
7293 7302 252
3527 3529 78620055972
4164 4177 700
6713 6715 55290661983
301 311 432
3344 3353 40
2812 2815 20
7443 7464 76800
3178 3184 24
3902 3913 16
7644 7646 18514234466
7701 7706 1029
4054 4056 22341971406
6527 6528 97818705943
6469 6471 14
4126 4128 73576540941
4470 4475 50
2752 2755 18
2470 2483 504
2736 2747 57624
4988 4989 21
1833 1858 4233600
2913 2915 70
7873 7881 2400
4934 4937 28
3225 3227 58765642848
4140 4144 140
8343 8351 10
7669 7682 59535
3972 3973 95551834184
1728 1739 336
6583 6584 69357555249
2069 2082 840
3432 3443 15
5510 5512 14
3869 3871 57623516222
6801 6805 30
7888 7891 56
3129 3134 24
2040 2056 4050
2980 2984 30
7882 7888 42
6475 6480 18
6066 6069 47836879029
6070 6075 1700213970
5059 5065 35
1052 1055 21
1041 1048 7350
800 821 2916000
469 473 90
6773 6777 48
8206 8211 24
2245 2246 35
4426 4437 55030315884
620 621 44826150994
3766 3806 45722880
625 628 12
6949 6950 10
4228 4243 840
2266 2276 300
1965 1970 14
1488 1505 7200
6791 6792 3
202 205 14
8235 8241 30
7601 7609 15
1219 1222 42
2838 2840 80639511769
7061 7063 35
6060 6067 252
7107 7108 66581070470
1314 1318 36
7917 7934 3360
3850 3855 7
4586 4587 65515581660
7738 7750 6804
7106 7108 66581070470
253 275 14406000
4515 4518 20
7146 7153 1050
5144 5148 245
6390 6395 45
8004 8007 8003829560
1891 1900 90
6197 6204 21
3274 3275 48994828970
6953 6964 504
108 112 140
1638 1646 600
4747 4749 12193119940
2967 2970 105
401 402 5
1165 1170 350
4541 4551 300
3531 3533 10
1529 1546 1008
1416 1428 540
7159 7175 30870
2838 2839 80639511769
611 614 10
6058 6066 1764
5944 5967 181440
1340 1346 108
2842 2846 12834211440
4310 4314 2
5735 5740 28
845 882 1646400
6291 6312 1071630
3121 3133 1200
8368 8391 180
6783 6788 10
3746 3759 4536
1172 1182 168
8048 8049 15
1157 1159 10
7040 7046 75
4151 4154 15
5589 5594 126
962 965 189
3259 3264 40
6021 6025 36
2124 2126 14
1648 1653 45192907854
2097 2098 2
3363 3369 14
3095 3098 15
4882 4893 360
2187 2188 21
4489 4491 89655616593
6282 6285 51978770508
6545 6558 60
787 789 14
7600 7607 45
1267 1276 108
5696 5697 87637510536
8367 8385 300
2782 2813 12096000
2171 2173 11308783230
2672 2693 9600
6934 6936 15
3964 3970 28
5897 5901 15
3514 3522 1200
2137 2145 1260
934 939 28
8287 8288 5
6140 6154 21331115400
2366 2381 117600
6932 6933 39597675567
4665 4670 42
4589 4594 35
1192 1198 89878780954
4260 4269 5614509900
5168 5173 19396894820
6746 6756 8820
767 769 54979418370
3956 3959 62172021090
5366 5383 1134
1122 1128 48721484358
3195 3196 18305953655
4518 4525 120
6166 6167 58679189773
7379 7387 2205
5601 5625 18000
6168 6175 35
7836 7841 9
6512 6519 1800
6965 6979 126
329 338 9
6714 6720 12
721 722 12859741932
4678 4690 360
4500 4511 96
3029 3037 24
3036 3037 1
5750 5754 175
487 496 108
6857 6862 53633595807
2486 2494 9
591 598 180
1895 1906 90
5243 5257 5292
7845 7852 9
3041 3051 200
4790 4800 7056
1588 1591 18
5129 5131 61244923315
981 994 16
4867 4886 5400
1716 1719 58803511080
5730 5740 168
409 414 80
2936 2940 36537222868
5183 5196 7560
3288 3300 72
6047 6048 21
2715 2717 1293211792
4931 4934 28
4561 4568 840
5702 5705 15942506438
380 388 80
1690 1698 2160
5598 5617 288
4010 4011 35
6084 6088 12
5492 5494 38988734538
3568 3574 8
3885 3893 756
7094 7106 120
5217 5236 635040
723 727 9
3950 3953 70
3908 3915 12
8290 8291 14
6145 6154 21331115400
8078 8085 56
2468 2483 504
2821 2833 70
7083 7085 1
615 618 70
1993 2002 126
4292 4293 92288116294
6198 6205 14
5200 5210 600
716 718 30
5672 5673 17121793066
2525 2538 49392
5342 5347 252
1370 1375 27
7645 7648 55542703398
5134 5142 75
4451 4462 56
4835 4836 81012448926
5981 5987 16
4138 4141 50
3325 3331 15
4209 4211 41919980890
2055 2059 50
774 789 151200
1295 1301 105
8481 8497 3360
7507 7521 100842
5204 5211 60
6021 6023 6
1047 1053 18
210 213 30
6087 6090 18
5230 5248 612360
699 701 31958399098
5980 5986 8
5147 5150 2507233118
6088 6095 18
4278 4282 40930335131
7048 7062 50400
3617 3626 147
8317 8321 63
8263 8271 1764
6898 6902 9
8052 8059 90
1360 1375 2700
7264 7266 2
7824 7825 35248618811
439 456 1666980
4439 4447 168
1949 1954 37846102668
1777 1794 2016
5334 5339 71853150210
2731 2745 576240
946 953 196
4534 4537 53912816628
1193 1200 89878780954
7096 7106 60
4625 4630 28
628 637 540
7038 7046 1050
2915 2916 10
3089 3097 90
1181 1190 120
5439 5442 89710578426
6039 6040 66776747734
356 364 280
64 68 44751833600
5246 5269 14112
6654 6660 9
8234 8237 12
5158 5163 350
7738 7752 20412
1778 1807 290304
7199 7201 90999037241
7760 7769 1000747828
4103 4107 10
6978 6983 14
3569 3584 448
3207 3211 12
7278 7289 324
4157 4170 630
3253 3254 3
1931 1940 27
6087 6095 36
1293 1300 105
5554 5559 18
3797 3815 504
688 690 87209914348
1580 1582 83410448091
1269 1281 15120
8338 8340 33681802182
5095 5096 36344929076
1347 1352 245
1866 1874 882
7425 7432 210
4975 4984 126
3513 3522 3600
4062 4068 126
2261 2267 80
2057 2061 20
5858 5867 120
1967 1979 48
7437 7438 810742612
2332 2334 69798947740
1186 1190 10
1808 1823 31752
3072 3076 49
7895 7912 1620
1951 1955 18923051334
1554 1558 30
2904 2915 3920
5930 5941 300
2382 2386 72766708752
4672 4682 8
8012 8032 1749600
7693 7698 63
5531 5540 405
820 826 40
7751 7756 9
4436 4442 42
1000 1003 14
3870 3878 1260
1011 1019 210
6989 6991 9
6051 6055 84
5361 5382 119070
1206 1211 98
5976 5986 32
3262 3265 8
6178 6179 67723756943
919 924 140
5739 5742 14
7799 7801 12
2565 2572 60
4252 4261 245
4627 4630 28
7971 7990 1587600
432 434 67133947549
3931 3934 56166639736
241 248 85403793936
6413 6417 14
5611 5637 6720000
2703 2710 60
1144 1147 42
7149 7153 50
916 923 8820
3608 3615 315
3459 3467 30
89 97 7875
4514 4517 83770195552
7789 7792 36
416 424 21
2184 2188 21
5198 5209 8400
5828 5835 42
64 67 44751833600
6084 6090 36
8078 8083 56
4119 4122 15
6542 6553 12
7320 7331 84
3921 3927 18
1405 1424 540
4583 4587 65515581660
6093 6097 50330401402
1164 1165 99103639148
995 1000 147
7047 7056 400
4467 4474 100
6720 6725 450
3563 3567 84231683190
3148 3162 147000
2174 2181 40
5078 5085 73021999728
1608 1621 280
6531 6550 540
2858 2860 79184055514
434 446 1620
940 941 78506362662
3616 3620 1
415 419 9
4695 4698 15
7957 7962 50
7694 7699 189
170 174 18
469 472 18
1982 1986 12
4010 4016 175
700 707 140
6041 6044 12
1161 1163 15
6721 6725 150
1993 2003 126
8082 8092 3430
4705 4722 381024
8352 8357 126
6552 6563 60
7723 7730 81
1254 1273 617400
1289 1299 630
2152 2154 10
7824 7829 70497237622
563 580 4320
7675 7690 1620
4678 4685 60
2782 2812 12096000
7067 7081 180
2886 2891 14
31 35 10
4205 4208 50
3228 3243 672
942 947 252
2890 2893 70
620 622 44826150994
6369 6372 35
6498 6499 72239552582
2567 2573 150
2871 2883 5880
6847 6854 28
6738 6742 97876746444
1632 1640 840
4426 4434 55030315884
5534 5552 40500
6445 6449 12
6139 6154 63993346200
4335 4336 43491098413
5452 5459 756
6197 6205 42
5917 5921 98
3373 3374 10
6054 6056 21
2247 2250 17510246416
7471 7503 1607445000
4245 4249 63
7467 7503 1607445000
4849 4853 12
1319 1325 42493517232
4201 4204 61271067826
8009 8031 24494400
8036 8040 100
3857 3863 60
7440 7441 77848896478
4014 4018 35
4027 4035 72
6949 6953 20
877 907 52920000
6017 6022 97551366412
7334 7342 100
5702 5703 7971253219
6914 6915 26371389330
2133 2135 95035075437
7507 7519 2058
3312 3323 120
1497 1510 48
6778 6780 40686597968
2868 2876 35
4075 4093 75600
3052 3053 75308922279
6818 6826 300
4126 4127 73576540941
1437 1451 20160
7876 7881 120
180 188 56
8059 8062 47294370344
5105 5115 7056
6279 6282 29702154576
4996 5003 84
94 105 1125
7783 7786 11981560545
66 71 12
5688 5693 40
805 822 583200
2573 2576 10
2575 2578 12
5779 5788 12
4671 4676 34162037305
581 585 87182714905
2978 2983 36
3108 3122 9000
1315 1318 12
5553 5554 16308921685
4978 4985 42
6072 6081 5100641910
1249 1262 36750
203 211 672
8365 8372 10
4463 4465 147
8295 8298 21
4142 4145 28
3468 3478 392
5352 5377 1786050
1340 1348 756
565 580 2160
8135 8161 51438240
8360 8362 21
1267 1281 15120
6469 6473 14
2473 2483 84
5481 5489 126
6348 6370 88200
3525 3526 10
4978 4986 42
1647 1653 45192907854
1145 1148 63
6273 6275 74622435186
5332 5333 15
4250 4251 86199934351
189 192 20260946173
3912 3922 72
5834 5836 6
1455 1460 126
219 223 15
4490 4494 59770411062
2556 2561 15
1416 1437 16200
484 492 300
553 575 720
6535 6550 12
6289 6309 1071630
6509 6516 180
5516 5519 42
1843 1873 2032128
3124 3134 240
4072 4081 210
7266 7270 63436216355
3554 3557 9
1093 1097 91454500149
4514 4516 41885097776
1457 1461 9
3150 3179 63504000
5335 5340 50
7736 7742 90
6596 6605 324
2120 2124 14
6333 6343 24
7381 7413 846720
117 121 70
1635 1641 40
3513 3521 1200
4747 4750 24386239880
7612 7621 420
327 334 27
372 382 168
3383 3390 25
251 263 205800
59 62 14
1688 1697 7560
6206 6211 12
4871 4888 16200
5145 5148 35
4673 4682 8
7528 7529 21
6568 6572 18
1455 1456 14
8264 8275 2940
2609 2615 60
43 52 15
2165 2168 70
137 139 18
4748 4750 24386239880
7894 7911 1620
924 925 40623175376
7381 7411 846720
5583 5586 12
2766 2781 1728
5994 6003 12600
311 319 60
7431 7437 56
2455 2457 99440263120
6865 6867 98
430 431 30335542209
2897 2899 60967252373
1652 1653 45192907854
4371 4380 15
220 226 30
354 358 30
2712 2717 19398176880
3225 3226 29382821424
412 419 180
966 971 20
6236 6250 126
5346 5349 67009510295
3226 3238 96
945 951 196
4597 4611 5040
2929 2934 28
6457 6465 1350
3565 3568 84231683190
137 140 126
464 466 8
7957 7963 150
5714 5736 3810240
6956 6965 36
2538 2539 3
4648 4659 336
4970 4980 18
4902 4912 2100
235 241 21350948484
5107 5119 2352
7845 7853 18
6481 6483 15
4510 4512 12
1192 1195 89878780954
4029 4035 24
5324 5331 1260
1783 1809 2612736
7107 7110 66581070470
2137 2141 105
192 195 9
1659 1665 75
3537 3546 36
7730 7734 83226475696
6455 6456 46015084758
7293 7304 504
7259 7266 120
4861 4879 2430
4960 4963 50
8358 8359 54358794990
6069 6073 18
5451 5452 67950722589
5137 5143 30
5065 5066 41606019625
8497 8505 8
7998 8005 392
4423 4426 45858596570
7790 7793 60
3142 3153 10080
7368 7376 175
4258 4265 140
1895 1909 360
3120 3133 1200
7875 7881 240
7548 7556 630
8274 8276 76186585158
8363 8365 77445418004
3129 3138 144
6964 6979 252
2388 2391 12
6550 6562 60
6701 6710 420
6350 6370 88200
5430 5434 12
6441 6443 36730523302
1350 1354 35
2174 2178 10
7762 7770 1000747828
3869 3870 57623516222
3396 3406 175
5337 5344 900
1483 1485 26398644547
76 83 46499817006
1192 1194 89878780954
6455 6458 92030169516
5136 5142 15
977 984 80
2679 2695 7200
7266 7267 63436216355
88 93 63
5695 5696 58425007024
4150 4154 45
6130 6141 840
8452 8463 420
1604 1606 69669781710
1761 1767 588
4932 4934 28
712 715 18
7376 7379 57057350252
4505 4511 32
8432 8434 9
3675 3700 120960
215 220 33454756203
2890 2892 14
1576 1578 45
6484 6486 18
5499 5503 175
4713 4736 76204800
296 303 28
2078 2087 80
4596 4599 41051703212
1068 1074 294
1608 1616 140
8207 8216 24
2381 2383 36383354376
84 90 28
2987 3008 3810240
6929 6932 9
8199 8203 25
6042 6045 8
6269 6272 10
248 255 105
3473 3503 208372500
3581 3591 240
2833 2834 35
3324 3330 45
771 772 21
445 463 111132
111 112 2
7567 7569 64389906612
5875 5881 31007464158
6874 6880 48
2894 2896 89987132880
4097 4098 73169738580
5110 5124 224
4206 4208 10
2372 2381 420
965 968 60
7207 7210 60
3933 3935 56166639736
1917 1924 28
962 963 9
574 581 24
6818 6823 50
7785 7787 11981560545
3914 3925 216
5336 5340 50
5757 5774 784
3633 3637 64193500294
7062 7063 35
6398 6417 3780
2591 2593 86544259580
5177 5181 33503115132
5627 5642 40320
8041 8043 5
2810 2815 40
1895 1910 360
5110 5120 112
918 924 420
6016 6019 48775683206
1937 1945 108
1759 1763 7
320 322 96160550558
5759 5774 784
6815 6822 50
674 681 100
6850 6856 8
396 401 30
5197 5207 4200
8050 8051 70139078800
4955 4960 40
8502 8518 294
3497 3504 210
5500 5506 125
3533 3536 73533194770
7860 7862 20
5561 5563 99989330340
5493 5494 38988734538
6795 6797 46697260610
2175 2186 40
8241 8252 560
6722 6725 150
8130 8140 1260
6716 6722 60
2621 2623 105
6586 6602 10800
1722 1737 7056
2755 2762 18
632 637 90
1714 1717 68604096260
6445 6451 60
376 385 96
7179 7193 56700
3084 3093 144
1350 1352 35
129 132 18
2108 2116 1960
8370 8393 1620
6991 7015 16200
7596 7604 45
8014 8032 874800
7456 7502 34292160000
7956 7962 50
705 715 7056
1137 1139 21
7388 7422 32256
1751 1759 210
1533 1546 48
1698 1708 24696
5210 5213 45827048412
4692 4693 36531994758
2620 2622 42
1472 1474 14
5950 5980 3810240
2329 2332 10
2898 2903 42
2291 2307 8400
4288 4290 49
4588 4589 14
6577 6578 38322114800
2108 2121 7840
6857 6860 53633595807
4902 4919 205800
294 303 28
6058 6065 1764
4567 4573 490
1192 1193 89878780954
3114 3133 360000
6825 6834 756
693 699 63916798196
4090 4096 420
2110 2121 3920
2674 2694 14400
6006 6008 105
7333 7334 46297759731
6483 6485 18
457 464 12
8227 8234 12
8393 8413 4286520
2820 2833 70
965 970 60
3468 3473 28
4216 4220 43106890528
6582 6584 69357555249
238 241 10675474242
5270 5271 88185491938
1317 1321 28329011488
4994 5000 14
3616 3624 21
7208 7211 60
2488 2494 9
75 82 23249908503
6280 6283 14851077288
4097 4099 73169738580
1659 1664 75
1680 1684 42
2900 2914 82320
6817 6823 50
5858 5866 120
7975 7997 3333960
877 909 52920000
2100 2103 79268168492
7843 7844 36244553488
1314 1317 18
6174 6179 67723756943
2197 2198 52633422936
6864 6867 98
6417 6420 67209439598
6719 6722 15
6581 6583 88020145541
3637 3638 64193500294
2051 2059 750
3625 3628 42
2767 2784 8640
5323 5326 10
242 254 120
7087 7097 30
1883 1897 1500
6726 6730 73275168149
4632 4635 84
3339 3353 400
7590 7595 8
3908 3916 24
6908 6911 25
7733 7734 83226475696
5269 5271 88185491938
8034 8038 60
789 794 28107979956
2164 2167 14
4422 4425 35
1733 1758 272160
4895 4897 21
6743 6753 4200
606 609 63
5341 5346 252
2878 2891 672
6049 6053 8
8125 8127 70
8159 8173 1764
995 999 21
4088 4095 280
7042 7047 15
6318 6331 96
543 546 8
4338 4342 60
4810 4832 272160
4215 4217 10776722632
1006 1019 420
8237 8251 840
1081 1095 28
6563 6571 36
7511 7522 3087
2775 2799 302400
439 446 270
5273 5307 233377200
3037 3048 140
6772 6775 12
2106 2107 54752629247
5883 5892 630
6506 6508 92873852276
1325 1334 10
667 677 80
8115 8121 105
1929 1936 45
3932 3935 56166639736
3721 3747 11063808
5457 5474 8643600
8205 8211 168
1013 1024 294
1765 1768 42
6720 6724 150
4987 4989 21
2661 2675 4000
6153 6158 10
5308 5320 9
7686 7696 18
1839 1869 10160640
6916 6918 14
8436 8444 12
736 747 24
4562 4569 2940
5887 5901 630
353 355 57925541868
4476 4481 84570842283
8240 8251 280
7208 7212 60
2719 2735 2880
8483 8499 6720
1190 1191 35
4361 4378 180
5901 5902 9
5042 5049 504
2609 2617 120
6273 6274 37311217593
1463 1467 31184243831
6236 6251 126
4127 4128 24525513647
2940 2944 54805834302
7970 7979 1470
8357 8358 2
7682 7691 12
2011 2017 8
5064 5066 41606019625
3948 3953 140
3385 3392 105
4614 4618 252
6058 6064 252
978 985 40
5094 5095 36344929076
3887 3893 108
1739 1758 34020
3808 3853 2143260000
6163 6164 10
107 111 210
7256 7263 360
5515 5519 42
4445 4449 49421813108
7514 7522 3087
158 170 540
5049 5053 42
5409 5417 60
5861 5870 720
7850 7854 36
2440 2443 21
293 296 25674962134
5716 5737 3810240
2622 2624 15
6794 6796 18678904244
5703 5725 9072
514 520 8
3799 3825 423360
8322 8327 95072126220
3808 3842 142884000
3330 3335 69503413292
22 23 21
178 187 56
1335 1338 15
8008 8027 28576800
2752 2757 54
7175 7193 113400
6839 6852 1260
1825 1843 4200
5663 5669 980
6495 6497 18
4238 4249 3528
4992 4998 12
5465 5475 2100
7566 7568 10
5398 5410 1176
238 245 85403793936
3041 3050 100
1006 1017 210
4856 4857 65243064150
7561 7566 150
6045 6046 38544823708
3623 3628 126
5611 5636 3360000
6644 6648 35
2255 2263 8
6465 6470 210
2488 2500 108
5676 5679 35
5101 5111 12348
7367 7375 1225
5212 5213 45827048412
7528 7530 147
4371 4383 45
5452 5473 155584800
1266 1273 36
6489 6490 95831493615
7791 7793 30
5452 5467 3704400
7505 7508 21
4039 4049 5040
5856 5865 60
5823 5831 42
2716 2727 144
5377 5392 1350
8000 8005 56
1122 1129 97442968716
7590 7598 8
5341 5344 18
5201 5210 300
5244 5260 1764
751 755 18
4561 4566 84
5018 5019 91652545203
5701 5702 39856266095
6729 6732 73275168149
6825 6836 756
8208 8217 8
1968 1986 1728
1181 1188 12
2615 2620 40
5345 5347 14
7152 7153 25
7995 8005 3528
7184 7193 2268
6301 6312 2646
5878 5883 93022392474
1141 1146 28
7935 7944 60
890 917 77175000
6357 6370 1400
7308 7326 756
3997 4000 9
2889 2892 14
8330 8333 10
7270 7287 972
2478 2483 21
3601 3608 35
2830 2834 70
4982 4988 49
1805 1819 127008
4231 4243 280
2950 2951 59659138222
5188 5205 635040
4093 4097 84
7581 7593 180
7024 7027 42
4402 4409 84
1458 1461 9
5902 5905 78627539619
8180 8199 75600
2924 2929 105
7812 7817 52368856152
5563 5565 99989330340
777 789 25200
1296 1316 136080
7857 7859 59798456512
464 469 48
7853 7856 8
6628 6642 21
2360 2380 58800
1968 1983 288
720 722 12859741932
3977 3983 21
1819 1825 84
4214 4215 63713904424
4691 4693 36531994758
416 425 21
7098 7106 20
4942 4943 90706751590
2967 2969 21
6122 6131 3600
1144 1146 14
8166 8173 21
194 197 63
7929 7944 1260
3271 3273 12
4186 4192 32944340805
2699 2710 1800
7531 7540 100
8519 8527 162
3147 3161 147000
3151 3180 63504000
3758 3760 30
7340 7353 960
5495 5499 42
6422 6428 18
8035 8038 20
1490 1510 14400
7382 7418 11854080
1583 1586 28
6905 6906 72775511691
4520 4525 24
735 747 24
4616 4618 42
7365 7367 14
3915 3926 72
7851 7856 24
3108 3123 9000
4770 4771 66813941957
1276 1281 420
2804 2815 80
7463 7502 2143260000
5091 5093 28
5791 5796 21
466 472 108
2710 2714 150
7116 7117 4952300077
3493 3504 3150
3355 3356 18771808833
7818 7824 30
7795 7800 56
6748 6757 8820
6403 6417 630
6197 6201 21
6408 6417 210
861 899 423360000
5238 5255 31752
1820 1829 42
7917 7944 201600
5782 5791 18
7167 7177 1029
3473 3504 208372500
5312 5324 30
3566 3572 67385346552
7381 7403 70560
6485 6488 30
8466 8469 21
5886 5894 126
7639 7641 57077222631
2785 2813 2419200
6449 6455 350
8419 8433 6804
668 681 400
6199 6209 28
3613 3620 21
5183 5190 30
8221 8229 9
8292 8293 79874908407
1930 1936 45
7199 7200 90999037241
7748 7756 54
4162 4170 70
1427 1450 604800
3387 3401 3675
6758 6759 68678665389
8396 8414 952560
186 190 40521892346
4981 4988 49
8024 8032 108
8480 8495 1120
6013 6015 10
5885 5893 126
5785 5791 18
4933 4934 14
5436 5438 9
5434 5436 75685286265
6933 6935 65996125945
6514 6521 1800
6097 6100 45112715622
4844 4852 24
4594 4597 41051703212
1576 1579 45
2214 2220 150
4260 4271 5614509900
7193 7198 36
2898 2912 2352
5181 5189 30
8360 8363 42
110 112 10
253 286 518616000
8019 8032 9720
221 235 3600
2754 2762 54
2697 2698 55868663041
4955 4963 2000
2937 2941 36537222868
341 342 28539042093
3406 3423 12960
37 40 12
7915 7932 10080
5335 5339 10
8090 8096 3430
6478 6482 30
7429 7435 28
239 247 85403793936
7094 7105 120
971 975 60996458958
4110 4113 12
4920 4926 20
7266 7271 63436216355
571 581 72
1185 1190 10
3139 3141 96997441655
2226 2230 18
2045 2057 1125
92 103 1125
5638 5655 1134
970 975 60996458958
80 86 61999756008
483 489 300
8106 8107 33072221211
8109 8116 2940
1317 1323 28329011488
4459 4463 84
1540 1546 8
3420 3424 10
5025 5034 50
884 916 2315250000
5100 5108 126
608 609 21
4872 4892 32400
2191 2196 18
3795 3809 84
6777 6778 81373195936
6761 6764 16
2899 2914 82320
5797 5799 78392589850
376 382 24
3106 3114 30
6237 6257 17010
7887 7890 28
4315 4326 72
7385 7421 1580544
1459 1462 45
7448 7482 5760000
6476 6481 18
8191 8202 70
4424 4434 55030315884
4983 4989 21
2230 2231 75829612128
2726 2739 35280
119 123 14
600 607 60
5050 5055 14
1877 1882 60
4574 4575 98951845451
7366 7370 245
841 872 176400
542 546 56
5896 5901 15
2850 2856 16
768 770 54979418370
1802 1818 63504
6188 6195 84
1111 1112 46699045626
5428 5434 24
4498 4511 2016
5042 5046 8
6939 6944 36
4946 4955 450
4739 4747 12
1005 1012 10
2425 2440 10080
4930 4931 77319573672
5930 5935 20
6469 6470 14
2836 2837 21
6072 6088 61207702920
6035 6038 58228332171
942 945 36
2165 2170 140
5328 5331 42
3392 3404 525
4432 4437 1
3922 3927 18
4139 4144 700
2168 2171 30
923 925 81246350752
5514 5517 21
8059 8064 94588740688
5987 5992 32731606112
7377 7379 57057350252
4163 4174 350
5746 5748 68985652678
2019 2021 74904863778
2075 2084 200
612 615 35
6128 6135 280
525 526 67901115204
351 353 57925541868
931 936 140
6093 6096 50330401402
3766 3796 1088640
1212 1214 1
3548 3553 28
4095 4097 12
3587 3591 12
5156 5162 490
4725 4743 28800
3429 3435 126
1836 1866 7257600
2829 2834 70
5169 5178 140
163 174 360
4439 4442 42
7128 7135 14
1350 1357 210
7129 7135 14
4072 4078 14
6113 6126 1800
5527 5539 324
2035 2046 252
3930 3934 56166639736
7455 7499 11430720000
4338 4340 10
4468 4475 250
7797 7801 12
6305 6312 294
3568 3578 16
432 433 67133947549
5171 5178 140
926 931 42
5921 5922 63722914110
8133 8147 88200
869 900 211680000
2958 2963 15
7412 7429 1260
4324 4329 18
2716 2732 1152
2459 2482 2880
4411 4413 43913798243
3276 3279 35
8412 8415 18
8313 8315 77091465887
212 216 55757927005
5512 5513 73156393812
6509 6517 900
7087 7098 150
6147 6155 21331115400
2294 2329 1088640000
7357 7360 42
1975 1986 108
3993 3998 9
3241 3248 21
3861 3866 18
808 823 21600
2125 2128 14
5124 5127 2
1128 1132 10826996524
3960 3967 84
7171 7184 350
8001 8005 28
5558 5561 18
1518 1526 270
3005 3018 1764
784 789 210
1599 1600 65956435203
32 39 24
6050 6055 84
6610 6614 22986334788
1080 1095 28
6822 6826 30
5912 5917 60
7 8 54159833006
1640 1652 300
4494 4498 84
6914 6917 52742778660
3309 3316 480
7537 7543 6245988610
8051 8052 28055631520
8093 8101 1470
4037 4049 15120
5140 5148 1470
5963 5982 10080
3941 3953 2520
586 589 10
6795 6798 46697260610
8409 8414 12
4209 4212 83839961780
5916 5919 21
7242 7252 420
4274 4281 42
4114 4121 210
7035 7040 56
826 827 90231609060
1570 1573 10
882 915 3307500000
4629 4635 336
3237 3244 42
1485 1486 26398644547
3378 3379 30888410269
760 768 12
490 497 36
927 935 420
1122 1130 97442968716
975 983 80
1947 1948 62352135882
1384 1388 12
5783 5791 18
2901 2914 11760
388 391 28
3895 3896 59601676777
1392 1405 47040
4467 4470 10
5678 5683 25
5136 5143 30
6723 6725 30
2328 2331 30
8283 8285 61245748475
342 344 23632650463
2845 2850 30
4345 4347 81841775177
7979 7999 3333960
1471 1474 14
8407 8414 180
5423 5427 20
4216 4217 10776722632
7835 7839 90259088832
3538 3547 180
5548 5552 45
7109 7112 14
6066 6068 15945626343
2974 2977 10
6333 6348 144
7236 7237 10
2871 2886 23520
1333 1338 15
7894 7912 1620
8477 8494 15680
4815 4833 7560
4000 4001 48333781089
2579 2582 67743855431
172 174 9
6743 6746 10
2974 2978 30
378 388 320
456 464 84
7443 7469 153600
4237 4246 1008
5401 5412 3528
6043 6046 77089647416
2740 2751 392
6604 6608 12
6473 6476 42313444693
2458 2471 120
4047 4052 90
4041 4049 360
1018 1030 378
6023 6026 54
4099 4101 9
3964 3971 28
6442 6443 36730523302
3820 3854 89302500
1473 1474 14
7024 7028 42
1057 1074 476280
2709 2711 10
1811 1823 3528
1915 1918 14
5835 5837 42
3892 3894 21
4985 4989 21
7254 7257 12
497 499 62171782074
7691 7696 9
8304 8308 93848364744
3999 4001 48333781089
1628 1632 35
2060 2064 64498439450
125 127 10
6288 6302 4860
6793 6795 56036712732
1987 1988 57222650109
5855 5865 420
130 134 18
7159 7166 30
1636 1643 48
434 444 540
1988 1995 90
7767 7781 84062817552
1485 1487 52797289094
2951 2952 59659138222
7893 7902 39556366248
1540 1547 8
7278 7296 6804
2951 2953 59659138222
3204 3211 12
8106 8108 99216663633
3850 3858 28
5426 5432 24
2120 2125 28
5057 5061 42
7481 7504 4286520
6942 6944 9
7158 7164 50
4781 4785 70
6505 6507 92873852276
5646 5662 270
1694 1702 35280
5433 5436 75685286265
1158 1161 10
1609 1627 5880
203 208 56
4287 4289 147
8287 8289 10
4227 4243 2520
4516 4524 160
7215 7228 23520
1400 1408 16
7330 7332 24942205570
2234 2238 18
6993 7015 16200
7113 7116 29713800462
7044 7051 50
4934 4936 28
1992 1998 126
6284 6287 14
3285 3298 72
1475 1479 43896020342
4221 4231 4725
5521 5538 3024
3022 3025 46035927323
6094 6097 50330401402
3956 3960 62172021090
6831 6838 42
7614 7621 420
1872 1874 21
2699 2706 450
6007 6010 105
4622 4624 21
364 379 24696
3109 3133 2160000
7578 7586 27
7012 7020 25
4709 4734 152409600
890 916 25725000
8022 8032 324
48 60 1260
6382 6394 90
7893 7900 39556366248
6289 6311 2143260
6743 6756 88200
1698 1706 8232
577 582 12
8069 8081 144
4512 4514 62827646664
3964 3968 14
7361 7363 89249814735
4937 4938 37884603310
5421 5422 78952154697
7205 7207 86907335026
4332 4334 62357501244
1129 1137 30
5213 5231 127008
4089 4095 280
558 577 2160
8236 8251 840
6740 6742 48938373222
6456 6458 92030169516
4295 4308 3780
7336 7343 200
293 294 25674962134
8337 8339 2
28 30 14
390 393 28
8294 8298 147
4684 4691 18
7352 7359 252
7803 7807 36
1681 1688 441
4894 4897 21
5422 5427 20
4961 4964 50
5132 5142 150
4490 4492 29885205531
3374 3376 24671029764
7913 7926 120
3807 3830 151200
6075 6088 30603851460
5921 5923 63722914110
7115 7116 14856900231
5486 5489 21
489 497 36
5180 5183 8375778783
4248 4250 86199934351
685 687 78681448076
7429 7434 28
8007 8023 1587600
7206 7207 86907335026
5908 5910 8
4660 4663 18
4619 4620 64288741368
205 211 336
3422 3425 70
7646 7652 83314055097
4595 4598 41051703212
6657 6661 9
6681 6693 84
2933 2938 14
7064 7065 64576167292
8107 8108 99216663633
5704 5732 544320
3176 3183 8
6342 6363 10584
7091 7098 150
945 952 392
910 919 110250
6024 6027 18
6473 6475 42313444693
4269 4272 280725495
4772 4773 92363002020
6689 6708 35280
1831 1858 4233600
1153 1158 50
3189 3190 29138412679
2339 2346 196
2891 2895 70
3067 3071 10
5203 5211 60
3416 3424 120
4121 4123 10
1953 1957 37846102668
7424 7429 15
2745 2752 28
7895 7922 19440
7084 7097 30
6705 6711 10
4205 4207 10
7565 7566 15
1898 1910 120
3946 3953 420
4027 4034 72
4915 4926 280
319 322 96160550558
8132 8142 420
7445 7477 11520000
5091 5094 56
3154 3180 10584000
6932 6934 39597675567
1407 1424 270
5049 5055 42
2697 2699 55868663041
7321 7331 84
3149 3178 63504000
7429 7433 14
6110 6120 60
3511 3515 36
306 317 360
2613 2619 60
3322 3326 15
5341 5347 252
8003 8007 8003829560
5753 5773 27440
5881 5885 30
1893 1901 90
4165 4187 2940000
7792 7793 10
7540 7543 1249197722
4032 4049 90720
8532 8537 28
6435 6436 21
5357 5381 1071630
5672 5676 34243586132
2859 2867 40839989744
464 470 48
6049 6051 4
5518 5519 14
618 621 44826150994
4188 4195 6588868161
2177 2186 40
8532 8535 28
3109 3124 9000
628 636 108
5928 5929 51162913960
5985 5989 32731606112
3127 3134 48
6775 6777 8
1566 1568 12
4784 4799 246960
1915 1924 28
4457 4463 84
5139 5148 1470
1943 1945 12
1147 1148 9
7233 7235 35
6736 6742 97876746444
5467 5475 420
2186 2188 21
6606 6613 8
5864 5871 336
6189 6197 252
4802 4808 30
2730 2742 82320
6959 6972 24
4059 4066 84
155 169 2700
7387 7421 225792
8345 8354 105
8217 8218 93431479468
8283 8284 61245748475
3194 3196 18305953655
7682 7695 108
1641 1652 150
5994 5998 60
3174 3183 72
5139 5145 210
8176 8183 504
5587 5591 67602166854
1162 1163 15
4535 4537 53912816628
7142 7152 2520
4771 4773 92363002020
345 346 24393854206
219 226 90
7780 7786 23963121090
3499 3504 105
7026 7033 48930274485
2207 2215 12
4584 4587 65515581660
789 792 2007712854
4823 4834 2520
4588 4591 70
1138 1140 21
4473 4475 10
1387 1404 658560
2989 3012 2540160
3733 3755 4741632
8033 8035 21661093509
4805 4828 226800
2459 2483 20160
6494 6497 54
3698 3710 42
3195 3198 54917860965
625 632 24
1499 1513 12
540 543 42
7695 7699 63
342 343 23632650463
8306 8308 93848364744
3927 3930 12
2544 2545 10
2987 2991 252
8 19 2205
7866 7880 21600
1070 1081 588
5659 5669 9800
7119 7120 9
2148 2154 20
6516 6521 200
3994 3998 9
5586 5589 67602166854
2337 2345 56
8312 8315 77091465887
2202 2209 12
484 493 900
8180 8195 75600
7786 7787 11981560545
3086 3096 360
352 353 57925541868
2392 2393 35632506740
1100 1102 32792397032
3901 3907 8
1968 1982 288
3566 3571 33692673276
4902 4907 210
3507 3508 75479541560
1740 1759 11340
7441 7443 10
2928 2930 14
2635 2637 10
6074 6088 30603851460
2581 2590 420
8530 8532 29611935990
1113 1114 55360124921
5164 5168 3879378964
4004 4007 66736272894
4141 4144 28
7809 7812 69825141536
1579 1582 83410448091
5283 5316 952560
1412 1425 810
4410 4412 95870985716
8008 8025 4762800
7889 7892 40
3571 3591 26880
6904 6906 72775511691
7563 7566 150
674 683 700
6199 6205 14
8229 8235 8
6560 6567 36
7147 7153 350
1709 1715 70
8421 8434 1134
2411 2430 10584
1572 1575 2
4643 4645 80925886893
7256 7260 36
4924 4927 10
5789 5796 63
4664 4668 14
1171 1172 14
1101 1102 32792397032
4925 4927 10
581 584 87182714905
1160 1161 1
8135 8172 30245685120
4226 4239 180
4751 4758 14
3766 3776 7560
340 341 28539042093
5554 5561 108
997 1001 21
6036 6038 58228332171
759 766 12
4207 4208 10
6053 6056 42
8513 8519 441
78 85 30999878004
5989 5993 16365803056
1171 1173 28
1279 1281 14
4385 4402 15120
7127 7134 14
3997 3998 9
2874 2889 4704
2236 2238 18
1212 1221 420
7366 7369 49
2523 2528 1764
610 611 25707804954
7583 7593 60
2580 2590 420
3781 3808 6048
4109 4110 62275917285
5413 5417 20
1234 1235 75445453816
1016 1030 2646
6012 6014 20
6422 6429 18
6626 6638 14
5400 5411 3528
4491 4494 59770411062
2082 2088 160
6917 6922 70
389 392 14
6201 6210 84
4164 4180 24500
771 784 45360
7766 7773 2001495656
535 536 98741985325
5405 5415 252
6826 6836 252
4523 4530 108
7366 7368 49
8320 8322 95072126220
7173 7192 264600
1154 1159 100
5734 5740 84
6581 6582 88020145541
5261 5270 24
8173 8174 69566744673
3543 3552 840
3938 3953 15120
3728 3754 33191424
5996 6003 1260
166 174 180
3621 3626 147
5067 5068 80754655517
8196 8203 25
1475 1476 43896020342
4701 4703 89135409246
952 954 77544884290
5907 5910 56
7445 7480 11520000
4907 4924 29400
5168 5174 38793789640
6437 6438 14
2286 2296 560
6558 6566 18
4563 4571 20580
6373 6374 51857570948
2091 2094 126
6032 6034 26934702987
6165 6167 58679189773
5721 5737 317520
300 311 3024
8110 8120 1260
2578 2581 29033080899
1012 1024 294
794 800 18
2968 2973 90
7720 7723 18
2457 2458 99440263120
8181 8202 378000
3322 3327 15
2500 2524 889056
6517 6524 200
2060 2062 64498439450
5445 5448 30
8105 8107 33072221211
6751 6758 1764
931 935 140
7269 7287 972
3910 3916 24
7018 7021 15
3616 3625 21
7772 7782 168
8327 8333 10
7992 8005 3528
1250 1262 36750
5070 5075 11882172328
5198 5210 8400
8085 8095 3430
3806 3829 151200
3632 3634 93584611621
7622 7638 25200
1586 1587 59830675144
8230 8235 8
2668 2676 40
5289 5318 95256
7515 7523 3087
4395 4407 840
2039 2055 5670
4468 4474 50
834 869 7056000
2522 2528 12348
5568 5574 60
5278 5313 140026320
4019 4020 55768259173
5550 5552 15
6873 6878 24
7952 7958 30
7047 7057 400
1079 1093 84
1659 1669 150
5498 5502 175
8167 8173 21
3078 3091 36288
5479 5486 252
6857 6863 53633595807
1759 1767 588
891 919 231525000
52 60 252
7641 7646 37028468932
8265 8275 980
1045 1053 378
463 466 8
1674 1680 84
1851 1874 28224
6193 6197 126
5645 5660 27
1057 1063 90
5424 5431 80
2231 2235 75829612128
7843 7848 36244553488
4021 4033 648
450 463 756
5373 5392 9450
326 333 81
5635 5649 7560
403 405 99526523820
5211 5213 45827048412
4275 4281 42
2669 2680 80
8388 8399 1701
5398 5405 56
3889 3893 36
412 414 20
2929 2930 14
4933 4935 98
4273 4274 91393951333
6454 6456 46015084758
7376 7377 57057350252
6771 6774 18
3760 3763 15
6517 6522 100
2947 2948 10
2953 2963 270
600 608 420
974 982 80
484 496 5400
6819 6826 60
1153 1159 100
204 211 672
2407 2419 5292
5087 5093 504
7955 7961 50
2290 2297 140
982 994 8
6091 6096 50330401402
8393 8399 189
7375 7377 57057350252
3004 3018 1764
7784 7786 11981560545
7171 7188 6300
1556 1558 15
6030 6034 53869405974
3210 3219 756
1075 1089 168
5022 5023 97816198342
1396 1407 1120
5895 5901 15
1710 1715 14
250 260 4900
7945 7946 28480743498
999 1003 14
6741 6742 48938373222
159 172 1080
2965 2966 92740763401
1239 1241 35
6130 6145 840
3799 3816 504
8457 8468 1470
1993 1998 42
5347 5353 19145574370
5828 5834 21
4893 4897 21
6681 6700 17640
4589 4591 35
3937 3948 108
1991 1996 18
3549 3553 14
5520 5521 50409042959
946 952 196
6770 6771 88915769061
1245 1253 90
4725 4739 14400
2892 2895 10
1628 1637 1050
2550 2554 28
5396 5398 10
3356 3362 37543617666
2164 2168 70
920 924 70
2935 2938 14
6729 6738 73275168149
4507 4512 24
4085 4093 420
7395 7429 362880
2848 2853 20
2978 2982 36
1912 1917 21
3200 3202 10
3693 3700 36
7592 7604 360
8132 8146 58800
7544 7556 6300
1460 1462 15
7830 7834 420
5368 5384 5670
2565 2570 30
107 109 42
1193 1198 89878780954
2818 2833 70
7170 7179 490
5905 5909 28
6428 6433 54
2419 2440 60480
7670 7685 357210
2076 2084 40
3059 3071 80
731 746 336
161 174 1080
6363 6372 700
7115 7117 14856900231
542 545 28
1237 1238 10
5501 5507 125
1359 1365 14
5918 5921 98
5543 5552 450
566 581 432
8267 8275 70
3954 3959 62172021090
7529 7532 105
3964 3967 14
2929 2933 28
4777 4780 15
2599 2612 160
5070 5073 5941086164
7029 7034 16310091495
4782 4785 35
7152 7154 25
168 174 90
593 599 36
6782 6787 30
7999 8005 56
1911 1917 42
1065 1074 5292
7451 7495 7620480000
6000 6003 210
3922 3928 36
993 996 14
728 730 98874893776
7242 7249 210
6980 6983 14
3518 3522 30
7793 7794 63440080605
3179 3185 24
5084 5090 108
3704 3730 30240
7693 7696 9
4148 4151 15
6233 6238 2
7281 7301 40824
7914 7929 3360
2439 2440 9
6087 6092 18
3503 3506 49
4103 4105 10
7910 7924 540
3213 3220 42
6006 6009 105
2673 2694 28800
1524 1546 15120
141 149 1750
7215 7230 23520
2738 2747 9604
1993 2006 126
2786 2814 4838400
2547 2552 98
7714 7720 36
19 23 42
1762 1767 588
3980 3990 14
1538 1546 16
6791 6793 9
3053 3068 1728
1311 1317 108
8521 8527 27
3095 3100 15
6391 6402 270
4424 4428 27515157942
6975 6981 147
2411 2426 756
3150 3180 127008000
1769 1770 53026827313
2157 2159 24368619783
388 392 28
5836 5838 88553489430
1871 1874 42
3224 3226 29382821424
6255 6269 1800
7743 7755 1134
4914 4925 980
6250 6268 24300
4200 4201 77020795663
613 615 35
6163 6165 10
2217 2223 525
2127 2129 49
7704 7716 63
616 619 10
4143 4146 12
5186 5200 127008
3518 3523 30
5876 5881 31007464158
5626 5641 40320
194 198 63
331 341 85617126279
5474 5475 2
5435 5436 75685286265
1038 1042 20
4443 4448 49421813108
5801 5824 564480
661 670 2940
8277 8281 12
607 609 21
312 320 30
7391 7425 48384
4743 4749 73158719640
7011 7016 10
6800 6803 12
6124 6132 2400
1115 1127 270
3734 3756 2370816
7309 7326 756
6872 6876 8
7214 7219 24
7850 7856 72
1828 1844 6300
7745 7755 162
5645 5658 27
7048 7058 1200
7505 7510 294
634 637 90
2865 2870 10209997436
6008 6013 150
5086 5091 252
1636 1645 240
367 380 16464
482 488 300
601 608 84
7953 7960 30
2544 2546 20
1385 1389 24
3870 3875 42
7308 7323 252
6327 6339 36
6930 6932 9
6604 6609 12
3854 3863 840
3009 3018 28
7527 7529 21
6715 6721 12
4066 4070 9
6609 6614 22986334788
6187 6191 28
5799 5805 84
7689 7696 9
8028 8033 43322187018
769 770 27489709185
1942 1945 12
7845 7851 9
364 367 21
1895 1904 90
210 212 30
6937 6938 40407238628
2010 2017 24
6101 6107 686
293 298 25674962134
7575 7578 34921880698
5979 5986 8
2888 2892 14
2182 2188 21
4698 4700 12
3960 3966 42
3898 3903 12
1214 1221 420
3646 3657 252
0 5 12
252 270 1440600
234 241 21350948484
508 512 61632738942
7436 7438 810742612
6253 6269 16200
4439 4443 84
2279 2280 98351449913
1181 1185 12
2917 2918 20282691287
5442 5445 44855289213
5025 5037 750
3088 3097 180
4357 4367 600
3305 3310 54
7575 7579 34921880698
3974 3975 21
4783 4797 123480
5346 5351 67009510295
8095 8101 105
4902 4905 35
7725 7730 9
635 642 60
5791 5797 105
7645 7646 18514234466
791 797 18069415686
4949 4956 100
1138 1139 21
2367 2381 23520
1766 1768 14
5479 5488 756
1582 1586 28
746 748 29517384048
6286 6292 24
1453 1454 81586130147
2817 2830 35
7690 7696 9
1351 1357 210
439 461 10001880
6224 6236 1176
5158 5162 70
4272 4274 91393951333
29 30 14
3436 3445 15
6949 6963 2520
1146 1148 63
5295 5318 168
8162 8173 588
635 643 180
3890 3893 12
6914 6916 26371389330
635 638 60
2908 2915 1960
791 799 18069415686
7609 7614 49602468241
4657 4659 14
4123 4125 31736424522
8058 8061 47294370344
4233 4244 112
4324 4331 126
7233 7236 175
2775 2798 151200
8007 8009 49
407 413 32
3424 3427 21
464 471 144
1894 1901 90
4846 4852 24
6928 6932 18
7293 7303 252
6991 7012 3240
3344 3354 80
1149 1152 15162560592
4216 4218 10776722632
3471 3500 41674500
4703 4722 762048
7215 7222 280
2895 2896 89987132880
3468 3496 27783000
5333 5334 21555945063
3528 3533 10
6126 6132 160
7890 7892 20
3569 3578 16
1102 1104 16396198516
1925 1926 55402671045
6236 6255 3402
5076 5080 85192333016
1235 1236 75445453816
1720 1735 3528
8092 8100 10290
8388 8397 567
2766 2772 96
722 724 38579225796
76 85 92999634012
296 309 1512
4598 4612 7560
1829 1855 4233600
1488 1494 120
2219 2224 35
1003 1006 83257060354
1325 1337 30
2818 2832 10
7891 7893 65927277080
1518 1532 28350
2790 2815 69120
3449 3460 84
7417 7429 90
6332 6340 36
7225 7231 196
4334 4335 12426028118
4530 4534 10
486 496 540
7581 7590 45
5386 5394 63
2217 2222 525
5837 5838 29517829810
1598 1600 65956435203
3476 3504 29767500
6015 6018 48775683206
327 335 81
3551 3556 42
5082 5088 108
6623 6634 84
1662 1671 30
1160 1163 15
3078 3081 42
6567 6572 36
4970 4984 126
7735 7741 60
4061 4067 126
7259 7264 60
4249 4251 86199934351
4075 4089 1080
6657 6672 270
5825 5831 21
5167 5168 3879378964
4913 4925 980
4221 4225 105
1713 1717 68604096260
1876 1879 10
611 615 70
6837 6847 630
3762 3764 54299829702
5747 5749 68985652678
7428 7432 42
5596 5604 288
6472 6474 42313444693
3336 3344 40
367 382 16464
5821 5830 252
2746 2754 36
209 211 12
1938 1945 108
6782 6788 30
7496 7505 54
2128 2129 49
202 206 14
67 79 108
2119 2124 28
73 79 9
5587 5589 22534055618
7233 7237 350
137 143 630
3850 3862 840
6321 6334 144
5507 5508 40898499461
3009 3019 28
1488 1510 28800
7847 7854 36
1891 1899 45
3546 3553 140
2592 2593 86544259580
3338 3352 800
1560 1563 89879207622
4008 4009 98907300088
3910 3917 48
1107 1112 93398091252
5993 5997 20
7615 7633 176400
5671 5672 59222452178
2356 2379 1646400
6006 6007 21
1108 1112 93398091252
930 935 420
864 899 211680000
4416 4422 49
4232 4243 56
1017 1030 2646
4093 4096 42
5176 5179 28
3624 3628 42
322 328 81
6023 6027 54
5412 5417 20
3336 3351 320
3302 3303 41191055565
2171 2175 11308783230
6049 6055 168
6800 6804 60
5621 5639 2016000
269 292 3600
7208 7210 30
7142 7153 12600
1645 1652 25
1419 1447 181440
4635 4640 14
5849 5863 2520
5033 5038 30
1561 1565 10
7812 7815 52368856152
2407 2417 1764
2136 2137 21
2653 2661 1470
1927 1934 45
4762 4763 43764107956
4050 4053 18
2723 2736 2160
5323 5331 1260
1960 1970 1680
2142 2145 12
2923 2929 210
4476 4478 84570842283
5796 5797 15
7249 7252 14
5073 5078 28
4214 4216 63713904424
1404 1417 180
1923 1925 55402671045
5070 5077 83175206296
41 51 15
4960 4964 50
2458 2476 960
511 512 61632738942
7067 7085 360
134 135 44132231901
6577 6579 38322114800
5219 5243 7348320
6702 6710 420
7794 7795 25376032242
2670 2686 1280
6919 6923 15
7568 7569 64389906612
8520 8527 54
5081 5087 36
7838 7841 9
38 41 6
2576 2578 12
8300 8305 93361579688
3364 3370 14
5709 5736 3810240
7191 7196 168
7215 7231 164640
7132 7136 14
7649 7661 972
7576 7579 34921880698
595 607 2160
7595 7604 90
5959 5980 15120
7273 7288 1944
1719 1732 10584
7591 7600 24
7127 7135 14
4005 4007 66736272894
6445 6450 12
998 1001 21
7448 7481 1920000
5477 5478 66320056292
8219 8227 18
4536 4537 53912816628
2252 2260 56
4188 4194 6588868161
7577 7579 34921880698
2710 2713 150
7020 7021 15
2411 2436 84672
813 823 1200
2125 2129 98
5006 5014 56
3550 3554 14
7838 7842 9
4941 4942 10
1722 1738 14112
6537 6551 12
722 725 38579225796
5750 5758 175
1248 1258 1470
6974 6980 21
4953 4956 20
6110 6117 60
2961 2964 10
5700 5701 10
6154 6159 10
4916 4926 280
3952 3955 14
3534 3537 36766597385
83 86 8
553 573 720
4814 4832 15120
5523 5539 4536
6897 6900 45
7137 7138 89221487156
859 898 84672000
6339 6349 24
7323 7331 84
2070 2083 4200
4688 4692 54797992137
5715 5736 3810240
2772 2785 180
7601 7607 15
8322 8323 31690708740
6656 6661 9
92 98 375
1421 1450 5443200
5008 5014 8
2036 2049 756
5402 5414 504
2662 2676 800
7635 7638 12
4550 4552 10
5487 5492 12
1571 1574 10
6138 6145 6
5643 5657 189
263 292 50400
7550 7560 630
1754 1760 105
7455 7497 3810240000
2333 2334 69798947740
2525 2532 8232
2340 2352 51450
2266 2271 100
8451 8462 84
6962 6974 24
7488 7505 3402
4155 4156 64607006532
6344 6364 10584
2712 2716 9699088440
4113 4118 28
4693 4696 10
7803 7806 18
8351 8356 630
7437 7439 1621485224
3910 3919 144
1475 1478 43896020342
4313 4321 24
6690 6708 35280
8299 8302 46680789844
2139 2145 60
1856 1874 7056
5094 5096 72689858152
4271 4273 91393951333
731 735 14
806 823 194400
3276 3280 35
6619 6631 5880
2635 2636 10
616 618 10
6121 6126 90
3208 3213 36
3704 3712 30
4189 4196 6588868161
8414 8418 88811445168
3075 3080 28
3738 3757 84672
2975 2980 60
328 337 27
1122 1127 9
8411 8415 18
3228 3241 672
6423 6433 108
4564 4571 20580
771 783 15120
3861 3868 36
7139 7140 74008214115
4460 4463 84
472 473 15
575 581 24
2100 2106 79268168492
2410 2421 1512
4147 4148 48627419133
7532 7541 100
749 755 126
2207 2219 900
6908 6909 25
6647 6659 1350
5975 5986 96
5414 5418 20
4634 4638 28
2122 2125 28
8117 8121 15
7154 7155 54665136561
2370 2381 840
4282 4286 70166288796
3022 3023 46035927323
3721 3742 43904
538 543 84
8497 8504 8
3308 3314 360
7633 7638 60
7534 7542 12491977220
4336 4337 14
7565 7568 30
2659 2674 4000
5056 5057 80908318948
3766 3786 60480
4690 4693 36531994758
2554 2560 5
5887 5896 42
4540 4541 65106414833
7315 7328 378
3498 3504 105
771 781 7560
2259 2266 40
3602 3613 525
2502 2526 1333584
1931 1937 9
3130 3139 72
6644 6654 1050
5865 5871 336
1202 1203 27344974460
6514 6520 1800
5031 5037 150
8195 8203 25
3740 3759 254016
8120 8121 15
717 720 10
1508 1513 4
5572 5578 20
5323 5329 90
5272 5288 7350
3561 3566 42115841595
1188 1190 10
4870 4888 16200
5242 5255 3528
38 46 18
7121 7123 96338375400
8180 8198 75600
3039 3048 140
1432 1450 100800
2014 2018 8
1152 1157 10
3891 3894 42
4945 4954 1350
1707 1715 210
1357 1358 69136858162
1238 1239 25
938 939 4
5444 5448 30
6838 6850 630
2205 2214 36
948 953 28
7296 7304 168
7273 7287 972
7740 7752 6804
6058 6062 42
7542 7548 37475931660
4139 4143 350
4733 4746 720
4235 4246 1008
387 390 20
3248 3253 90
4115 4121 210
7767 7779 84062817552
7121 7122 96338375400
4868 4887 5400
3378 3382 92665230807
2231 2232 75829612128
4859 4869 108
7779 7786 23963121090
8467 8479 1764
2993 3017 423360
6975 6982 147
1003 1007 83257060354
7359 7360 14
1284 1296 144
7717 7721 36
1246 1254 30
1546 1554 20
6068 6069 47836879029
7139 7141 74008214115
8290 8292 14
3914 3924 216
2848 2855 40
5334 5338 35926575105
2439 2442 9
4341 4345 42
7252 7253 74878816782
6069 6074 18
3901 3906 8
1142 1146 28
1218 1221 42
4027 4033 72
3027 3029 69619143102
5747 5748 68985652678
2976 2980 12
2128 2130 49
6493 6495 27
5944 5971 1814400
7186 7193 756
3078 3088 2016
464 468 24
7379 7385 45
5685 5693 160
1205 1210 196
7379 7398 105840
3367 3374 280
6385 6394 90
3803 3825 141120
6200 6210 84
6782 6783 15
3715 3735 28224
5680 5693 800
576 582 24
5368 5385 28350
7887 7891 56
6516 6522 200
3924 3928 18
6772 6777 48
4007 4009 98907300088
1105 1107 1
3027 3028 34809571551
2086 2088 8
3508 3512 150
3512 3521 1200
1138 1142 21
5970 5984 336
5751 5766 70
2618 2620 10
3449 3451 14
8005 8007 8003829560
595 602 360
1405 1423 180
2592 2594 86544259580
5604 5636 10080000
4926 4928 20
5746 5747 68985652678
4793 4800 504
1239 1242 70
4661 4664 12
6671 6689 336
5303 5318 84
3277 3293 270
3053 3055 12
8501 8516 98
7048 7059 2400
6280 6284 14851077288
2757 2763 12
229 240 360
8042 8046 20
5223 5247 77157360
4645 4654 12
7366 7371 245
312 319 30
4673 4685 120
294 301 14
4514 4515 20942548888
7736 7741 30
4611 4618 11340
4006 4008 66736272894
5097 5103 21
3650 3659 84
2788 2814 345600
8470 8491 329280
5700 5702 79712532190
5273 5288 7350
7892 7894 32963638540
4181 4188 360
2089 2090 68605712504
623 627 140
6939 6943 12
7122 7134 84
4287 4288 21
8532 8538 84
5902 5906 78627539619
7922 7944 50400
1482 1485 52797289094
3148 3172 3528000
439 452 39690
7959 7964 15
6087 6094 36
3043 3051 40
2621 2624 105
1716 1718 19601170360
7617 7637 882000
4835 4837 81012448926
619 621 44826150994
2620 2623 210
1947 1949 62352135882
2843 2849 64171057200
1931 1941 81
7300 7304 12
6017 6021 97551366412
3352 3355 10
1251 1270 308700
590 591 69563670912
2141 2145 60
7242 7246 15
7959 7965 15
4750 4758 28
2242 2245 10
6555 6564 180
1611 1630 29400
4551 4566 10080
431 432 67133947549
4444 4448 24710906554
416 427 63
5699 5701 50
6276 6278 12
3233 3244 168
4860 4871 54
1679 1684 42
3378 3383 92665230807
2324 2330 36
8206 8216 48
2502 2525 444528
7683 7695 108
2385 2391 48
8320 8323 95072126220
7171 7185 1050
1313 1317 54
3345 3354 80
7762 7771 1000747828
2374 2381 84
8532 8534 14
6831 6837 42
5554 5558 18
5055 5056 40454159474
6026 6031 12
2325 2330 36
3325 3332 15
5374 5392 1350
8408 8414 36
552 553 98462572985
6933 6934 13199225189
2578 2579 29033080899
8370 8394 1620
1798 1816 42336
1536 1546 16
5423 5429 40
6615 6621 150
2063 2078 840
5622 5641 1008000
7198 7200 90999037241
6277 6279 8
4110 4115 12
1663 1672 18
7212 7213 80705510267
8253 8261 77907137328
2123 2125 28
4884 4893 36
4113 4119 84
3315 3323 12
3954 3957 62172021090
4125 4126 15868212261
7541 7545 1249197722
1426 1450 604800
8355 8358 12
4419 4422 49
5581 5586 48
1102 1106 16396198516
7804 7809 24
1898 1911 240
8518 8526 486
2743 2752 56
6653 6660 18
6341 6351 84
2398 2404 98
5923 5924 87324115180
8437 8444 12
984 996 56
6380 6382 1
3144 3153 1008
5774 5775 95129238487
5647 5667 37800
8464 8468 21
3964 3969 14
4100 4101 9
2947 2950 10
7614 7633 176400
7313 7326 54
7746 7755 162
6643 6644 45789071283
3705 3732 211680
5710 5736 3810240
6658 6683 2160
6418 6420 67209439598
2369 2381 5880
5337 5340 50
4224 4238 270
2548 2552 98
7703 7714 441
3072 3075 49
250 255 35
3107 3114 30
4094 4097 12
4164 4179 24500
6600 6605 36
4293 4298 92288116294
323 329 81
6669 6689 336
3051 3052 50205948186
3718 3741 131712
223 239 1440
8129 8139 180
185 188 2
4640 4642 21
6098 6100 45112715622
1544 1553 40
5435 5437 75685286265
614 616 175
4156 4157 32303503266
4864 4884 5400
8032 8033 7220364503
481 485 20
1625 1630 10
5568 5575 60
6203 6210 12
2508 2527 42336
6185 6187 21
463 464 2
2437 2440 90
2544 2552 1960
7349 7358 144
5589 5593 126
3038 3048 140
426 428 6
5989 5992 16365803056
1011 1021 1470
1101 1103 32792397032
6950 6963 1260
8353 8358 36
4897 4899 28433416137
5509 5512 42
7021 7022 50847615810
6806 6807 89444889426
1941 1945 36
1171 1176 28
969 973 60996458958
602 609 252
761 768 12
4541 4548 12
6616 6629 2520
6414 6419 67209439598
59 64 42
7444 7473 2304000
3459 3469 120
8339 8340 16840901091
5002 5004 12
5288 5318 476280
5872 5876 95072899016
4578 4587 65515581660
5847 5857 1176
717 718 10
6239 6259 51030
6591 6603 648
6864 6866 14
3532 3534 52523710550
2704 2711 60
2357 2379 823200
3072 3079 196
2393 2402 490
829 862 7056000
1093 1100 91454500149
537 538 21115619896
5449 5450 21
6985 6986 50586318003
5442 5444 44855289213
6250 6262 405
2560 2561 15
1654 1656 21
3333 3336 69503413292
4447 4453 24710906554
6437 6440 28
1802 1819 127008
856 888 1411200
4689 4692 54797992137
1435 1450 20160
1447 1453 120
4863 4883 2700
6585 6586 10
241 251 85403793936
1093 1099 91454500149
5452 5468 3704400
3509 3514 450
3365 3374 280
6025 6030 18
5878 5882 93022392474
2524 2531 16464
3508 3510 50
2529 2539 504
5869 5871 28
8472 8493 658560
5533 5549 8100
5573 5586 1920
5393 5394 21
6727 6730 73275168149
1906 1917 168
2195 2196 3
5168 5170 3879378964
3308 3313 360
5533 5552 121500
7764 7772 2001495656
6260 6272 600
7443 7472 2304000
1662 1669 30
6730 6742 97876746444
4267 4272 280725495
4643 4644 80925886893
4935 4937 14
473 474 46558357265
3888 3893 36
4885 4894 18
2190 2192 12
2063 2079 840
6131 6145 168
6000 6004 1050
6494 6495 9
231 241 85403793936
4797 4800 8
5188 5201 63504
2935 2939 14
2866 2875 51049987180
1023 1031 27
2064 2081 840
5174 5178 28
2842 2847 12834211440
6317 6329 96
4600 4617 1905120
5743 5747 68985652678
4242 4249 252
1258 1273 6300
1829 1848 352800
6145 6155 21331115400
8206 8213 24
841 875 705600
6445 6455 2100
5194 5205 15120
199 200 42584305310
7738 7744 126
5075 5078 28
685 686 78681448076
212 217 55757927005
5154 5156 75038935226
4902 4921 1029000
215 217 11151585401
1039 1048 14700
489 496 36
2967 2973 630
3165 3183 2016
7169 7177 147
7533 7541 20
1513 1521 60
2489 2517 190512
5347 5355 19145574370
7697 7699 21
715 716 9
5689 5693 20
2057 2059 10
4390 4407 7560
4461 4463 42
6262 6272 600
1122 1132 97442968716
1001 1004 83257060354
6259 6269 120
7193 7197 36
2380 2383 36383354376
1824 1829 14
6061 6067 84
6793 6796 56036712732
6823 6832 2520
1484 1486 26398644547
1337 1342 180
7145 7153 1050
5213 5230 42336
3301 3303 82382111130
6375 6377 10
2060 2066 64498439450
298 311 3024
3664 3691 564480
4010 4017 175
2260 2266 40
2431 2440 720
5405 5416 1260
5093 5095 72689858152
4892 4896 21
4731 4746 1440
4627 4635 4704
3468 3477 392
3371 3374 20
5458 5475 5762400
5596 5613 1728
2652 2656 147
6677 6689 84
1564 1566 10
2499 2520 21168
6407 6417 210
7331 7332 24942205570
1624 1630 70
7320 7328 42
4243 4249 252
1706 1712 210
7585 7593 60
3658 3660 1
7506 7519 6174
2699 2705 450
8025 8032 108
1245 1252 90
7141 7149 504
2137 2143 210
6094 6098 50330401402
8120 8122 45
2371 2381 840
5670 5672 59222452178
4221 4228 315
4347 4349 81841775177
800 814 19440
4512 4515 62827646664
677 683 350
7645 7651 55542703398
5742 5743 7
6004 6006 30
5900 5901 15
5473 5475 2
4787 4800 70560
3129 3136 144
1730 1756 54432
4446 4451 24710906554
138 145 2100
7813 7824 90
2327 2331 60
8306 8309 93848364744
1446 1452 240
3614 3620 21
4200 4202 77020795663
7011 7015 10
1800 1816 21168
836 871 705600
1581 1586 28
2038 2054 5670
4270 4273 91393951333
4372 4401 680400
3977 3980 21
1284 1295 144
1238 1240 25
4804 4810 30
614 617 350
3674 3693 6720
5647 5665 3780
2488 2507 47628
484 495 2700
1930 1937 45
6236 6252 378
1241 1242 14
7370 7376 25
6839 6851 1260
1638 1652 600
3957 3960 62172021090
8434 8435 2
5551 5552 15
5033 5039 30
199 203 42584305310
4611 4617 3780
3347 3354 40
2939 2941 18268611434
5159 5164 70
8114 8120 42
3330 3336 69503413292
3593 3596 17305623405
2060 2065 64498439450
1172 1184 336
6576 6578 38322114800
2023 2028 9
6121 6131 3600
5348 5356 95727871850
7311 7326 378
6729 6734 73275168149
4644 4645 1
4382 4401 45360
3979 3986 21
7766 7777 28020939184
3557 3559 15
7422 7429 45
6094 6099 50330401402
6662 6688 10080
1940 1945 36
679 683 35
5029 5037 150
7266 7273 63436216355
4345 4349 81841775177
1037 1041 12
3430 3437 210
6989 6999 243
2411 2439 2540160
2267 2277 120
8099 8106 30
8079 8088 392
880 913 945000000
1997 2006 21
7419 7429 90
4401 4409 84
1344 1350 42
8123 8124 70258742406
951 954 77544884290
5922 5923 31861457055
467 472 54
969 975 60996458958
1328 1338 30
7988 8001 10584
63 66 67127750400
5351 5356 10
169 174 90
3567 3573 8
7025 7029 21
2985 2986 28598429179
3870 3893 25719120
3087 3097 180
5972 5986 672
8092 8098 2058
4516 4518 20
3282 3298 432
4795 4800 24
6938 6941 8
2891 2894 70
4280 4283 5847190733
5568 5572 30
5549 5552 45
779 789 4200
7824 7826 35248618811
3232 3244 336
2914 2915 10
4089 4096 840
2183 2188 21
3870 3887 714420
4706 4734 1371686400
773 788 21600
2658 2671 2000
1027 1032 9
2922 2928 88029900120
6197 6199 3
5321 5325 10
1948 1953 37846102668
4191 4196 6588868161
6392 6417 170100
7201 7203 2
5919 5921 98
3188 3190 29138412679
3755 3760 30
5100 5111 12348
7530 7538 700
8085 8096 24010
241 247 28467931312
3955 3959 62172021090
5352 5373 595350
6919 6924 15
3078 3085 504
6687 6705 35280
3245 3250 30
7979 8001 13335840
6860 6866 14
3304 3308 27
6213 6236 98784
2291 2306 8400
8263 8267 252
915 922 30870
5178 5182 33503115132
3995 3998 9
6482 6485 90
7891 7892 10
1179 1185 12
8314 8315 77091465887
2707 2711 20
2633 2636 60
5055 5057 80908318948
5913 5919 210
1149 1153 15162560592
7481 7505 4286520
3589 3592 12
2019 2020 74904863778
1712 1715 14
6601 6608 72
800 813 9720
5194 5206 15120
4450 4462 56
7424 7431 30
6461 6470 5250
945 949 98
7192 7196 24
7394 7425 24192
6688 6706 70560
3883 3893 2268
8376 8396 11340
7666 7678 19845
2028 2030 3
321 322 96160550558
1697 1705 2352
4804 4811 30
5667 5669 35
1575 1578 45
4483 4490 450
7670 7690 714420
3123 3133 240
5272 5285 1470
822 826 8
1950 1954 37846102668
8304 8306 46924182372
2401 2414 8232
4707 4734 457228800
5127 5131 61244923315
3884 3893 756
2214 2221 150
7117 7118 90694463537
7456 7500 11430720000
7651 7676 6429780
326 334 81
4489 4492 89655616593
2554 2561 15
2593 2594 86544259580
6513 6520 3600
2597 2605 72
2982 2985 15
2488 2508 95256
5238 5248 2268
8177 8184 72
1841 1871 2032128
6568 6576 126
1879 1893 6000
5937 5966 2721600
7588 7594 20
914 921 6174
7366 7375 1225
2402 2416 8232
5879 5883 93022392474
5665 5669 140
1688 1693 126
4173 4187 58800
6228 6237 84
6025 6029 18
2608 2615 120
4312 4321 24
7522 7528 2205
8317 8319 21
6096 6099 25165200701
225 239 1440
7339 7346 20
6925 6927 58211963025
7037 7042 210
120 126 20
7803 7804 9
1096 1100 91454500149
4778 4783 150
2047 2059 2250
8202 8203 5
1322 1333 30
2838 2841 80639511769
121 127 20
7060 7063 105
5986 5991 32731606112
7409 7429 2520
5645 5661 135
217 221 15
6663 6688 5040
7893 7901 39556366248
7092 7101 150
402 405 99526523820
387 388 10
4461 4464 294
7050 7062 10080
8253 8262 77907137328
5760 5774 784
3531 3534 52523710550
6281 6284 7425538644
5199 5210 4200
5351 5372 85050
4448 4454 24710906554
3036 3043 35
6748 6756 4410
3449 3450 14
5329 5331 14
2138 2145 180
7520 7528 108045
2014 2017 8
1237 1239 50
6683 6705 740880
5165 5168 3879378964
1664 1672 18
1813 1825 3528
3893 3894 21
6525 6528 97818705943
