7630 3793
7014 7016 9735515206
3815 3819 36
1685 1693 1080
6024 6025 14
1375 1376 57787683383
2738 2742 1323
4387 4389 21
2601 2602 21
878 886 1176
7172 7178 270
802 804 125
2418 2427 4116
2935 2946 131712
1153 1157 72
5793 5797 120
7013 7014 24338788015
6501 6502 15
5048 5049 72199662755
952 954 50
365 368 30
2303 2306 12
5017 5029 2381400
6957 6964 24
241 242 39620190878
5449 5451 70
5458 5460 10
730 731 89097213912
7145 7147 15
6523 6537 220500
5691 5697 2940
1848 1850 72792866220
4680 4682 18
2076 2089 134400
6702 6705 126
551 552 51612951080
4749 4750 63274760014
3577 3585 945
1187 1209 3857868000
4702 4705 8
4561 4580 4000752
6161 6170 5040
4086 4087 14
6704 6705 14
5867 5872 350
6711 6718 11907
2517 2521 42
158 161 54
3160 3161 15
5248 5250 30
6247 6248 10
3303 3312 3888
3274 3275 14285841902
3133 3138 378
759 760 21
6520 6527 8820
5576 5579 35
7320 7321 74028733323
6402 6404 6982615564
6032 6035 140
6322 6328 1680
3597 3598 99566083629
3973 3974 43664264714
1924 1934 5040
4888 4891 126
2058 2064 216
6111 6113 97206011135
4376 4377 15525959760
5548 5553 150
7524 7529 150
1704 1705 21
18 20 14
7552 7553 9
6153 6154 3
3940 3941 18298237198
4028 4033 9
6037 6047 2268
1425 1426 15
2397 2398 61264941233
6856 6861 40
6491 6492 64253118853
157 160 81
3932 3936 1125
2550 2558 1512
4120 4122 22722850500
4239 4243 210
3503 3507 90
4264 4267 8
7452 7453 42235121494
5603 5605 147
6013 6015 70
6108 6110 10
5123 5124 4517485353
3978 3980 70
1765 1767 9
1670 1676 126
6019 6020 42673251954
3514 3518 37233791768
4600 4601 71276783684
6516 6524 3780
6757 6760 196
2990 2998 720
3091 3094 60
5330 5334 66426787832
5252 5253 9
4545 4548 21
1839 1841 21
4400 4401 14
1969 1971 42
3505 3509 10
5863 5867 16
7237 7241 420
1390 1394 75
3589 3591 25
7242 7244 53928821772
3182 3186 108
4264 4269 48
5436 5440 28
7175 7178 90
1331 1333 80077203610
115 116 14
4476 4481 8
1124 1127 84
2904 2913 7560
1981 1983 105
4296 4297 1108883974
274 278 40
1076 1078 58414852696
6120 6133 220500
6101 6104 84
1291 1293 61837593180
5387 5388 58144006020
6280 6283 98
7283 7289 810
3570 3571 25
4494 4501 15750
5026 5042 10125000
489 491 42
1212 1218 1764
5301 5304 210
748 752 135
3644 3650 2646
5567 5570 60
3908 3909 21
5155 5161 504
1373 1376 57787683383
6183 6200 864000
7204 7205 9
7597 7599 12
6109 6110 10
979 983 12
208 209 7
3749 3752 27
5390 5391 21
5496 5500 315
5433 5439 26524167584
405 421 20412000
4927 4931 420
7613 7616 21361032007
3148 3154 1890
5240 5243 30
504 519 3704400
3938 3939 15
4205 4210 36
4297 4304 480
2832 2835 85556500884
6732 6743 576240
1979 1983 105
5890 5891 74755520004
4150 4158 1008
1138 1139 89864375125
3721 3722 33184425166
7521 7526 280
6051 6052 9
5005 5009 18
2445 2453 1890
1016 1021 160
1872 1874 18
4408 4409 81152292258
2576 2580 54
5435 5440 46417293272
249 250 10
5789 5795 96
4716 4718 15
6626 6628 14
2089 2103 8100
251 252 14
5770 5774 630
1210 1218 24696
3200 3202 66974464249
7386 7390 300
5913 5915 54243561858
6093 6096 66637378532
1910 1926 411600
5357 5358 51616870650
2938 2951 282240
3548 3553 270
7184 7199 326592
5468 5472 12
3525 3529 1750
3757 3758 15
3387 3389 90953011514
3392 3396 588
2891 2897 21
7113 7121 192
5493 5498 126
334 338 405
811 813 8
6880 6882 4
6662 6664 18
116 119 28
3906 3909 315
1951 1953 18
4743 4745 64790643272
3562 3565 36
2500 2509 411600
295 298 50
84 89 54
878 887 2352
2715 2716 10
4981 4987 1470
6259 6263 80
3577 3590 18900
5664 5673 6300
1170 1172 12
2458 2465 750
2854 2874 60011280
6295 6299 12
216 227 14112
3905 3909 630
2724 2731 5880
4194 4204 2352
1184 1188 28
7417 7419 93662692820
5385 5387 45
6465 6477 2916
5110 5111 21
2441 2449 85050
2935 2938 686
7511 7516 60
1832 1833 45742671987
5231 5232 39626602114
6833 6834 32095075248
4951 4955 28
5337 5338 65521227807
2583 2584 10
1714 1725 432
2006 2008 74314308646
1896 1897 62618106912
4671 4676 48
4356 4361 2058
3205 3221 12700800
7394 7397 18
5507 5508 99551624629
5175 5189 181440
14 19 420
6503 6504 20214986624
2904 2925 13069123200
5854 5856 28
2938 2947 1344
6914 6918 252
3318 3321 70
633 637 24
2557 2561 315
3423 3435 33600
5011 5012 77687159435
7008 7010 36524686638
356 360 270
4159 4161 30
5082 5084 28
5157 5163 144
5604 5605 21
485 486 4
3704 3718 2571912
2381 2382 10
467 475 15876
5842 5844 20421271754
6292 6299 96
7399 7400 15
6088 6095 1000
2036 2049 151200
7588 7589 14
251 254 28
39 53 1587600
4971 4982 15120
577 582 240
4186 4188 14
5391 5392 49
4226 4228 30
6767 6774 2700
5404 5405 14
1572 1580 120
7286 7290 54
5884 5886 28
7570 7576 504
2764 2767 90826953744
5863 5871 560
1740 1741 59633340630
3520 3528 105000
7468 7474 630
2721 2724 14
3986 3992 315
1656 1658 62974168084
2616 2617 10
2437 2438 56734658910
2697 2699 30
1479 1481 85879690430
7208 7217 23520
2474 2481 13230
4676 4678 17641325778
1703 1704 49
7436 7438 28171148480
7093 7107 254016
2279 2284 1500
5657 5665 3780
6774 6793 7620480
2357 2359 6171364892
4417 4419 12
4190 4192 81684448298
2634 2639 675
715 716 85475740866
5569 5575 1800
2230 2231 14
7287 7290 18
1671 1678 630
861 868 5670
4681 4685 12
5737 5738 71609431348
1562 1564 63
2498 2501 70
3655 3677 124467840
7434 7435 22782210299
5264 5265 39222605682
6692 6694 30
4406 4407 4
3095 3098 51052105062
4978 4986 5880
2418 2428 12348
2904 2917 1852200
5319 5326 980
1949 1952 150
2368 2373 84
1111 1115 105
600 601 9
5128 5130 35785870812
6743 6744 25
2506 2509 140
4642 4645 49250025656
360 361 10
1743 1745 77311181030
467 469 18
5366 5374 1008
6143 6145 49
6051 6053 18
301 302 92475385554
3858 3864 420
7472 7475 27
6561 6567 12
173 177 75
5977 5979 4
6405 6406 10
7002 7004 6
1465 1466 14
835 850 43200
4773 4777 1225
1076 1077 58414852696
5089 5090 15
2463 2465 30
1790 1792 63
4324 4332 450
4794 4795 69951598529
7040 7044 84
6571 6572 26117882730
234 235 6
4434 4435 83510344827
1302 1304 18
3825 3826 14
3067 3069 14
490 491 6
4809 4821 79380
6917 6920 54
3981 3983 47082857742
1598 1601 70
2717 2719 67927892661
4650 4651 5611426585
4846 4848 10
7200 7203 96849207086
7061 7065 98
750 754 54
4511 4515 42
5044 5047 18
4895 4899 8
1882 1884 8
5867 5873 700
2774 2778 54
3446 3464 93350880
7458 7461 140
539 549 52920
1945 1950 4725
7505 7508 126
4700 4701 61411007580
3544 3545 42810272947
2775 2779 54
119 122 60
6273 6274 10
6728 6742 20168400
6356 6362 252
4149 4158 2016
2184 2188 150
3450 3467 163364040
1025 1029 56
3341 3344 63
257 260 8
7397 7399 47042381442
6728 6740 411600
4709 4715 420
582 586 24
3331 3334 24
5186 5190 54
450 463 126000
7560 7575 151200
4346 4348 44644672914
1549 1558 49000
2525 2528 12
6173 6174 64770009436
2709 2714 540
6644 6649 30
4354 4360 2058
847 855 360
5086 5088 12
4054 4055 14
6722 6737 39690000
176 177 15
594 601 14175
4175 4177 25109520328
2304 2312 12
6414 6416 30
6572 6581 384
6306 6316 504
7158 7160 7137736347
5970 5971 35
1899 1903 108
4128 4129 64939007400
2982 2995 11520
3429 3445 13230000
1005 1008 14
820 827 270
1651 1653 20
3707 3718 428652
3532 3534 21
2239 2264 857304000
3368 3375 26460
7365 7366 30866292048
7232 7233 57848301786
7433 7434 7
560 563 12
159 161 18
2624 2631 294
3487 3493 135
2141 2143 23302713236
1276 1285 189000
2 3 57855251795
1435 1438 18
382 389 324
5919 5927 560
5145 5150 560
1021 1022 54474459596
1410 1412 70
870 873 294
7438 7443 32
465 469 108
3012 3018 48
4638 4641 12
6093 6097 66637378532
4874 4891 83349000
7193 7202 216
1362 1366 108
4108 4110 10
400 414 907200
7046 7047 35190335565
2317 2321 210
2665 2672 1200
1590 1592 42
5681 5687 540
6617 6618 14
3838 3848 162
7409 7414 9
3989 3996 54
7480 7482 95991747162
6422 6445 967680000
1318 1323 378
2222 2224 42
5332 5335 66426787832
2168 2175 540
3595 3596 35
3750 3753 18
7437 7438 28171148480
4719 4720 5268552083
6176 6177 14
3005 3009 72
4987 4999 80640
1157 1159 59862583192
3560 3561 98584170645
6152 6153 15
1440 1442 30
4002 4003 14
286 287 14
1531 1533 42
721 724 30
6244 6248 120
1849 1852 58234292976
1464 1465 21
1119 1127 7056
6055 6059 36
7183 7193 6048
724 726 21
189 190 21
3440 3454 3704400
6969 6971 10
3351 3353 30
2090 2111 972000
6166 6172 840
4588 4590 30
162 165 78289055961
2902 2903 39803423985
643 645 63
3409 3422 51861600
3473 3475 79726184956
6866 6876 85050
3634 3636 8
2384 2390 3969
6908 6909 10
6669 6675 23558164488
632 637 24
5844 5847 20269579799
1266 1280 4374000
4740 4742 42
675 685 35280
2112 2113 9
3577 3586 945
2584 2586 42
1385 1387 42
345 354 63000
5584 5585 9
4024 4027 12
6704 6706 42
4442 4443 69983115968
5932 5933 90313890122
700 704 168
3071 3072 14
4465 4467 70
1751 1760 252
760 761 9
1434 1437 18
3049 3053 42
4959 4967 11760
5546 5548 13116003930
5275 5277 14
1657 1658 62974168084
4459 4461 10
2766 2767 45413476872
7363 7365 92598876144
194 198 375
348 358 567000
5196 5197 15
3053 3054 49
1304 1307 12
7007 7009 36524686638
4970 4981 30240
2319 2321 35
476 477 15
2955 2958 9
5644 5646 63
3176 3177 34575618262
1281 1285 420
6773 6778 36
4518 4520 93351650542
2340 2341 55269936466
1840 1842 42
5238 5242 120
6117 6125 3150
6284 6285 87218812704
1295 1298 135
3004 3008 168
5611 5621 158760
7491 7493 4
5585 5587 50720555052
2617 2619 175
6428 6454 6773760000
2371 2373 14
1780 1782 9
1486 1487 9
3990 3996 54
6071 6072 4
6233 6235 72024945094
4125 4127 98
1937 1938 9732643926
3102 3104 12
2468 2479 18144
4466 4467 35
787 791 150
2814 2820 48
5657 5664 1890
5759 5761 27
3332 3334 12
2741 2746 378
5162 5165 28
5141 5143 9
2343 2345 63
4928 4933 560
6316 6323 320
2018 2030 7200
4735 4738 70
3787 3789 97380002901
3011 3014 16
4444 4446 21
5431 5432 91745485676
1345 1346 25080924922
7610 7611 14
5531 5534 30
7540 7541 35
1571 1580 240
176 180 60
7397 7398 15680793814
4770 4772 74383255176
3572 3573 95154034810
7427 7431 24
507 521 30870000
653 655 30
2233 2235 94624204788
6560 6565 10
1430 1437 72
5524 5526 23506133794
2365 2373 672
3806 3811 2205
1143 1153 56700
1459 1463 120
1948 1952 450
2002 2004 99248660730
5696 5703 8232
2810 2813 60
6613 6618 84
4430 4434 18
3578 3590 6300
2089 2105 16200
2113 2114 4486745139
5815 5824 100842
6467 6480 9720
1968 1971 84
2765 2767 45413476872
495 498 15
3976 3979 42
1529 1533 294
6869 6881 81000
7558 7566 10500
1819 1829 672
5702 5706 84
7192 7200 432
2520 2525 48
7254 7256 18
285 287 98
3691 3694 18
2519 2523 24
4347 4348 22322336457
3573 3578 420
3984 3991 3675
1380 1383 210
2863 2875 27216
3406 3415 288120
2838 2841 9
25 28 45
4660 4667 567
4218 4219 9
3698 3715 6858432
1975 1979 36
5885 5886 14
4777 4780 20
6550 6555 168
3413 3429 59270400
7440 7449 14000
1370 1375 18
2349 2352 42
3626 3631 18
2391 2393 90492073020
5108 5110 18
324 327 12
3277 3278 21
5423 5425 42
1847 1850 72792866220
314 317 60
4949 4951 18
6748 6751 21
6109 6111 10
3735 3736 9
5569 5573 180
4371 4375 120
1210 1214 294
907 915 200
5189 5192 18
6164 6172 3360
1322 1329 96
6720 6728 66150
1746 1755 280
358 360 30
6880 6884 60
7302 7307 40
4996 4999 24
3251 3257 12
1114 1118 84
2825 2833 24696
1946 1950 675
5673 5674 15
4821 4825 40
478 479 10
314 318 180
4607 4610 8
2161 2168 1080
2719 2720 15
4393 4397 588
5592 5594 95177231252
1495 1497 9
4095 4097 42
4711 4717 150
841 851 180
808 812 60
6487 6491 36
6989 6995 120
3646 3667 2286144
1637 1645 756
6289 6297 192
1356 1361 2940
5580 5582 30747291048
1607 1616 144
7075 7082 16
628 629 17434220781
3077 3078 14
6760 6762 12
4765 4769 12
1845 1847 10
7304 7310 160
2569 2572 75
3402 3403 20792139116
4955 4958 42
2874 2882 55125
5462 5466 80
6554 6559 56
4101 4102 10
5025 5032 7500
6414 6415 15
4410 4416 324
3682 3689 192
57 59 15
3009 3014 144
5404 5410 840
4993 4999 96
1541 1558 11760000
159 162 18
3564 3571 300
3413 3430 59270400
5854 5855 14
1024 1026 42
6881 6890 35280
7122 7123 14
5298 5299 26916088905
7285 7289 54
5705 5707 14
3093 3095 21879473598
7402 7403 93290419649
1864 1868 210
4807 4816 26460
429 431 35
3996 3998 67829015220
21 22 88741372221
104 106 63
3838 3849 486
5697 5706 16464
6283 6284 14
6329 6336 17640
2044 2056 3457440
6867 6880 1701000
1887 1892 180
5790 5796 96
4663 4674 12096
4050 4053 30
3024 3029 150
6669 6672 3
2232 2235 94624204788
2239 2265 6001128000
5003 5008 18
174 177 75
1101 1103 30
3808 3811 735
6607 6608 88539796214
6687 6693 7350
1827 1831 24
3438 3448 176400
4448 4453 95325016696
5892 5901 4320
5541 5542 38201455825
7538 7541 210
2343 2347 189
2526 2530 48
4517 4518 93351650542
7241 7243 35952547848
3427 3439 126000
4179 4187 11340
84 87 9
6441 6461 88905600
7594 7597 21
6972 6974 62420031809
6348 6359 648
3962 3972 8400
3080 3081 14
371 374 40
7336 7341 294
497 498 15
6908 6911 33821164440
4486 4489 24
6735 6743 20580
1883 1890 3600
1963 1966 126
7092 7099 432
3088 3089 21
5996 6008 198450
3370 3376 4410
1340 1342 1997785169
7475 7477 30
6502 6503 30322479936
6806 6807 42141618296
3446 3460 15558480
5025 5031 1500
5327 5333 144
2190 2191 81197246156
5447 5450 140
1442 1443 10
387 392 270
2301 2302 88531851532
3839 3849 243
4734 4736 35
6263 6266 24
1234 1235 14
4193 4197 12
4793 4795 69951598529
2788 2789 5
5365 5370 180
5065 5069 8
3395 3398 147
70 77 24
3846 3849 27
4147 4156 720
3824 3826 14
6716 6725 66150
5413 5415 50
250 251 14
6847 6849 13462569192
7146 7149 225
5188 5190 9
1885 1892 1800
1084 1099 112896
3040 3047 72
2334 2338 150
5338 5339 18720350802
903 904 42310970463
592 597 7350
5380 5385 360
6504 6508 200
143 145 70
938 943 48
4945 4951 144
4233 4234 55219901986
2916 2926 246960
5049 5050 72199662755
3321 3323 15
1056 1058 27
7388 7392 180
4983 4990 17640
4478 4481 8
6944 6947 24
1275 1283 56700
6896 6909 10976000
5017 5021 378
2153 2163 25200
6840 6845 84
258 260 8
1378 1382 630
675 683 3920
1119 1122 42
6465 6468 27
1606 1614 504
2638 2639 15
2352 2353 21
5072 5077 72
6907 6909 20
1532 1533 14
4942 4943 15
900 903 10
4985 4992 17640
3334 3336 18929573176
2969 2972 18
1821 1829 336
6411 6412 10
2890 2893 21
428 431 35
2574 2575 43465294728
7089 7095 36
7622 7626 48
7603 7604 2
527 537 132300
4694 4696 8
2521 2528 192
829 830 9
2930 2938 134456
3795 3801 45
5448 5450 70
3960 3962 10
911 918 60
2468 2477 2592
2614 2617 10
1486 1490 252
4184 4188 126
720 722 14
1237 1242 180
3620 3621 88355044662
4872 4880 36750
1118 1121 28
6302 6312 10584
3983 3984 39235714785
7000 7001 66292919108
1127 1134 84
3164 3172 4410
3608 3614 108
423 430 4900
3225 3232 600
3760 3765 300
1768 1769 21
7510 7511 25852334436
7402 7404 93290419649
2158 2168 75600
4780 4782 86661667475
3425 3439 504000
43 53 52920
7263 7277 1317120
5006 5009 18
5544 5545 35
1723 1730 216
6711 6717 3969
7505 7509 126
3656 3678 248935680
620 625 180
5303 5305 42
6673 6676 15705442992
0 2 10
418 421 60
2569 2570 25
3341 3345 189
807 810 15
5358 5359 25808435325
2414 2422 7056
631 636 12
6766 6772 2250
5978 5981 8
4938 4943 1890
4395 4397 28
1475 1477 14
1143 1155 226800
2681 2682 10
557 558 46737702104
3627 3631 9
6849 6850 85901194178
1454 1455 1812984690
3347 3350 61970751372
6602 6603 2
4821 4826 120
1100 1103 60
7282 7288 810
4599 4600 10
6647 6654 600
619 624 90
2476 2482 4410
639 643 12
532 539 3150
5589 5591 28
2010 2014 90
4393 4396 294
1032 1039 240
3205 3220 12700800
502 518 11113200
7137 7139 30
4920 4924 8
6037 6048 4536
7390 7392 18
1025 1027 28
2067 2068 15656871948
3421 3435 201600
7385 7390 600
5631 5636 144
5189 5191 9
703 704 14
1826 1830 16
5039 5042 90
7149 7150 15
179 182 45215836026
7169 7178 1620
3786 3787 64920001934
6765 6769 225
5319 5321 7
865 870 882
1319 1325 216
6583 6586 70
1447 1452 72
4863 4867 12
5492 5493 50118518538
7456 7457 35
7221 7224 50
581 586 48
1368 1369 94800668338
2344 2347 63
1571 1574 40
4336 4337 10
2361 2370 864
545 549 252
3827 3829 24660550299
931 934 8
6862 6863 49415847014
2726 2733 2520
4432 4434 9
177 181 60
6396 6397 9
4063 4066 12
56 57 15
3352 3355 30
6251 6256 224
431 432 87695621879
5280 5281 10
5002 5008 36
1567 1568 14
388 392 90
1756 1763 378
7581 7584 12
2949 2954 90
5052 5054 84336220126
1163 1165 59859654126
4640 4642 24625012828
3255 3258 84
3267 3270 24
4121 4124 30
4577 4585 630
3148 3155 5670
3538 3540 35
5849 5852 70
5519 5525 210
4573 4584 26460
1550 1558 24500
280 283 90
4676 4679 52923977334
6200 6202 45
5473 5474 99085586833
5661 5672 56700
7388 7391 60
5295 5298 10
3118 3120 35
6276 6277 35
2081 2091 1440
2577 2581 18
2955 2956 9
987 990 10
3096 3104 3528
5923 5928 112
3788 3790 21
1332 1333 40038601805
6400 6404 20947846692
1956 1957 15
7366 7367 14
323 327 12
7608 7611 14
1077 1078 29207426348
1937 1939 68128507482
3969 3972 14
3510 3513 36
564 569 140
14 17 30
1057 1060 18
4378 4384 420
2320 2322 175
1262 1264 15
4964 4967 84
2507 2510 490
6881 6889 11760
6129 6135 700
3805 3808 15
3205 3218 2116800
7136 7139 60
722 725 105
3035 3041 1458
1334 1335 58437949573
799 801 17138557998
5237 5239 12
6487 6488 9
2928 2934 588
5623 5626 54
284 286 28
5333 5335 33213393916
1294 1298 270
3295 3298 56897602468
7343 7353 3600
906 915 600
4568 4584 1111320
2769 2773 294
7382 7383 90470254246
1468 1471 490
4411 4418 432
381 389 324
4758 4764 75
4925 4926 14460121408
6092 6095 20
7343 7351 600
4445 4449 12
6404 6405 34913077820
5384 5386 30
2664 2667 60
1859 1863 280
6707 6708 46416899514
7170 7178 810
3747 3750 15
955 956 14
6094 6097 33318689266
4533 4534 14
2686 2694 72
1904 1906 18
1500 1503 45
1868 1872 20
2056 2062 2520
6912 6916 56
2115 2117 8
7396 7398 47042381442
2388 2390 21
6710 6716 27783
5575 5578 35
7054 7061 120
574 578 60
5743 5744 7
3466 3469 441
3999 4000 61209661636
580 584 16
7199 7203 96849207086
5581 5585 72
5200 5201 10
2891 2896 21
4757 4762 50
5134 5136 21
2237 2240 135
4140 4147 2100
4909 4911 12
5087 5090 90
7613 7614 21361032007
7549 7553 108
7596 7598 42
3766 3768 55767611562
5768 5771 24
5093 5100 336
2947 2951 210
6381 6391 3024
1709 1717 144
6228 6231 45
5273 5276 20
1986 1989 14749260171
3688 3693 72
3829 3833 30
4077 4079 54036526608
1769 1770 56933819631
6774 6791 1270080
7607 7608 25976957814
3373 3378 1323
5315 5319 392
4228 4230 15
7292 7301 5670
4028 4032 9
3033 3036 315
709 713 54
4656 4662 108
2432 2434 90140242282
5339 5347 324
3326 3327 3
4219 4222 210
4426 4433 3780
685 690 450
6662 6663 9
1690 1699 5400
1605 1613 756
5155 5156 14
6717 6725 9450
5407 5410 12
3114 3119 3430
5229 5230 25
5787 5795 192
6710 6714 1323
7576 7579 28
3889 3890 9
6662 6665 18
1014 1020 240
6796 6798 42
11 12 75937892106
2705 2706 97306459374
2695 2699 120
5380 5382 30
2359 2363 180
4643 4647 16
6508 6512 36
2833 2835 28518833628
1449 1453 84
333 334 21
6996 7000 14
2167 2174 360
7579 7580 35110604618
5968 5971 70
1184 1198 317520
6415 6417 20
2518 2522 84
2759 2760 9
3147 3153 270
3520 3527 15000
6454 6463 11340
3086 3089 294
5201 5202 35
6691 6693 15
5835 5837 12
7023 7026 54840215329
6201 6207 360
420 421 10
5382 5386 180
3383 3386 86815889465
1466 1467 54293081410
3751 3754 36
4862 4867 36
816 818 12
968 980 48
5409 5410 4
1082 1099 338688
5152 5153 72410520936
5412 5414 30
3855 3863 2520
2294 2296 14
5425 5428 126
3439 3451 1234800
4598 4600 20
5285 5297 4320
2560 2564 36
3798 3802 18
5025 5041 6075000
1288 1290 28
4073 4075 12
766 770 126
4213 4214 66358001102
2642 2644 15
2303 2307 36
6766 6774 13500
437 438 10
1995 1997 5
6653 6663 5040
846 851 30
2506 2510 980
6226 6231 135
7159 7161 14
1658 1660 62974168084
1581 1583 30
4616 4624 17640
713 714 63482467486
3403 3406 98
448 449 54407789716
4320 4324 60
813 814 54928804950
5441 5442 9
3880 3885 315
2376 2377 68591717115
2539 2541 42
4716 4717 5
1093 1102 1680
5365 5369 60
1900 1903 36
5797 5798 15
5631 5639 144
552 553 10
4317 4319 14
980 984 18
372 374 8
3434 3448 37044000
1500 1505 225
3742 3746 140
6289 6295 192
3534 3536 27
7057 7064 280
3057 3059 18
7603 7606 30
7094 7110 1524096
588 589 52519789480
5008 5010 9
1452 1455 38072678490
5907 5909 8
7280 7281 25
541 549 17640
1047 1053 280
7225 7227 12
7183 7194 18144
5093 5098 56
6452 6461 8820
7488 7489 9
3059 3065 54
1905 1906 9
2866 2875 9072
1252 1262 22500
7051 7054 6
5572 5576 420
2741 2742 21
2822 2832 49392
302 304 42
169 170 82032722670
2543 2545 8
346 354 63000
1582 1583 15
5984 5986 12
4845 4848 30
1701 1703 105
6271 6273 28
849 855 36
4371 4374 40
2891 2899 147
6852 6857 160
7201 7203 96849207086
1040 1049 300125
1778 1782 126
2641 2644 75
4703 4706 12
243 245 53316230634
4135 4136 9
306 308 18
4007 4008 21
4172 4176 50219040656
162 163 78289055961
5674 5675 9
1412 1413 14
2464 2465 15
1257 1264 300
4930 4933 56
1270 1283 4082400
2094 2111 108000
1110 1115 210
4638 4640 12
3813 3819 216
6589 6601 13500
5467 5471 12
4538 4539 87022351864
6961 6969 3360
5966 5971 1470
767 770 42
7053 7060 120
3351 3352 10
4276 4279 294
5467 5469 12
1932 1936 24
4728 4736 2450
5074 5079 24
4765 4770 12
1507 1515 144
1242 1244 20
4937 4940 315
566 569 10
2234 2235 31541401596
62 68 168
18 19 14
2949 2951 30
3761 3766 150
4211 4212 12092471127
5230 5231 99066505285
2976 2992 9216
5583 5585 18
4550 4555 63
2435 2436 15
5632 5640 216
37 48 12600
5990 5992 88484023820
4352 4359 588
7045 7046 35190335565
6204 6207 12
5733 5734 91361950122
6562 6567 12
4822 4826 60
4275 4279 588
2178 2182 54
5539 5540 14
536 541 180
1589 1590 14
6264 6266 12
3750 3752 9
720 724 210
5760 5761 9
7549 7552 36
3359 3367 1260
5052 5053 84336220126
4421 4426 1260
1714 1727 1728
4917 4921 40
235 240 3150
5577 5580 38434113810
5395 5398 4
6081 6085 72
4522 4523 21
5340 5347 162
5870 5874 210
144 145 35
331 332 93105555988
5074 5078 24
5067 5070 76673656620
4101 4103 50
6366 6369 21
1038 1049 3001250
3020 3028 600
4332 4333 46906211948
2539 2543 84
7388 7390 20
889 891 9
1935 1937 12
3283 3290 16
835 851 43200
4550 4554 9
1459 1462 60
6762 6763 9
6765 6768 75
1799 1800 14
515 530 51030000
921 922 68490935188
6542 6554 30240
804 805 15
1728 1732 18
7042 7045 18
6678 6680 10
555 556 15
4605 4607 87780795854
722 724 15
1451 1453 42
2836 2837 46647482391
3135 3138 126
5726 5727 71854454161
5506 5508 99551624629
7067 7069 20
3644 3659 42336
2920 2926 5880
3907 3909 63
6571 6573 52235765460
5017 5027 95256
4874 4884 33075
3526 3529 350
2966 2967 9
3335 3338 94647865880
3131 3138 756
4446 4450 24
5624 5626 27
6082 6085 24
336 341 270
3469 3472 84
317 318 15
7531 7533 10
6828 6829 14
6189 6200 27000
3476 3478 91090675995
5607 5616 17640
7596 7599 84
3395 3400 147
3012 3015 16
4076 4077 54036526608
5163 5165 14
4723 4724 14
2626 2631 42
1586 1589 20
5988 5989 17816191508
7551 7553 18
4604 4606 87780795854
6882 6892 211680
376 377 74419846607
4801 4803 20
5518 5521 20
6083 6089 1800
1287 1290 28
1590 1591 21
1032 1045 10290000
4265 4272 864
4546 4550 21
3539 3542 30
4287 4288 55596283943
4143 4150 300
6222 6230 378
4502 4508 675
4991 4999 1344
4848 4849 35
433 436 88810354724
2539 2545 336
6971 6972 62420031809
2221 2223 12
143 144 14
6770 6778 1080
1797 1798 21666009825
4252 4255 63
4486 4488 8
6796 6797 14
5636 5641 9
4170 4175 8
4786 4790 2058
5573 5577 140
6338 6358 27216000
1184 1203 28576800
3754 3755 38815517190
5831 5834 12
7257 7260 60
6149 6151 60667249340
7460 7461 14
579 583 16
702 704 28
1384 1385 9
5402 5404 14
1428 1433 56
7263 7274 47040
5588 5591 196
6623 6625 6040936714
15 19 420
5451 5454 140
690 692 30
1026 1029 8
5339 5346 108
1221 1231 5880
4738 4742 882
2384 2385 9
5879 5880 15
4102 4103 25
3664 3688 5310627840
3997 3998 22609671740
6953 6962 2940
3883 3885 9
2113 2116 17946980556
4296 4298 3326651922
6584 6586 35
6861 6863 98831694028
6411 6414 30
6524 6538 661500
5450 5452 98
2580 2582 76301812600
1999 2000 85728173610
6024 6026 42
1335 1338 9
36 41 12
4033 4034 85667640103
7259 7272 1058400
2209 2223 1176000
7059 7064 70
6958 6964 24
5857 5858 85927659535
7368 7371 49226415663
120 124 60
441 442 21
6738 6743 3430
7577 7580 70221209236
5477 5478 33471369414
6568 6570 147
4853 4854 10
4078 4081 14
3573 3575 20
5437 5442 252
2562 2565 24
706 710 18
1767 1769 63
6193 6201 4500
2637 2639 75
2213 2223 2400
4696 4699 12
5417 5419 12
6815 6818 18
5710 5712 105
6837 6843 336
2596 2597 7
7475 7479 300
4708 4715 2100
6010 6011 7
4985 4995 70560
3935 3938 150
6292 6298 32
7501 7504 42
6287 6293 144
2714 2716 20
695 696 21
5581 5583 8
1383 1384 9
5126 5128 105
2012 2021 800
7121 7123 28
6570 6572 78353648190
3012 3014 8
4554 4558 42
2724 2729 980
95 102 252
4555 4558 14
4969 4970 55964599504
2274 2278 68315839690
5595 5597 14
1580 1582 30
3371 3376 882
4045 4047 30
2881 2885 315
4461 4464 20
4916 4918 15
5318 5321 14
6721 6728 66150
1462 1465 84
1760 1764 94865156883
2427 2429 84952883616
5423 5427 882
3384 3387 45476505757
3107 3108 10
3835 3846 1620
6661 6663 18
5815 5823 100842
5069 5070 38336828310
358 361 60
7184 7196 54432
4689 4691 32073610772
2498 2508 164640
1004 1008 28
3954 3961 270
6003 6008 315
105 107 42
7495 7496 10
7109 7111 18
3399 3401 58956250342
3210 3221 151200
7108 7111 36
137 141 30633721424
7625 7627 6
2001 2004 99248660730
5025 5036 37500
7312 7319 1512
4255 4260 504
7605 7606 15
4938 4940 63
2713 2715 30
7617 7618 13154279313
3245 3253 72
3297 3298 28448801234
4104 4105 97358308830
3509 3513 36
300 301 61650257036
92 93 59961156560
792 794 14
604 605 57437445936
7465 7469 20
6499 6500 91818037722
6554 6555 14
1978 1983 210
4096 4100 56
6625 6626 21143278499
2030 2042 7200
5839 5840 10
6665 6667 25198038142
6881 6886 1470
4560 4563 54
5215 5221 48
6932 6934 9
4016 4021 756
1174 1176 42
212 213 21
281 286 840
2787 2789 10
3899 3903 294
577 581 120
477 479 30
2724 2733 35280
7292 7297 945
2295 2296 14
7304 7319 725760
4191 4192 40842224149
3798 3801 9
1219 1227 2520
2880 2882 175
942 945 20
3386 3388 45476505757
6013 6014 14
4021 4027 48
1827 1832 24
4918 4922 80
6689 6693 525
5482 5485 28
1053 1056 95340174444
736 738 1542240581
4358 4365 588
4867 4870 147
6337 6358 54432000
5671 5673 30
5841 5844 20421271754
290 294 1372
7539 7541 70
2195 2214 74088000
4286 4287 83850461887
405 419 2041200
6260 6266 480
6851 6852 49681350574
3225 3239 9600
215 222 504
2392 2394 30
4837 4839 18
1242 1243 10
3688 3689 4
6567 6570 294
1428 1430 28
2776 2780 54
5012 5015 21
648 651 45
3975 3977 15
5555 5556 21
4848 4850 70
7572 7579 1008
1488 1492 112
5513 5520 180
3846 3850 54
2795 2807 5832
5994 6001 630
5211 5220 576
3164 3170 315
1908 1920 1029000
4301 4309 1680
6925 6932 840
1347 1348 9
1289 1290 14
2456 2458 105
1562 1568 22050
2819 2824 112
1744 1747 77311181030
4444 4447 42
1879 1884 240
4487 4489 12
985 986 72435519542
5641 5642 84954121826
2057 2062 360
1857 1861 630
3896 3900 189
5147 5151 280
3081 3083 35
2354 2355 57220741830
5590 5591 14
7436 7437 14085574240
2739 2742 189
5193 5195 75389587308
4829 4835 280
5082 5083 14
7189 7199 3888
5299 5300 53832177810
1651 1654 20
6398 6400 44504831806
5325 5330 36
1935 1938 58395863556
7504 7505 49
6084 6093 45000
2304 2309 12
1589 1591 42
70 73 12
7614 7616 21361032007
4018 4022 84
5645 5647 42
5271 5272 42170029218
475 477 45
4688 4690 16036805386
2029 2041 4320
94 101 630
1362 1365 54
3900 3904 294
1684 1691 1080
6488 6491 12
3487 3491 45
6791 6793 12
5641 5643 84954121826
6695 6696 70447434244
1429 1434 56
571 572 78513371364
3931 3933 15
239 240 35
5040 5042 45
3978 3981 210
1248 1250 25
351 358 12600
4929 4933 112
7427 7430 12
199 201 2
60 61 21720291452
9 10 16087809864
5819 5827 4116
7451 7453 42235121494
354 360 9450
26 28 45
7020 7021 36271099824
6603 6606 8
7154 7155 21994804537
330 331 93105555988
5801 5802 36476117118
4617 4640 979776000
4012 4013 65063016851
81 83 14
5855 5856 14
1396 1397 75599433303
5751 5753 69171807442
4000 4001 61209661636
1408 1411 20
7409 7415 18
893 895 26254361271
2816 2820 16
5072 5075 12
6051 6055 54
6154 6156 33563089064
5906 5907 82023511178
4375 4376 46577879280
3980 3982 30
6346 6358 1296
7244 7250 1008
5773 5776 105
1183 1188 28
5249 5250 10
3820 3821 84247060580
2601 2603 42
6484 6485 54603886003
1770 1773 75911759508
3366 3372 1260
3505 3508 10
771 774 18
5209 5219 4032
1417 1418 10
2948 2951 210
4095 4099 84
2607 2608 39527530537
7219 7224 150
2264 2267 49
3821 3826 140
1013 1017 90
2230 2233 42
4737 4738 14
2773 2778 378
445 447 15
1067 1069 18
1386 1387 14
4775 4777 25
2616 2618 50
3034 3038 567
5655 5659 42
2634 2636 9
4595 4598 24
3189 3192 69655613636
6565 6568 42
5783 5789 336
7439 7443 16
3778 3780 70273905153
1429 1435 56
871 874 84
5510 5516 2835
4348 4349 52085451733
4368 4369 21
5447 5449 20
3779 3780 23424635051
5896 5903 1800
2315 2316 38113650710
5816 5824 100842
762 768 126
2529 2531 20
2140 2143 23302713236
2566 2567 15
4805 4813 12348
4824 4826 12
3484 3486 98
5965 5969 84
6921 6923 67831151106
5016 5017 61786224554
1615 1616 2
1763 1766 94865156883
6814 6815 64828977849
791 793 35
1580 1583 90
4342 4347 72
7 8 21
1453 1455 12690892830
668 673 252
1622 1623 15
4789 4790 21
3828 3833 30
5202 5204 42
3776 3780 70273905153
2606 2607 33409061410
2389 2391 63344451114
3514 3517 18616895884
3195 3197 8051741142
12 17 120
3461 3467 588
3652 3672 8890560
3759 3761 10
3836 3848 972
797 798 79690719855
3095 3096 25526052531
3489 3493 45
6463 6467 135
2920 2928 52920
2457 2465 5250
2990 3001 14400
3283 3287 8
2512 2519 210
246 248 21
3632 3633 86030644043
6056 6059 12
1299 1304 378
1034 1047 10290000
4050 4054 60
6665 6666 12599019071
1489 1492 16
7281 7288 4050
3149 3158 9072
5689 5697 11760
5953 5964 352800
5592 5593 95177231252
3594 3595 25
226 233 360
4724 4736 102900
3533 3535 9
7041 7044 12
5961 5964 36
110 112 12
141 143 79569237484
717 718 86825456901
3782 3786 16
5170 5173 45
1909 1923 1029000
538 548 35280
1210 1212 42
2711 2715 300
7148 7150 75
6439 6457 3386880
5579 5581 76868227620
6502 6504 60644959872
3796 3801 45
7526 7529 30
6065 6067 25
7446 7450 2450
6915 6918 36
3574 3579 252
905 908 42
7478 7479 10
5738 5742 48
6240 6241 9
3857 3864 420
2194 2213 148176000
1239 1242 30
7224 7227 60
3309 3314 108
6179 6180 50435226576
2386 2390 441
89 90 59908719694
2559 2562 30
6932 6933 9
2119 2121 10
6839 6845 168
5099 5104 252
2338 2339 34421986428
4174 4177 50219040656
5675 5677 18
2239 2242 54
3622 3627 72
3708 3718 142884
5341 5347 81
4861 4866 84
3466 3471 6174
281 284 60
4278 4282 252
1441 1443 20
5601 5604 343
3986 3996 5670
6152 6154 15
6890 6892 18
5824 5828 12
5044 5046 6
4115 4119 7798037704
5892 5899 432
6647 6661 168000
6580 6586 420
3727 3730 40
7360 7363 16
2853 2868 119070
664 665 10
3554 3557 42
2290 2291 82341833674
4859 4860 16538666294
3478 3479 30363558665
133 135 28
4120 4123 45445701000
2390 2391 9049207302
2017 2025 120
2627 2631 42
962 965 42
6625 6628 42286556998
1370 1374 18
94 98 210
1016 1020 80
3569 3571 25
6945 6947 12
7392 7393 65701607991
3182 3185 54
1959 1960 10
5298 5300 53832177810
6268 6270 28
6830 6833 60
5992 5993 85076451842
2357 2358 3085682446
3611 3615 81
6465 6475 1458
2961 2962 37512524574
4147 4154 240
7017 7020 126
2457 2460 175
4375 4377 46577879280
2123 2125 30
2654 2656 7600823372
1483 1485 8
783 790 3000
1490 1493 16
34 35 66315097638
6259 6261 8
7521 7523 28
2012 2016 40
2387 2390 147
3872 3874 15
1521 1523 12
3737 3738 69330032296
4382 4386 875
4561 4576 190512
2842 2843 83191999123
4115 4118 7798037704
5156 5161 252
4376 4378 46577879280
6381 6386 126
7038 7042 700
3034 3037 189
3016 3020 22145807346
2242 2267 333396000
946 948 95147479734
6096 6097 16659344633
6471 6482 3600
4965 4968 12
4504 4509 675
2760 2761 9
7016 7019 126
293 296 1225
2650 2653 12
4820 4825 120
7035 7036 23874918842
4793 4794 69951598529
6139 6142 18
2689 2698 720
7231 7232 38565534524
3096 3102 588
2807 2808 63822033133
5711 5714 210
5579 5580 38434113810
5920 5928 1120
5195 5196 32309823132
6118 6133 1102500
1127 1131 14
450 464 252000
4206 4210 36
108 109 54307846206
3167 3176 882
2487 2489 10
4219 4221 42
7155 7158 5098383105
4398 4400 63
769 773 84
6229 6231 15
4217 4218 56694332583
5438 5442 126
5119 5120 88191074991
2461 2465 30
3928 3929 95519653170
1584 1586 53626284712
4469 4470 9
4064 4067 84
49 53 252
4686 4689 40092013465
4698 4699 6
1081 1091 20160
3194 3197 16103482284
3094 3095 7293157866
6333 6355 762048000
3894 3898 135
2057 2063 360
3787 3788 97380002901
5995 6007 28350
4455 4457 18
4019 4026 504
4224 4226 45
2822 2829 784
412 421 10800
4761 4769 180
4501 4505 18
7213 7224 294000
2563 2566 60
6586 6587 21
7176 7178 30
176 181 180
1693 1699 540
4252 4254 9
3670 3689 12042240
3084 3086 42
3689 3694 36
3330 3332 12
3892 3893 47745729049
5784 5789 48
1798 1800 14
2121 2125 150
4709 4717 2100
7488 7492 18
4986 4999 564480
2826 2833 12348
6373 6376 49
6078 6079 14
1981 1985 1050
2196 2221 1975680000
671 677 112
6027 6028 88308964381
698 702 108
6355 6361 84
3913 3918 56
2519 2525 48
7352 7359 1080
1490 1492 8
6029 6034 784
1385 1386 21
6977 6982 3087
1689 1693 60
5386 5387 15
4059 4063 294
2298 2300 30
2565 2566 10
5807 5818 3025260
7008 7009 18262343319
2336 2338 30
2520 2528 576
1999 2002 85728173610
6205 6208 84660151536
2438 2448 850500
6259 6266 960
6749 6751 21
7358 7362 48
5479 5481 63
3205 3212 1512
6773 6788 272160
6114 6123 47250
5480 5484 126
6 8 147
1467 1468 54293081410
3337 3343 5670
1930 1936 360
5041 5042 15
7394 7396 18
7122 7124 14
3173 3176 21
3279 3280 62700792483
925 934 16
4771 4772 74383255176
1031 1033 20076276988
7113 7117 12
7453 7454 63352682241
1141 1151 157500
7141 7144 60
1842 1843 14
4935 4936 30926394902
6803 6805 63
7164 7165 56628282506
6407 6408 24925528910
6255 6257 21518131530
3636 3640 140
1873 1875 18
7034 7035 83562215947
945 946 79289566445
1790 1791 21
6129 6140 16800
2791 2797 1134
4004 4005 78948887865
5525 5526 23506133794
2342 2344 42
3899 3900 21
7264 7278 564480
2588 2593 126
7472 7477 270
1024 1027 84
4331 4333 93812423896
7336 7340 294
607 609 21
2707 2710 135
3201 3204 57406683642
1246 1247 58757402734
4923 4926 14460121408
4672 4676 24
3877 3878 31374889398
6828 6832 420
537 541 36
5111 5112 14
1873 1876 54
4596 4598 12
3754 3756 38815517190
4605 4606 43890397927
7431 7432 42353865444
2223 2224 21
4386 4389 105
738 740 57003504438
5074 5080 168
4414 4419 144
3121 3122 95619882764
5749 5750 9
1350 1352 50
6278 6279 30699137535
1185 1203 28576800
1163 1164 19953218042
5660 5665 180
423 431 4900
5653 5656 20
1903 1906 36
5100 5106 252
835 848 14400
2074 2084 35280
4234 4235 55219901986
3336 3338 20
6653 6661 560
5987 5988 14
6433 6457 338688000
4053 4055 28
6937 6939 66817664992
6002 6008 945
1227 1235 588
5896 5901 180
1841 1843 42
4816 4825 1800
4237 4240 21
7313 7319 216
4742 4743 97185964908
307 310 60
3484 3489 294
2653 2655 3800411686
4204 4207 42
6394 6395 51507644132
5729 5732 18
2613 2617 20
2142 2143 23302713236
4243 4246 140
2361 2373 12096
4280 4282 12
7037 7039 125
2090 2105 8100
3913 3914 7
5280 5282 20
7457 7459 50
1664 1669 30
3069 3071 17810200550
4467 4468 86220301070
5466 5467 10
4037 4046 12600
6679 6682 70
7044 7045 9
248 249 15
183 185 15
1389 1390 15
4416 4419 36
5143 5144 42906020664
6465 6478 2916
7471 7475 54
6232 6235 72024945094
2054 2060 2520
5121 5123 15
2457 2463 350
3485 3491 630
3427 3443 5670000
1757 1763 126
7077 7095 11520
414 421 1080
978 982 24
5159 5164 504
4834 4838 108
6331 6350 889056000
6254 6257 43036263060
5940 5958 33600000
5559 5562 60
1746 1756 840
6911 6915 94699260432
5688 5694 840
5940 5944 150
807 812 60
3590 3591 25
7454 7457 105
3502 3503 21
3727 3729 8
4169 4175 8
6401 6404 20947846692
1093 1099 84
1217 1221 60
2276 2279 68315839690
403 417 680400
1917 1934 987840
499 500 24448718838
7009 7010 12174895546
760 762 9
5838 5839 63537248764
4201 4205 42
6372 6376 49
1636 1642 84
1536 1557 169344000
2124 2126 50
6009 6010 49096300407
7202 7203 96849207086
2100 2112 10800
1164 1165 29929827063
3113 3114 14
4418 4420 63947235534
2550 2559 7560
4787 4790 294
492 497 42
1659 1668 120
2335 2338 150
4903 4904 21
3177 3180 69151236524
574 581 480
6410 6411 14
5603 5604 49
1291 1292 61837593180
232 235 30
1680 1681 14
4168 4173 8
5296 5298 10
1251 1260 45000
2597 2598 35
4699 4700 40940671720
693 696 315
661 662 79386516577
2303 2305 12
4678 4682 54
2030 2049 6048000
4487 4490 24
511 521 1102500
1527 1533 588
1911 1933 103723200
3263 3266 20
5060 5068 96
4452 4455 95325016696
4007 4010 189
5607 5614 5880
5054 5061 600
7445 7450 2450
1307 1311 43362122288
5644 5645 21
4838 4839 6
6417 6419 8
5661 5665 90
5933 5937 84
2772 2774 42
4797 4798 15
4689 4690 16036805386
810 813 40
6322 6332 352800
4756 4761 350
6068 6069 71091756606
1584 1585 53626284712
3557 3558 73612126039
4784 4785 96114413766
1248 1249 25
933 936 12
709 710 9
6212 6227 1890000
258 262 24
4079 4087 1960
3276 3278 63
5241 5243 10
4621 4640 32659200
4551 4555 63
3377 3382 420
5502 5505 40616657630
581 584 8
5441 5443 18
7613 7615 21361032007
4278 4280 42
324 329 24
5430 5431 6
7358 7360 12
4934 4936 30926394902
2144 2159 25200
7318 7320 9
4813 4821 270
273 275 20
6352 6360 252
6816 6819 90
5336 5337 35
5600 5603 98
7419 7421 70
2273 2278 68315839690
2492 2493 59818834702
4792 4793 13454665467
4254 4258 252
5279 5281 30
4363 4365 2
6746 6747 21310116175
1445 1448 36
6584 6587 105
5776 5778 18
622 628 90
4739 4742 126
5334 5335 16606696958
3875 3876 61811346988
1428 1431 28
1012 1017 270
1268 1282 6804000
1670 1673 9
7157 7160 35688681735
4470 4471 9
1464 1466 42
7166 7177 5400
567 570 10
6028 6033 392
5117 5119 88191074991
737 738 220320083
2170 2175 90
5120 5122 45
5657 5663 1890
5144 5145 85812041328
2775 2780 162
3036 3041 486
2124 2125 10
1346 1347 37621387383
3755 3757 58223275785
7319 7321 74028733323
2990 2995 120
950 952 10
6620 6623 30
1072 1073 87579102562
6211 6219 7500
709 711 18
6865 6868 42
3164 3176 92610
115 118 28
4324 4330 225
3507 3513 72
234 237 90
7343 7357 108000
898 902 60
3183 3186 36
1155 1157 12
3311 3315 72
6175 6176 21
419 421 30
6838 6843 168
3830 3833 10
7183 7190 504
902 904 84621940926
3119 3121 14
3803 3804 84588218757
5574 5578 70
1381 1384 126
5708 5711 175
2332 2333 68943208140
627 629 17434220781
3703 3715 857304
4808 4819 26460
32 33 10
36 45 2100
3643 3646 42
3317 3318 15
4036 4045 12600
6234 6235 36012472547
3296 3298 28448801234
4193 4200 168
2420 2428 1764
120 123 60
1951 1954 36
2125 2126 25
1600 1609 10290
6697 6705 1008
7480 7481 47995873581
7358 7363 96
1378 1379 9
395 406 65856
1689 1698 10800
6890 6894 72
5930 5931 35
3587 3590 20
4747 4748 14
2061 2065 84
4505 4515 18900
1305 1311 86724244576
668 675 3528
6256 6259 12296075160
1505 1510 180
2474 2482 39690
1683 1685 63
5839 5841 10
5335 5337 70
1851 1853 20
870 874 588
4781 4782 86661667475
2428 2429 84952883616
1742 1743 25
6022 6023 93721184523
5017 5031 23814000
2746 2747 42256913465
6013 6016 140
2328 2330 10
6589 6603 27000
2636 2639 225
20 21 29580457407
4290 4293 18
4587 4588 15
5147 5150 140
4815 4824 900
227 233 360
235 237 45
5711 5712 15
4911 4914 24
313 317 60
1774 1775 97118218527
3532 3535 63
5262 5264 6
6257 6260 12296075160
574 580 240
5399 5400 68820640872
4981 4986 294
5711 5713 30
3593 3595 25
1552 1558 3500
2508 2510 70
150 154 735
3410 3424 103723200
1872 1875 36
6866 6869 42
5903 5905 62578107800
4606 4610 8
4512 4515 42
4061 4064 28
3268 3270 12
7024 7032 588
4339 4341 20
685 688 30
3349 3350 30985375686
61 63 14
1154 1157 24
4524 4526 42
2054 2061 5040
3623 3631 108
6071 6075 84
3164 3167 105
4159 4160 10
4090 4091 10
5223 5226 140
5429 5431 42
2120 2122 25
6686 6693 51450
107 108 54307846206
3526 3530 1050
6363 6364 75374141572
2839 2841 9
6388 6391 8
7494 7496 10
1449 1452 12
2375 2376 68591717115
1190 1211 1285956000
1640 1645 126
7604 7606 15
1295 1299 405
1461 1463 8
4659 4663 54
1669 1673 27
2570 2574 75
2393 2395 42
6396 6398 9
5529 5532 30
3257 3258 14
6480 6482 20
4955 4962 840
4461 4462 10
4122 4124 30
4384 4386 175
5259 5264 588
4366 4369 84
5598 5603 196
6831 6833 12
2218 2223 240
7435 7436 22782210299
5786 5794 288
4513 4515 21
4388 4390 14
4156 4158 14
3001 3003 50
7106 7111 144
5226 5227 25
7075 7089 640
1221 1235 493920
6255 6259 86072526120
866 872 18522
4829 4838 7560
2029 2037 720
4119 4121 7574283500
6953 6956 490
2186 2190 12
5134 5137 63
4737 4742 1764
2431 2434 90140242282
5365 5367 30
5178 5190 90720
3545 3553 1620
7055 7063 280
2400 2404 8
7160 7161 14
2073 2076 84
3188 3191 8
4928 4931 140
3244 3245 71662059536
3035 3040 729
1962 1964 30
3941 3942 50169471254
4840 4841 45388387875
2631 2632 46560773002
1081 1090 10080
3723 3727 16
3542 3543 65849571918
1284 1286 20
4495 4502 5250
3574 3582 1260
4637 4640 12
5216 5224 1008
5268 5270 8
1119 1124 252
1056 1057 9
1022 1023 54474459596
118 121 20
3821 3824 10
6853 6860 400
2324 2330 120
5425 5431 5292
4224 4227 90
7329 7330 89289289075
444 446 48990036531
4239 4242 105
3185 3186 6
1073 1075 8
6818 6819 15
2812 2819 240
1559 1560 36716289972
5645 5646 21
4410 4418 1296
276 281 180
150 159 297675
4422 4432 75600
309 310 10
5843 5847 40539159598
4229 4231 3
3608 3611 12
3014 3018 12
4955 4966 164640
5742 5744 21
4693 4696 40
4324 4327 15
311 312 19026656878
801 802 28564263330
1554 1558 700
4592 4598 288
1318 1321 63
1924 1935 10080
3443 3460 1089093600
5419 5420 88791311236
5856 5857 34371063814
2992 3003 24000
584 586 12
4188 4189 4
1644 1653 15120
4683 4688 10
5837 5838 95305873146
220 232 21168
6189 6201 135000
2570 2572 15
1564 1568 1050
5832 5835 12
7227 7231 24
5758 5761 27
4314 4315 95216951913
5334 5336 83033484790
348 354 6300
2292 2295 14
5728 5732 126
4906 4907 67330407617
4396 4398 12
3635 3637 8
1018 1021 16
4114 4117 3899018852
2418 2425 4116
550 551 51612951080
7181 7182 94672992323
6968 6970 20
1379 1383 630
1261 1264 15
1446 1450 24
2824 2832 24696
1689 1696 1800
3353 3355 15
1181 1184 51695018059
1095 1103 5040
6525 6545 291721500
7255 7259 72
5580 5583 61494582096
4401 4402 44720332420
2704 2705 97306459374
4891 4892 14
276 279 20
6033 6047 158760
3186 3187 67604577552
3224 3225 40394046390
4866 4867 6
3721 3724 66368850332
3136 3138 63
5871 5874 30
7527 7533 450
2654 2655 3800411686
1785 1786 9
7336 7339 294
1182 1184 51695018059
7456 7458 175
1867 1870 50
7416 7417 42153708155
6170 6173 12
4419 4421 95920853301
1586 1590 140
6819 6820 10
2247 2267 6174000
751 754 18
3535 3536 9
1716 1730 7776
6737 6743 3430
4648 4650 3366855951
1337 1342 17980066521
2228 2230 35
691 696 3150
205 209 490
6909 6912 6764232888
371 372 10
7259 7262 90
963 976 1008
3515 3526 48000
2448 2453 27
2845 2846 68294312404
1033 1047 10290000
3664 3687 2655313920
4756 4760 70
7138 7139 10
1802 1805 8
6783 6793 15120
3505 3507 10
4967 4969 83946899256
2131 2142 61250
1751 1763 5292
4959 4966 3920
7030 7033 28
7618 7620 60057980688
5518 5524 420
3943 3944 21
7407 7409 4
2782 2789 3920
733 734 87977294490
4919 4923 16
250 252 28
1350 1351 10
3012 3017 16
4371 4373 20
6560 6566 30
5966 5969 42
4019 4027 1008
6685 6687 14
6985 6990 3048822812
7474 7477 30
3645 3666 2286144
5058 5062 100
6965 6969 280
3395 3397 49
6525 6553 70013160000
6322 6329 8400
744 745 16474413956
1468 1470 70
4760 4764 15
3144 3145 21
636 637 6
3219 3223 18
2760 2766 144
3390 3396 5292
4096 4102 560
995 996 40906073602
3386 3387 45476505757
7307 7319 72576
7243 7249 1008
6945 6948 24
1424 1425 21
5074 5077 12
3345 3349 42
6286 6289 42
4341 4344 12
5047 5048 15
5063 5069 48
5529 5530 10
6376 6383 210
7442 7450 24500
3723 3729 64
5768 5773 504
2164 2173 2160
7234 7241 3780
4807 4813 1764
1728 1731 18
1068 1070 12
6744 6745 10
70 74 12
2088 2093 36
5189 5190 9
5112 5113 61646264934
5738 5740 8
6155 6156 33563089064
7155 7160 35688681735
5388 5389 38762670680
4127 4128 43292671600
1902 1906 72
7226 7229 18
2495 2499 10
5543 5545 245
5989 5990 17816191508
1895 1896 62618106912
5527 5530 210
4982 4989 8820
7574 7579 252
643 644 9
5712 5715 210
1255 1264 4500
7281 7287 2025
1116 1120 84
3813 3815 18
2587 2588 36757700248
3515 3527 240000
2769 2772 42
5631 5635 48
5324 5330 180
4156 4159 28
799 802 85692789990
5252 5255 9
7575 7579 84
3336 3343 11340
6974 6975 88653102206
3905 3907 30
6986 6991 6097645624
6575 6582 288
4916 4921 120
7210 7218 7840
2324 2329 24
4439 4442 12
1479 1482 85879690430
4649 4651 16834279755
6616 6618 42
3387 3388 45476505757
5850 5852 35
2699 2700 55285712295
1328 1330 2
7116 7121 32
3601 3606 150
3588 3591 50
372 375 24
515 535 3572100000
3147 3154 1890
3636 3644 1960
3976 3980 210
4926 4927 43380364224
6247 6253 560
5494 5500 1890
281 285 420
3313 3315 12
6741 6743 245
938 945 240
1168 1172 12
6281 6283 98
4299 4309 8400
3653 3672 4445280
5267 5270 16
2925 2930 180
5734 5735 14
1014 1018 60
6244 6246 12
1668 1673 54
1390 1395 375
665 666 10
3601 3611 3600
4301 4313 33600
446 447 15
5617 5621 180
5620 5621 15
6639 6640 14
2178 2184 540
6585 6587 21
7369 7374 49
2414 2417 24
6990 7000 840
4329 4332 30
3395 3399 147
7379 7381 26857276916
2723 2728 196
1924 1936 30240
1688 1693 180
1251 1262 45000
1964 1966 42
1483 1486 24
6817 6819 45
4702 4704 8
6316 6325 1920
3767 3768 55767611562
3813 3817 54
72 77 12
5902 5903 10
7143 7144 15
6777 6793 1905120
6507 6511 72
5191 5193 14
4226 4229 90
6104 6105 15
6979 6984 5145
1287 1289 14
6142 6145 147
6100 6103 196
674 677 28
4176 4177 25109520328
1519 1523 168
2769 2771 14
4244 4246 70
496 498 15
3749 3750 3
5285 5287 27
274 276 20
438 440 18
6685 6688 98
5218 5225 672
7093 7108 508032
6146 6147 99049382105
6005 6008 105
6961 6964 12
807 811 30
3511 3514 55850687652
4554 4555 21
1484 1486 12
6977 6984 15435
4495 4504 15750
6000 6008 4725
4447 4452 95325016696
1188 1209 551124000
559 561 35981695020
2193 2195 18
5911 5912 14
6575 6585 2880
1746 1750 20
6331 6354 16003008000
3920 3921 21
1448 1452 24
2642 2646 30
5998 6008 33075
1250 1256 2250
855 857 10
3073 3074 14644105405
4790 4793 94182658269
4642 4643 24625012828
5201 5203 105
5277 5278 95640090595
7038 7040 175
4340 4343 20
3374 3378 189
1051 1054 60
6475 6482 600
2748 2750 64286984808
3505 3512 120
6663 6666 75594114426
2292 2296 98
5129 5130 11928623604
2535 2538 75468236297
5096 5101 24
1849 1851 29117146488
4593 4598 144
1563 1568 3150
6612 6615 14
2956 2959 9
5642 5643 84954121826
6950 6951 35
3720 3722 99553275498
2696 2699 60
4280 4283 84
440 441 21
7391 7392 9
306 307 9
561 569 1680
4855 4857 75
5381 5385 180
896 902 180
2717 2718 22642630887
4281 4283 42
6989 6991 8
5847 5849 33593546992
5986 5987 21
6313 6317 14
4695 4699 24
2789 2790 37031271465
7221 7225 100
4142 4147 350
610 611 10
3691 3695 36
4911 4917 216
4049 4053 90
1871 1874 18
2706 2710 270
84 88 27
2720 2721 35
5955 5964 35280
3612 3617 567
7049 7050 15
56 59 45
378 389 648
7166 7170 20
4617 4636 81648000
1381 1383 42
7105 7111 144
1598 1600 14
5794 5797 60
3450 3466 23337720
4539 4543 42
3408 3419 4321800
4456 4457 9
4124 4125 35
719 721 28
1571 1579 80
6140 6142 18
3223 3224 20197023195
360 362 20
2881 2884 105
4580 4585 30
6847 6848 13462569192
1501 1509 1350
852 855 12
3174 3176 21
6701 6705 252
3314 3315 4
5685 5690 324
1943 1945 147
5455 5456 35
7401 7403 93290419649
470 476 4410
3236 3240 20
1519 1521 42
3899 3904 882
1073 1076 16
2064 2065 21
104 107 126
4319 4324 420
5917 5926 14000
5301 5302 15
1040 1053 12005000
2528 2530 8
739 740 57003504438
5625 5626 9
5718 5720 8
618 620 9
5739 5743 168
5670 5673 30
5495 5500 630
487 488 94801872626
1463 1465 42
5365 5366 10
4147 4157 1440
2700 2701 92142853825
4211 4213 12092471127
6576 6586 10080
5530 5532 15
1620 1623 135
2414 2425 98784
5035 5042 4050
987 991 20
4283 4284 14
1555 1559 420
3644 3661 381024
2669 2672 12
972 982 48
4448 4452 47662508348
5875 5876 48792423537
4903 4905 63
3774 3776 20272508507
7626 7629 12
5003 5009 54
4207 4210 12
891 895 78763083813
5562 5566 8
6854 6861 160
6621 6625 18122810142
1952 1954 12
6696 6702 24
5404 5406 70
7615 7618 13154279313
1285 1288 8
4092 4094 46253778094
3143 3145 42
39 52 793800
2952 2955 9
507 519 1234800
3861 3864 14
3298 3312 108864
5054 5059 150
4008 4011 126
3933 3936 225
1744 1745 15462236206
5556 5562 1800
6522 6531 61740
3134 3138 378
2590 2597 378
63 68 24
6508 6511 36
5266 5267 3760650110
370 372 50
4046 4051 162
2751 2752 65054595648
4292 4295 12
4240 4243 30
6773 6791 3810240
3483 3486 686
548 550 42
3027 3036 63000
1931 1936 72
6666 6667 25198038142
6674 6676 15705442992
1567 1569 70
1337 1338 3
2665 2671 600
5255 5262 1764
5952 5960 19600
5243 5244 12991222566
4873 4883 165375
5392 5394 14
3919 3921 21
5225 5226 10
3961 3972 42000
566 570 10
6200 6205 360
5858 5859 10
3251 3258 84
5369 5374 84
3377 3379 21
652 655 150
22 27 450
4159 4163 60
5880 5882 25
3972 3973 21832132357
4890 4891 14
6238 6239 81004496322
2961 2964 75025049148
1221 1232 17640
1810 1811 14
2022 2036 8640
655 656 10
10 11 75937892106
7233 7237 135
2355 2357 21599777122
3014 3020 88583229384
6083 6087 180
1865 1868 30
6061 6062 55094126198
1885 1890 900
664 666 20
5246 5248 42
6524 6543 208372500
3946 3947 74621154769
1359 1361 28
1812 1813 48069442479
4245 4247 30
649 655 2250
885 887 42
5426 5431 2646
6271 6272 14
2468 2476 1296
1097 1103 360
830 831 15
3335 3337 47323932940
128 129 10
7092 7106 254016
767 773 252
3592 3593 56300862401
6089 6095 500
3513 3514 13962671913
7117 7123 448
6286 6290 126
2175 2181 162
5088 5090 45
3442 3455 1234800
2741 2744 126
1950 1952 30
1494 1495 48796840310
5591 5592 95177231252
2829 2833 252
2722 2726 28
4047 4052 405
3580 3590 2100
4367 4369 42
7033 7034 14
3502 3504 63
5136 5138 19747549575
4171 4175 8
6258 6261 16
3868 3874 315
4634 4640 180
1981 1986 3150
1232 1235 84
415 421 360
4537 4538 37295293656
5341 5357 27216
3923 3924 17564132199
7622 7627 48
4454 4456 12
5326 5330 36
5291 5298 80
3086 3088 98
789 792 210
3123 3124 93692874561
1512 1515 8
3187 3188 67604577552
5127 5129 30
7362 7364 12
7596 7597 21
870 872 147
6980 6986 80031598815
2819 2825 224
3558 3559 73612126039
1985 1987 29498520342
3080 3082 70
6340 6358 2721600
5346 5357 1008
1423 1425 63
2904 2918 5556600
2775 2778 27
3630 3632 86030644043
338 354 198450000
1774 1776 97118218527
4645 4650 13467423804
1299 1301 21
3336 3341 540
1826 1831 48
5849 5851 14
2036 2055 88905600
5220 5225 168
1726 1731 72
1650 1653 60
6773 6789 272160
6622 6625 18122810142
5362 5366 60
3493 3494 74795808868
5075 5080 84
5622 5624 18
5863 5866 8
644 645 21
1900 1904 72
5372 5374 14
3162 3163 42180332256
5766 5768 28
1299 1303 126
2952 2956 27
663 664 92894279772
1793 1794 93228483902
1938 1939 34064253741
2609 2610 35
265 275 21000
4389 4390 14
1127 1130 14
6463 6465 45
3477 3479 91090675995
276 283 1800
3345 3346 21
1241 1243 20
3811 3813 21
2791 2804 183708
1869 1872 20
2499 2509 411600
779 781 14
5281 5283 10
1061 1062 10
5779 5781 78156666895
4216 4217 37796221722
3549 3555 1890
4500 4504 18
4203 4206 63
197 200 50
338 352 14175000
2361 2365 36
2323 2325 97455638700
6318 6327 13440
3496 3501 180
1250 1257 4500
3609 3615 162
50 53 84
982 984 9
3463 3468 588
1238 1242 90
4168 4169 2
423 425 70
4590 4591 72292150900
593 597 3675
3950 3954 36
3545 3548 18
3058 3064 36
6756 6757 7
5951 5959 5600
7347 7359 21600
3810 3811 21
1758 1763 42
749 754 54
686 691 300
689 692 150
7176 7181 1470
6282 6284 98
3939 3941 54894711594
7062 7065 98
5973 5977 28
5172 5174 30
1389 1394 225
4221 4222 10
3645 3663 381024
3050 3053 14
3743 3750 2100
820 821 9
401 416 1360800
4660 4673 54432
6782 6793 30240
4596 4600 120
2131 2135 175
384 390 162
293 295 245
1359 1365 1512
7067 7068 10
7343 7349 120
2946 2951 420
1993 1994 74487119638
3149 3156 2268
4051 4055 420
2550 2556 72
2206 2222 3136000
5731 5732 9
2539 2542 42
2424 2428 21
442 443 54979393638
6599 6603 18
7301 7304 10
4404 4407 56
2836 2839 46647482391
4244 4247 210
1562 1565 315
4256 4266 1152
4147 4152 120
2962 2964 75025049148
2498 2506 11760
3230 3239 160
1359 1363 252
5867 5871 70
3137 3138 21
5050 5051 10
4147 4158 10080
6567 6569 98
4088 4090 30
7132 7133 14
4872 4874 50
6573 6582 1152
7404 7408 84
5707 5708 10
4737 4739 42
4016 4019 54
7610 7612 28
4295 4297 2217767948
7229 7231 12
7281 7284 75
2515 2519 35
3420 3431 8064
1160 1161 21
3474 3478 91090675995
210 212 27
152 160 59535
5730 5732 18
7457 7458 25
1566 1568 70
7278 7279 15
2753 2760 11907
4802 4805 70
336 338 45
5413 5414 10
5695 5699 2058
7124 7125 59017836026
860 868 5670
5126 5129 210
6891 6894 24
2709 2712 90
1405 1411 140
34 36 66315097638
6270 6271 4
6745 6747 42620232350
4025 4030 18
5192 5193 14
7332 7338 2520
6523 6535 44100
325 330 24
4406 4408 8
4994 4999 96
4461 4465 40
2468 2478 2592
5713 5715 70
3573 3579 1260
3889 3892 9
7064 7065 14
4203 4205 21
5681 5683 20
7126 7133 252
5647 5648 83675834486
4813 4823 1350
4223 4224 60912932682
7204 7206 18
6427 6452 967680000
4096 4101 112
2184 2189 300
6472 6482 1800
5173 5186 181440
476 478 30
2090 2110 486000
2179 2184 180
3363 3367 126
4242 4244 14
5368 5374 168
1329 1333 80077203610
2180 2185 300
5311 5315 980
231 235 90
6278 6280 30699137535
7285 7290 162
6105 6106 98683159260
6129 6136 2100
140 141 7658430356
3697 3710 136080
1218 1222 60
7393 7394 43801071994
5102 5106 84
5518 5523 420
6961 6965 24
2976 2986 384
761 766 126
3205 3214 21168
2867 2880 2381400
2547 2552 84
7513 7516 12
3918 3921 42
5303 5304 14
4001 4002 14
4977 4985 2520
136 141 30633721424
3245 3250 72
4449 4453 95325016696
2822 2826 56
1794 1795 43886601579
4452 4453 23831254174
5892 5894 12
3180 3184 252
6934 6935 89156474789
2874 2881 11025
5879 5882 75
6398 6399 44504831806
1944 1948 567
6180 6181 33623484384
4298 4308 8400
808 813 120
6011 6012 41870109296
4931 4933 28
7029 7033 56
1911 1934 207446400
4720 4721 36879864581
1605 1610 42
5896 5902 900
5500 5501 50452412802
4533 4535 28
1603 1610 294
6929 6933 45
1125 1130 56
3202 3204 57406683642
5097 5101 12
6917 6919 18
6510 6512 6
22 28 1350
5302 5304 42
7095 7111 1524096
3995 3996 9
4199 4204 84
591 597 7350
391 392 15
6921 6922 33915575553
3385 3387 45476505757
3852 3862 720
7527 7530 45
2395 2396 21
4509 4515 84
2791 2807 1102248
2552 2561 22680
6559 6560 10
4453 4455 8
3501 3503 42
3662 3687 18587197440
5948 5959 22400
6424 6446 322560000
6512 6513 31641102670
6066 6067 5
0 1 10
7528 7533 150
1697 1701 36
2281 2284 100
7210 7223 235200
7125 7126 59017836026
93 96 70
1601 1609 1470
4197 4204 1176
6724 6740 92610000
1678 1679 67840141744
1403 1409 196
353 358 1260
6405 6407 20
5710 5711 35
6231 6233 10
59 60 65160874356
5206 5207 14
757 760 21
5385 5386 15
5741 5744 42
851 855 12
2131 2134 175
2925 2934 17640
2596 2598 35
5806 5808 14
7255 7260 360
1315 1316 49
6965 6970 560
307 309 12
4937 4938 35
2348 2350 33289917126
1405 1410 28
5974 5979 56
3459 3467 12348
1762 1766 94865156883
423 429 700
5878 5879 15
4338 4339 78055279906
4546 4549 21
2099 2112 54000
4561 4578 4000752
2618 2619 35
1579 1581 12
761 763 21
2642 2648 60
6230 6233 10
4573 4585 26460
7459 7461 28
5812 5818 4116
6064 6067 50
2178 2181 18
2669 2675 336
6075 6076 21
6712 6718 3969
2725 2733 17640
6381 6385 42
880 887 588
7371 7375 245
4277 4280 84
2232 2234 31541401596
1568 1569 10
3876 3878 31374889398
4763 4769 36
4472 4476 94483719768
491 496 42
6083 6085 12
7233 7240 5670
478 481 20
1491 1493 8
6906 6909 40
5661 5673 283500
4960 4967 2352
7075 7095 23040
2259 2267 3675
12 15 12
4507 4515 2100
3837 3848 324
5643 5645 21
1094 1103 5040
3821 3823 10
7012 7013 25
2288 2289 21
3309 3315 216
1421 1423 63
7380 7381 13428638458
6722 6740 555660000
141 142 39784618742
4640 4643 49250025656
3306 3312 216
3068 3071 35620401100
5122 5124 22587426765
6206 6208 42330075768
1241 1242 10
4687 4689 40092013465
2955 2957 9
2825 2832 12348
5301 5303 30
5897 5903 1800
3072 3073 35
7345 7357 36000
7419 7420 35
4744 4747 8
3447 3464 13335840
4776 4779 20
3480 3481 21
6917 6918 9
5284 5285 40175231004
6393 6395 51507644132
5420 5421 88791311236
5239 5242 60
5785 5790 48
357 360 90
5242 5244 64956112830
1081 1085 60
915 919 30
390 392 30
6221 6227 126
6327 6335 123480
7148 7149 15
3916 3918 8
5120 5121 9
2380 2382 50
453 469 1814400
3979 3982 60
793 795 2
4365 4369 84
4835 4839 108
3477 3478 18218135199
1024 1025 21
1767 1768 21
1443 1444 82254813228
5332 5334 33213393916
2098 2111 36000
285 286 14
5830 5831 10
2981 2992 2304
6691 6694 30
6714 6720 945
6563 6568 42
2080 2090 10080
5539 5541 14
4074 4076 12
3264 3268 40
2778 2780 18
385 392 810
2045 2060 103723200
39 51 396900
1429 1436 168
1146 1157 226800
684 687 45
4133 4134 3
2840 2841 9
2927 2934 1764
1263 1264 15
7547 7548 68835032751
925 931 4
4591 4592 72292150900
3412 3426 19756800
3552 3556 378
2438 2441 150
216 226 7056
7037 7040 875
5060 5067 96
2685 2690 16
3608 3612 12
2391 2392 45246036510
4321 4327 450
719 720 14
1488 1490 28
1377 1379 63
1603 1609 294
1113 1116 14
7354 7359 180
1146 1155 37800
1053 1055 31780058148
1351 1352 25
7535 7539 252
6008 6009 49096300407
4656 4657 3
4267 4275 2592
7103 7111 7056
1941 1945 3087
1142 1152 94500
1290 1291 41225062120
6125 6134 4200
5467 5472 24
2886 2887 9
4091 4094 92507556188
490 495 84
147 153 3150
5270 5271 84340058436
4953 4955 14
965 980 672
3996 3997 33914507610
3039 3041 18
1664 1668 10
453 464 16800
698 704 1512
2922 2930 26460
5356 5358 51616870650
3201 3202 9567780607
1670 1675 63
2224 2225 35
4724 4730 210
2350 2352 14
4345 4347 12
3813 3818 108
6999 7001 66292919108
1751 1759 252
3225 3238 4800
4429 4433 36
5917 5919 25
1612 1616 24
4680 4684 18
1398 1400 12
3293 3295 10
3957 3961 90
4853 4857 750
863 870 5292
2906 2926 13069123200
303 304 14
1619 1623 135
3125 3126 4
7559 7571 8400
2056 2061 1260
4157 4159 28
1944 1945 21
4402 4403 44720332420
1870 1874 36
2890 2892 21
2121 2123 15
6804 6805 21
3621 3622 58903363108
203 208 980
1166 1169 89390362810
3880 3882 35
3861 3874 88200
1944 1950 14175
5412 5413 15
3746 3750 30
864 870 2646
2559 2563 90
3318 3322 350
1815 1828 42336
1963 1965 18
1469 1473 1470
1019 1021 8
3110 3111 14
6249 6256 1568
1882 1890 7200
2108 2112 24
1958 1959 51048391460
1947 1951 675
609 611 70
3716 3718 21
2333 2334 34471604070
5150 5152 8
782 783 48026073114
749 753 27
498 499 61121797095
5822 5827 196
1175 1176 21
6136 6140 24
1496 1497 9
5991 5992 44242011910
5454 5455 35
1824 1829 16
2445 2452 1890
2468 2474 144
7059 7065 490
1981 1984 525
2585 2586 21
6033 6045 52920
533 540 3150
5101 5106 84
7450 7452 14
4058 4062 588
298 301 61650257036
5707 5711 350
