4960 3041
1489 1495 30
4306 4316 108
889 892 36818098982
2536 2545 60
3449 3466 444528
290 293 45449032239
440 449 24
1110 1115 90
1621 1636 3780
2383 2400 378
2717 2742 11430720
1632 1641 252
2656 2662 15
1484 1495 420
167 170 21
2001 2003 15
1029 1035 840
3223 3225 40898121144
3357 3379 1512
4629 4632 9
1323 1326 20
813 816 8
3918 3922 294
2357 2362 250
207 211 42
2537 2545 20
174 183 8
4287 4297 84
2792 2807 12
2822 2830 375
322 323 6
1438 1445 28
4734 4738 30
382 384 12
1657 1675 2430
799 801 58402787846
3735 3747 84
833 839 100
2196 2205 12
1558 1564 180
3561 3577 291600
524 530 140
1637 1641 12
1849 1854 79128394258
2842 2853 360
3367 3380 12
4919 4924 12
3145 3155 220500
2445 2451 55652767272
2443 2447 30
3812 3819 18
1702 1713 12
2311 2313 49
3889 3891 34014147738
1034 1036 21
4745 4751 490
244 246 25
2295 2303 441
3241 3252 378
2093 2095 50
4173 4201 38272500
34 40 140
622 624 63666530467
2713 2724 1260
3395 3410 648
4681 4703 15120
3582 3584 20
2938 2949 12
1735 1741 15
3830 3838 90
3290 3295 441
24 26 83984371089
51 53 42
1483 1489 56
3193 3194 49
1770 1775 19970943681
4605 4623 9600
1277 1302 189000000
4898 4912 108
3982 3985 21
2180 2197 1960
3671 3672 10
1215 1225 63
3730 3731 7888971443
1593 1599 72
333 337 70
4443 4446 93076646847
1681 1684 14
630 635 9
1019 1023 300
1999 2003 15
1998 2003 75
2151 2170 9408
3781 3784 67287435867
2331 2337 28
1927 1933 18863693238
3289 3292 441
3639 3644 78316738426
1839 1851 3675
2209 2221 240
591 597 36
3326 3327 35475385217
2358 2362 250
4927 4931 25
3956 3963 375
2132 2133 2536413266
4023 4030 12
631 636 9
4106 4118 40
4251 4252 49296044038
1028 1035 840
2621 2624 20
2508 2510 28
4646 4676 58344300
154 156 3
4450 4457 72
4087 4097 3240
1825 1827 14
1113 1116 9
1606 1612 60
2825 2831 75
884 885 73568277712
1647 1652 8
1567 1576 30
4851 4854 35
1515 1519 378
1251 1275 2268000
605 607 48837766242
793 795 62349847133
2966 2970 18
1533 1537 71443388338
2698 2707 5040
3966 3971 30
998 1010 37800
4253 4280 116640
3995 4001 12
2797 2813 24
2903 2922 423360
3048 3063 1800
2807 2813 12
1178 1202 62511750
255 256 74757398125
1253 1275 756000
283 289 525
2665 2670 12995495150
3491 3496 35
1918 1922 63
3948 3952 60
1514 1516 41703407988
4231 4239 28
1734 1741 15
1550 1555 25
289 292 15
843 853 1350
4938 4945 60
1752 1753 2
3979 3985 21
3221 3224 81796242288
4621 4626 150
3796 3801 98
4704 4715 31569756050
4863 4868 24
3287 3291 294
4483 4491 9604
4485 4497 86436
3342 3347 28
1027 1032 20
3932 3937 50
647 654 98756736783
1800 1809 1372
1919 1926 630
1565 1566 45263412643
1876 1886 17010
615 621 14355653454
210 212 21
934 945 5292
3559 3574 116640
976 978 7682159868
1434 1445 504
521 527 30
4627 4631 9
536 545 2450
2611 2622 12250
2080 2083 20
4712 4719 39804754714
121 133 1512
4718 4723 21
1344 1351 21
1046 1057 72
3808 3810 72800140992
1691 1700 480
2700 2707 840
21 25 35
1237 1253 211680
2610 2612 14
2510 2517 36
3526 3529 56402393186
1511 1515 20851703994
3693 3718 3402000
1014 1018 30
1341 1349 105
4240 4244 90255258300
1387 1401 4536
4345 4350 70
2912 2923 1344
3631 3640 40
362 372 128
1959 1987 60011280
1211 1216 14
2292 2297 42
1219 1229 405
4266 4284 15120
3510 3514 30
70 86 280
4780 4797 3888
227 229 44423422993
3654 3659 28
2311 2315 245
4706 4716 39804754714
3074 3078 30
2449 2452 18550922424
4946 4947 83274966900
848 856 108
296 299 12
2096 2100 64434896228
2724 2756 25719120
1544 1551 126
989 995 15
729 739 8
3518 3522 21
3395 3411 1296
1248 1275 6804000
2054 2055 87382088585
2527 2534 126
2828 2833 75
446 453 40
694 709 1728720
625 631 14
2463 2465 14
2816 2828 4500
1395 1405 2268
3125 3135 4500
2402 2407 21
2614 2624 700
1829 1831 15
3326 3328 70950770434
1643 1650 12
1147 1152 12
3996 4002 12
3507 3509 24473232039
919 923 210
439 449 72
2685 2695 30
823 835 3024
2448 2451 18550922424
4573 4575 90670132649
3998 4003 12
400 408 14175
1614 1630 6480
4746 4751 490
2601 2610 96
964 969 20
602 604 63
1691 1705 2880
2428 2438 5880
3446 3463 381024
1461 1463 10
1451 1460 40
1345 1351 21
1106 1115 180
3313 3315 42
1434 1444 72
1720 1741 308700
82 92 168
3999 4004 30
904 913 28
3918 3924 4410
3453 3466 10584
1022 1028 30
442 450 40
359 371 128
3263 3282 27783000
1054 1057 12
2062 2080 354375
4273 4284 1260
2697 2702 252
4518 4522 2
2708 2712 27911926353
1608 1612 30
1716 1725 42
2980 2993 2430
3889 3890 34014147738
4027 4030 3
4073 4075 1
681 686 84
4206 4207 93854810298
2490 2499 36
4204 4205 10
3119 3133 37800
2548 2549 82825804557
4171 4172 56753082060
3791 3800 6860
301 309 35
1315 1322 60
2452 2458 20
936 957 4536
4502 4506 686
3325 3327 70950770434
3842 3843 35993409716
3164 3188 60480
3775 3779 20
3340 3346 28
3671 3675 90
1728 1741 3150
2790 2804 12
4145 4150 21
3017 3018 80092255784
77 86 28
1624 1636 420
2765 2767 21
4333 4339 65000186421
218 223 92269896562
4897 4903 12
2553 2554 15
2194 2205 12
613 621 71778267270
2752 2761 18
3641 3647 78316738426
2669 2674 77972970900
902 903 48735107747
11 13 5241602805
1013 1017 30
3659 3663 37917932380
603 604 21
3583 3587 20
4853 4856 14
4232 4239 14
2461 2465 70
92 99 126
3877 3883 10
62 63 45789057475
47 51 11047077510
4748 4752 35
2085 2087 8467521442
4767 4797 17496000
1213 1217 14
3963 3964 95935951144
3678 3687 108
2982 2994 810
4502 4503 7
3213 3214 94663779123
1068 1094 30240
1060 1063 33111683920
4095 4103 378
250 251 25
1426 1441 1152
841 842 71660729283
3020 3033 180
134 140 24
3383 3386 95952071746
698 726 30494620800
983 994 75
2611 2613 35
3235 3250 1008
3840 3843 71986819432
4680 4703 15120
2638 2659 74088
2064 2080 23625
3003 3008 42
4230 4239 28
783 786 20
1554 1559 25
3490 3492 13641698518
2781 2784 10
2664 2669 25
4362 4377 78750
10 11 15
1119 1121 66594153521
1593 1597 24
835 839 50
2190 2205 12
3016 3018 80092255784
3395 3401 12
1690 1699 240
3259 3273 39690
2946 2951 67259819370
4577 4607 7741440
3543 3547 10
4555 4561 24
2229 2240 90257351430
4892 4895 9
4506 4511 294
44 45 2
2286 2289 80679314045
4718 4724 63
1558 1563 60
2239 2250 700
2343 2350 270
4127 4143 21600
1993 1997 15
2443 2444 10
2128 2131 42
3718 3721 45
2417 2422 140
1673 1682 42
970 971 25
2443 2449 30
4890 4894 9
3915 3919 735
3399 3411 216
1880 1889 54
1306 1307 27551613746
3196 3201 63
2143 2147 12
3818 3822 12
2779 2782 10
3425 3432 36
484 492 12
287 290 105
4344 4345 53895903983
983 991 25
1699 1711 24
236 240 30
3529 3531 28201196593
601 603 9
500 505 18
3409 3411 12
2467 2472 10
1855 1874 6667920
1826 1829 140
2527 2532 126
1526 1530 20
20 23 70
2768 2771 15
4816 4819 70
1426 1438 288
4495 4498 9
751 753 23186157711
2437 2440 20
3475 3481 24
4796 4797 2
163 170 1134
983 992 75
3685 3692 270
3201 3202 75232178921
3711 3720 54
2841 2853 360
3740 3757 35280
1627 1636 210
92 103 2646
4511 4512 49
213 215 65006682060
2623 2626 12185664574
213 216 65006682060
2975 2978 20418705555
4068 4072 93434031060
4320 4321 17980761764
1881 1895 324
1444 1450 14
4504 4506 98
4505 4510 84
4314 4318 378
3878 3884 70
1616 1635 34020
2973 2977 40837411110
4715 4719 39804754714
4812 4813 86455286856
3293 3300 9
3931 3935 49748247500
3618 3629 2940
1545 1553 42
2239 2245 70
2177 2179 65273232959
1641 1643 41555118735
3582 3585 20
2717 2737 90720
2076 2081 90
653 662 8
4045 4047 15
4865 4868 12
383 386 12
4554 4559 12
1324 1326 4
499 505 18
2341 2349 405
4397 4402 1470
4652 4684 5953500
1777 1778 27112261522
4472 4476 12
2187 2202 20
2234 2241 30
1060 1062 33111683920
3640 3647 78316738426
4822 4823 14
3916 3921 735
1064 1066 10
1485 1495 420
1526 1528 10
1715 1725 126
1341 1351 105
1228 1230 18
3584 3588 20
386 398 315
3057 3065 120
4398 4415 176400
3116 3128 2520
1635 1641 84
3842 3848 71986819432
2764 2765 9
2123 2128 14
409 419 630
2453 2460 80
3893 3900 588
1372 1376 63
4636 4660 15876
2005 2013 252
781 783 97948838984
3355 3376 1512
3741 3772 35562240
1311 1320 24
38 45 80
338 349 864
99 103 21
134 137 12
2359 2362 50
543 567 2521050
1067 1068 95779224769
4635 4659 31752
2579 2583 10
1028 1032 20
3549 3554 81
3989 4001 10584
1986 1995 3000
2764 2766 9
2309 2311 81190395889
1921 1926 210
2187 2204 60
2131 2132 5072826532
4157 4160 30
928 929 21
1855 1871 1666980
2102 2104 53905290592
2460 2465 140
249 251 25
776 780 18
4956 4957 2
4363 4384 6615000
4209 4211 15
577 582 882
4543 4556 15120
2498 2502 147
3564 3583 7290000
4544 4556 2160
4718 4722 21
79 91 112
3959 3963 75
1370 1376 189
3997 4002 12
3513 3518 84
837 839 25
1004 1014 4200
4346 4350 70
3436 3455 1270080
1481 1482 60914997684
3015 3017 80092255784
2708 2713 83735779059
2441 2444 10
4563 4566 14
3145 3152 14700
2435 2438 10
3174 3189 10080
3617 3624 210
4323 4326 40
829 837 720
781 784 97948838984
613 620 71778267270
1416 1417 42268844515
2458 2464 140
293 294 15149677413
4636 4667 666792
4856 4858 20
4623 4627 150
2579 2586 20
1901 1908 686
929 931 21
2042 2053 600
2337 2339 10
1719 1741 308700
1039 1052 72
2104 2105 53905290592
1745 1747 15
3720 3726 60
929 930 21
2462 2465 14
3901 3906 120
1020 1026 300
2313 2315 35
1037 1038 16734349774
3204 3211 60
4234 4239 14
4873 4884 45
1148 1160 54
1054 1059 24
3786 3790 196
2636 2657 49392
987 994 15
1866 1877 370440
3083 3090 8
1034 1035 21
573 574 96151400309
2669 2673 77972970900
848 854 54
343 351 144
266 270 30
2792 2811 24
968 969 5
1480 1481 60914997684
1288 1302 4725000
1472 1478 270
2717 2739 1905120
3535 3543 95780672780
3748 3776 2540160
2823 2830 125
1420 1424 18
4057 4065 18
2490 2493 4
3086 3091 2
3617 3625 1470
145 155 60
623 624 63666530467
4737 4739 15
4 11 60
1853 1854 79128394258
4694 4703 108
1173 1202 62511750
3873 3875 47397443420
2617 2624 140
4940 4945 30
1463 1467 41187910090
4628 4631 9
998 1004 180
1363 1376 14175
4896 4897 72062941703
2374 2381 42
3128 3137 7500
895 901 2058
3732 3733 50674585345
2473 2480 120
3724 3729 20
186 190 18
1221 1229 405
4469 4470 10
1469 1474 27
2176 2179 65273232959
4315 4318 126
3784 3785 2
2149 2165 224
1685 1687 39140981159
511 526 1344
1758 1762 63768230048
1565 1569 90526825286
1919 1925 210
4929 4935 43400979160
3547 3551 18
4934 4940 43400979160
695 718 10673117280
4857 4859 50
4498 4499 62984687697
966 969 10
4933 4938 43400979160
1401 1409 378
2592 2601 108
522 528 70
1881 1890 54
2360 2363 10
1465 1470 14
3543 3550 30
4928 4933 10
3418 3423 29978606684
3157 3182 680400
4822 4826 28
63 66 91578114950
3163 3188 60480
1831 1833 80762494372
4869 4872 52969081641
173 181 8
4454 4460 9
2356 2360 50
1551 1558 25
3109 3112 24
1409 1415 9
639 644 18
4403 4415 240
348 352 24
3803 3808 54600105744
3826 3836 12
2229 2236 15042891905
4004 4005 16849259790
936 956 4536
4190 4204 90
1960 1995 9001692000
1512 1515 20851703994
1129 1130 70285030736
2410 2419 420
1009 1014 100
4127 4146 64800
1989 1995 150
1520 1528 7000
685 686 21
3328 3335 280
2847 2854 72
2836 2851 15120
921 924 10
3306 3313 5880
4943 4945 10
3947 3952 60
1746 1747 15
176 185 56
1350 1354 2986757813
2260 2264 9
4333 4336 65000186421
1792 1806 392
1457 1463 20
2948 2951 22419939790
102 103 21
2122 2125 34784095057
4031 4032 2
2341 2348 405
2079 2083 20
1215 1226 315
4485 4493 14406
2128 2130 21
3736 3748 168
2277 2282 20
1460 1463 10
1134 1143 16
3812 3821 36
4213 4220 87696327188
2209 2223 960
1960 1992 600112800
4463 4469 75
2930 2940 600
2348 2359 36000
1308 1312 10
859 861 14
2858 2863 18
2930 2935 100
984 994 15
2082 2086 16935042884
4127 4142 4320
4226 4227 96596733813
2970 2972 93373886365
784 786 10
1149 1178 122472
2088 2093 15
1202 1204 63
649 662 24
2228 2233 3008578381
1784 1793 180
169 170 21
1867 1882 10001880
4543 4551 420
568 569 99698643778
4006 4026 1800
1773 1775 19970943681
1259 1275 3600
820 828 42
2385 2404 7938
1329 1333 91690737340
140 141 2
1092 1103 36
3096 3097 14
1327 1328 33707999031
4944 4946 83274966900
4505 4508 28
4935 4940 21700489580
746 747 10
3434 3444 336
2598 2607 144
4745 4749 70
3214 3223 84
540 566 5042100
1907 1911 28
63 64 91578114950
679 686 252
1448 1452 8
1097 1105 12
4577 4603 645120
819 824 88600190634
1516 1528 882000
2422 2430 252
1909 1916 28078043944
882 883 80717822792
1927 1931 9431846619
590 597 252
3696 3718 226800
30 39 588
1203 1205 9
4219 4225 30
2696 2701 252
3687 3703 4252500
3035 3039 210
1949 1983 4200789600
2443 2450 30
123 134 1008
2491 2499 18
59 60 70006733764
3687 3715 102060000
3937 3939 97838091737
2204 2207 50745936450
1352 1358 89602734390
2386 2406 7938
4322 4325 140
3440 3461 2857680
911 919 36
1799 1806 98
4095 4100 18
4485 4496 86436
1465 1473 126
3231 3246 48
1899 1907 980
1897 1907 980
1919 1922 21
4460 4461 41315986525
4065 4068 24429313897
3386 3387 95952071746
3939 3946 100
4145 4149 21
375 376 20801709917
2950 2951 22419939790
4095 4106 2268
2222 2226 12
2106 2117 90
3305 3309 1470
1426 1431 8
2561 2564 12
616 622 7177826727
3776 3779 10
1108 1115 90
2745 2759 90
1903 1911 196
2456 2460 8
3420 3423 14989303342
4754 4757 81486502626
4465 4469 15
2708 2711 27911926353
316 319 10
1557 1563 60
2497 2501 63
259 260 1
197 207 72
1935 1959 1814400
1054 1058 12
1024 1030 20
3435 3450 423360
2254 2260 20
4314 4316 18
1839 1848 3675
1627 1639 420
3206 3211 60
569 572 49849321889
3760 3778 10080
2549 2552 73931201679
3811 3815 80414302118
990 995 15
2749 2760 90
3214 3215 21
3827 3838 180
1737 1741 3
531 532 75746169600
3910 3911 27666505766
4756 4774 145800
3232 3249 144
3806 3809 36400070496
1826 1827 14
1237 1251 30240
3305 3308 294
2581 2587 20
218 220 92269896562
1922 1926 30
1759 1762 63768230048
2620 2624 20
2137 2141 98423405502
2996 2998 58784718114
4893 4895 9
3253 3254 82666951457
3625 3640 560
4521 4533 16
1351 1354 2986757813
4611 4623 800
4540 4545 14
4927 4933 50
871 873 89253183990
2543 2547 20
2599 2607 144
1904 1911 196
2192 2205 12
2611 2612 7
3863 3872 392
960 968 20
2513 2524 72
1747 1751 18
2065 2080 23625
1395 1407 2268
622 623 63666530467
501 505 18
411 420 630
2379 2385 10
2829 2833 75
3313 3314 14
843 852 450
4903 4916 18
3872 3873 47397443420
1267 1275 36
812 816 8
4410 4417 40
1020 1027 300
1930 1934 12575795492
3601 3607 30
2955 2956 9
1131 1139 48
4200 4205 10
3136 3141 75
91 95 18
526 530 140
2674 2677 12
1862 1877 1111320
1619 1635 11340
3129 3139 3750
3583 3586 20
105 111 50
893 897 42
3890 3891 34014147738
4374 4401 40007520
2835 2838 14
3101 3104 10
2056 2070 694575
4172 4197 38272500
2788 2791 36766707358
891 893 36818098982
1857 1876 10001880
4443 4445 93076646847
3922 3925 30
3536 3543 95780672780
3283 3290 84
242 245 100
3126 3137 37500
4146 4154 175
1826 1831 420
3002 3007 42
4245 4250 36
3413 3414 15
2154 2171 7056
1154 1179 428652
1913 1916 14039021972
1190 1203 4410
3583 3585 10
4937 4945 60
4423 4426 76351810588
3539 3544 95780672780
3924 3927 99802986957
181 186 14
432 436 12
3314 3315 21
1172 1199 1488375
556 568 980
2534 2540 18
2955 2959 63
57 59 70006733764
2294 2300 294
916 923 1260
605 606 24418883121
1994 2000 75
1312 1320 24
4603 4617 288
217 220 92269896562
3195 3198 18
4309 4316 54
2197 2205 12
750 753 23186157711
3741 3766 2963520
1246 1275 34020000
1056 1061 28381443360
758 766 10
3595 3605 324
994 996 88752404789
187 190 18
2931 2946 240
506 508 67791851360
355 362 16
2226 2229 96353420504
1998 2000 5
523 530 140
4425 4437 24
1803 1809 98
2576 2577 62932170894
829 839 3600
3865 3872 196
2122 2127 69568190114
628 634 9
1224 1230 270
4801 4811 14700
2246 2251 10
4106 4119 40
3777 3780 30
116 133 45360
427 431 14
530 532 75746169600
4253 4284 3265920
3330 3337 2940
3776 3780 30
280 288 735
2420 2427 60
356 368 512
1250 1275 6804000
2405 2408 59626480890
2956 2959 21
4084 4097 6480
4536 4542 86388600782
1912 1916 14039021972
2008 2035 11664
4560 4565 14
1839 1847 525
4287 4292 14
2103 2105 53905290592
4235 4239 14
204 211 252
2118 2121 126
3845 3861 360
1842 1852 175
3646 3650 36575033634
2212 2226 480
3549 3553 81
2525 2526 97528190591
2664 2670 64977475750
2795 2813 24
895 900 2058
2778 2780 1
3134 3139 125
4185 4204 8100
618 622 2392608909
839 842 71660729283
1121 1127 12
1397 1409 6804
1330 1334 14
2673 2677 12
78 87 28
3094 3095 82409333732
1956 1986 90016920
3334 3343 2100
3155 3179 24300
3102 3109 30
1392 1403 1296
2696 2698 14
890 893 36818098982
2662 2669 125
4740 4745 6
3550 3554 27
215 218 92269896562
2742 2759 270
325 326 9
2480 2492 180
2244 2250 50
2044 2053 60
2951 2952 44839879580
3708 3719 72
3003 3011 294
3473 3478 16
3514 3521 84
66 68 10
208 211 14
4561 4566 28
782 784 97948838984
1934 1956 604800
3464 3468 28
2239 2248 140
2357 2361 50
2207 2217 48
1551 1556 25
561 568 196
2008 2025 216
3734 3746 168
3606 3609 15
1131 1137 24
2175 2179 65273232959
3405 3411 36
1867 1883 10001880
4652 4698 1666980000
2940 2950 6
3097 3098 70332706420
4935 4941 65101468740
3336 3345 1470
2443 2445 10
2508 2513 56
3225 3241 144
2169 2173 21
1943 1975 400075200
2867 2870 3
2717 2732 2160
589 594 84
1207 1216 1470
454 457 53773072666
1451 1463 400
2698 2705 720
3986 3988 55802556384
2179 2186 392
446 452 20
1062 1066 70
3082 3088 24
2849 2854 36
2049 2053 15
2921 2929 12
1993 1999 75
3897 3906 11760
211 212 21
1266 1275 72
4514 4517 28
2426 2436 8820
1675 1684 294
3195 3200 126
691 693 25
2937 2949 12
353 355 67851566753
3203 3209 42
2493 2499 9
3330 3340 29400
1102 1113 120
331 332 67601313560
199 211 504
3529 3532 56402393186
2741 2759 270
269 274 60
4139 4146 45
1820 1821 69333197684
612 613 70718368961
3131 3139 1250
3647 3651 36575033634
3929 3931 7959719600
3009 3013 14
4150 4156 25
2218 2226 120
3101 3106 10
702 727 933508800
1811 1818 30
4704 4705 15784878025
1567 1595 8467200
2205 2207 16915312150
2380 2398 540
422 430 60
246 248 10804343858
840 842 71660729283
3687 3717 102060000
3413 3415 45
2184 2202 280
2723 2755 25719120
3685 3687 9
1930 1938 75454772952
1474 1478 30
3860 3872 3920
3774 3779 20
2670 2675 31189188360
1490 1495 15
4820 4823 14
484 494 24
1529 1533 71443388338
1063 1066 10
208 212 42
2682 2689 30
1101 1113 120
781 782 48974419492
528 531 14
1212 1216 14
546 568 720300
4818 4820 7
2808 2814 55150489764
1285 1302 94500000
2467 2475 60
933 935 94131728565
4888 4892 42
1555 1562 150
4554 4560 12
3960 3963 15
3838 3841 10
858 861 14
645 652 98756736783
4097 4111 1512
3109 3110 6
4213 4215 43848163594
4006 4013 30
1402 1409 126
4226 4228 96596733813
3954 3959 125
1901 1907 98
134 141 48
1842 1851 175
4738 4742 30
78 90 112
4644 4671 5556600
2879 2916 12700800
4862 4867 16
4828 4830 50253051226
456 463 210
3042 3062 43200
1171 1198 637875
3207 3211 20
3484 3489 9
4328 4331 12
441 449 24
565 568 14
2666 2671 25990990300
4836 4842 42
1204 1206 97723790052
4323 4327 40
939 968 30240
1557 1562 30
301 308 35
933 934 13447389795
1363 1374 4725
2702 2707 140
2524 2526 97528190591
228 229 44423422993
2081 2085 8
569 571 49849321889
574 580 2646
421 427 90
4505 4506 14
3320 3325 12
247 250 54021719290
3136 3142 150
3926 3929 66535324638
4810 4811 35
3672 3683 432
429 435 84
2340 2341 43291395570
2966 2969 18
533 541 2450
4291 4299 24
4304 4316 216
819 822 88600190634
1090 1095 36
1797 1806 196
2207 2220 96
364 372 32
848 857 108
2527 2533 126
4745 4748 14
968 971 125
3358 3380 756
4329 4332 36
1357 1364 150
1232 1234 29502402353
359 370 128
1380 1398 42336
3837 3838 15
33 39 84
969 971 125
4285 4286 32659156742
569 570 49849321889
241 242 10
4111 4120 20
3413 3419 270
843 850 450
4302 4313 12
170 171 49
2974 2978 20418705555
4559 4564 14
4168 4169 2
4324 4330 48
3332 3342 4200
1655 1668 270
972 973 27186855665
3222 3225 40898121144
3259 3268 2205
197 211 1008
4279 4284 28
295 297 42
2624 2626 12185664574
2805 2813 12
2515 2525 24
3851 3862 360
4459 4461 41315986525
1928 1933 18863693238
1553 1558 25
1059 1061 9460481120
4423 4430 76351810588
4555 4562 24
546 567 360150
4043 4045 25
3102 3107 15
4831 4839 210
2451 2453 37101844848
1214 1221 21
4064 4067 24429313897
2695 2698 14
746 749 50
4222 4225 15
4934 4938 43400979160
3896 3901 588
3720 3723 30
2855 2856 66691654961
3839 3842 71986819432
1415 1417 42268844515
1333 1344 49000
1396 1407 2268
4857 4860 250
2138 2141 98423405502
3964 3965 95935951144
4398 4414 88200
1483 1487 28
1156 1197 868020300
2666 2673 77972970900
4368 4401 8401579200
3807 3809 36400070496
1202 1205 63
4318 4321 53942285292
1938 1965 2721600
1676 1684 294
2354 2359 300
2750 2760 90
3498 3507 18
459 465 300
1195 1203 4410
707 734 2963520
4652 4676 396900
4531 4535 28
3606 3617 90
2956 2960 21
590 594 84
880 882 10
3671 3678 180
3117 3131 18900
1062 1065 14
386 395 15
592 597 18
3822 3826 81133909836
4160 4165 350
3154 3178 121500
4056 4065 18
2078 2081 30
3677 3684 24
3361 3380 756
746 751 50
2765 2771 315
4307 4316 54
2211 2223 320
4074 4087 48
4281 4284 28
4853 4857 28
1245 1273 79380000
3245 3252 126
3954 3962 1875
1380 1387 84
2964 2965 60135453497
2572 2576 30
813 817 56
3646 3648 36575033634
3222 3224 40898121144
2778 2782 10
1238 1272 7620480000
632 644 324
4867 4869 52969081641
2624 2629 60928322870
1587 1597 840
2284 2287 44617700739
1046 1056 24
2735 2758 22680
3271 3288 25200
1374 1376 9
226 229 44423422993
404 418 8505
2300 2306 42
4241 4247 12
1881 1896 324
3457 3466 3528
2549 2550 24643733893
2913 2923 672
3423 3424 52462561697
1932 1953 302400
3857 3862 90
723 739 240
3514 3518 28
3686 3694 1350
710 734 1481760
336 341 42
247 249 10804343858
2090 2094 75
4524 4533 8
4463 4466 15
2663 2669 25
1011 1014 10
1027 1031 20
3402 3411 108
4745 4750 70
1366 1376 567
2308 2311 81190395889
659 668 120
4941 4945 30
3937 3938 97838091737
2328 2337 28
4603 4619 2880
2161 2171 126
3893 3897 12
3791 3794 70
2601 2612 672
2575 2577 62932170894
1509 1514 48653975986
2654 2661 9
793 796 62349847133
20 24 70
1766 1774 26627924908
687 688 81199512563
3071 3072 14
375 377 20801709917
190 193 9
609 611 96219884904
2715 2728 120
1476 1480 10
3036 3048 6048
2207 2212 24
3408 3411 12
3002 3008 42
1323 1324 10
1015 1020 300
1336 1349 10500
2789 2792 73533414716
2147 2152 24
1762 1767 12
3881 3886 35
4041 4044 30
3284 3290 42
1886 1898 18
3474 3479 24
1515 1525 264600
3235 3251 1008
477 480 10
1091 1101 108
4936 4945 60
526 531 140
1787 1805 17640
3899 3906 5880
1682 1684 14
3561 3576 291600
3661 3663 37917932380
4644 4667 222264
2930 2932 50
1533 1536 71443388338
1755 1757 63
393 407 198450
1101 1112 40
1428 1442 576
1408 1413 27
2587 2590 10
3352 3362 210
1421 1427 12
4836 4853 1470
4106 4116 10
484 495 24
3738 3755 5040
983 990 25
3857 3864 180
1308 1314 20
1043 1054 12
3551 3554 27
135 141 24
3658 3663 75835864760
1896 1903 70
1839 1842 21
531 533 75746169600
855 861 28
1144 1145 50336610448
3193 3198 882
2039 2053 4200
3305 3307 42
4500 4501 54170400305
4158 4162 10
3413 3420 270
1716 1739 926100
1090 1097 108
4481 4483 59803548664
4898 4913 108
1053 1057 12
4347 4350 10
3493 3502 105
1349 1353 2986757813
1322 1324 50
2651 2659 9
4476 4479 4
1703 1716 216
4208 4210 9
2501 2504 294
3290 3292 147
1784 1797 360
2356 2361 100
2924 2930 15
3687 3707 4252500
644 650 98756736783
144 150 41825685740
2268 2271 57165639648
1377 1378 46134546644
1886 1900 180
2229 2234 3008578381
271 281 84
2094 2095 10
3137 3142 30
2241 2250 700
3258 3261 21
1408 1415 27
2529 2537 54
3585 3588 10
4868 4871 52969081641
3556 3557 94098821964
3725 3729 20
1393 1405 4536
213 214 65006682060
3336 3344 210
1313 1322 120
2236 2242 60
3281 3289 60
2507 2509 98
3036 3059 2177280
4069 4075 93434031060
4274 4284 1260
1083 1094 504
1058 1061 9460481120
4129 4146 32400
843 849 150
14 16 10
3392 3400 24
1506 1512 42
1614 1635 136080
1403 1413 189
367 374 40
3328 3337 5880
3190 3192 65431527194
2636 2659 148176
936 950 4536
995 996 88752404789
2789 2791 36766707358
2053 2055 87382088585
785 792 14000
3480 3483 10
2106 2114 30
4819 4822 49
4045 4048 45
2207 2221 480
1948 1983 4200789600
1060 1064 66223367840
4620 4626 300
4426 4437 24
4423 4425 76351810588
732 741 8
1277 1300 189000000
4015 4028 180
162 167 378
4253 4257 27
4099 4111 252
2412 2419 420
325 327 18
3759 3777 15120
4164 4166 14
495 503 63
3751 3776 1270080
1661 1680 17010
4223 4225 15
3051 3065 1080
1763 1773 79883774724
3067 3071 35
2147 2156 48
576 580 1323
3239 3252 756
124 134 1008
2822 2828 75
762 770 105
4766 4797 34992000
3660 3663 37917932380
2421 2430 1260
292 294 15149677413
2659 2666 75
2474 2484 540
4171 4173 56753082060
243 245 50
1216 1227 45
1798 1806 98
2360 2362 10
2584 2590 20
270 280 24
2505 2506 26592922019
3877 3884 70
2017 2042 7560
4422 4423 76351810588
1545 1552 42
1773 1776 19970943681
1045 1056 24
4313 4316 18
2816 2819 15
2796 2813 24
3822 3823 81133909836
1079 1094 1512
1200 1203 126
657 665 24
1205 1206 32574596684
4889 4893 63
136 141 8
1924 1928 90
915 923 2520
4363 4388 13230000
1914 1916 14039021972
3231 3245 48
579 583 126
1417 1418 42268844515
4756 4782 43740000
3036 3042 252
4159 4164 50
3083 3089 8
752 753 23186157711
1803 1811 980
1117 1118 34809561388
4888 4889 14
1886 1896 18
104 106 31449197565
34 39 28
1843 1852 175
2622 2625 24371329148
2595 2604 144
759 768 10
3837 3839 15
3518 3525 42
1671 1682 126
3290 3297 441
3214 3220 42
4287 4298 84
4685 4703 15120
4760 4797 1889568000
3966 3973 30
3413 3418 270
507 520 896
734 744 32
4822 4825 28
1783 1789 30
817 818 35
3653 3659 28
269 270 10
2647 2659 126
63 65 91578114950
2134 2138 98423405502
217 219 92269896562
410 419 630
1276 1279 71401174650
4879 4886 21
2788 2789 36766707358
13 14 8736004675
3710 3719 36
4408 4417 40
291 293 15149677413
2287 2289 80679314045
4934 4939 43400979160
1515 1521 3780
3385 3386 95952071746
1482 1486 14
218 221 92269896562
3664 3665 48994134513
765 772 735
1915 1916 14039021972
2626 2644 5040
764 772 735
874 881 980
1826 1830 420
4617 4623 100
3486 3491 13641698518
2443 2446 30
3418 3421 2
3224 3225 40898121144
360 372 128
558 568 980
2502 2504 42
2511 2523 144
2246 2250 10
1345 1352 21
926 927 62519389064
3815 3821 18
2000 2003 15
429 434 42
288 290 15
476 477 75512899803
1230 1231 39538584324
4753 4754 63507699661
2249 2252 15
2997 2998 58784718114
3424 3429 84
3304 3306 14
1780 1787 30589157552
4859 4860 25
4066 4068 24429313897
3463 3467 196
4243 4250 36
1881 1894 324
4478 4482 59803548664
2452 2456 20
4727 4734 84
2950 2952 44839879580
671 686 90720
2579 2585 20
200 211 504
3011 3014 14
836 839 25
3599 3607 270
1540 1550 504
789 792 140
4756 4796 28343520000
2624 2628 60928322870
2286 2288 16135862809
4754 4756 81486502626
3014 3017 80092255784
1532 1533 35721694169
89 94 24
1156 1183 6429780
1352 1355 5973515626
4693 4703 216
2573 2576 30
892 894 36818098982
2207 2215 48
2057 2075 1157625
1920 1926 630
2149 2159 32
3654 3660 28
1483 1495 840
2311 2314 49
493 499 42
1605 1612 120
1501 1512 882
1017 1022 1000
1536 1545 84
2125 2130 42
1596 1602 12
2086 2091 12701282163
2066 2081 15750
1263 1275 144
3260 3281 16669800
2136 2138 49211702751
3918 3921 147
324 326 9
4253 4274 7776
1666 1680 3402
4533 4535 28
3311 3314 28
3763 3779 10080
57 60 70006733764
4005 4007 20219111748
523 528 70
3179 3189 672
2136 2141 98423405502
3328 3332 28
4280 4284 28
1299 1305 30
4633 4634 77624074438
3036 3062 10886400
3707 3718 72
987 995 15
572 573 96151400309
3809 3810 4
3940 3951 1200
404 410 27
3091 3094 82409333732
2317 2330 10
583 592 84
3528 3531 28201196593
1653 1654 25179701727
1451 1455 20
4043 4047 75
1565 1568 45263412643
2473 2481 360
4667 4703 238140000
2772 2773 91383175649
760 768 10
3208 3211 20
4889 4892 21
4708 4717 79609509428
4629 4631 9
1333 1338 980
21 24 35
2168 2173 21
3976 3981 35
2539 2546 20
3720 3728 600
2936 2946 12
2861 2869 72
2126 2130 42
3920 3924 90
1993 1996 15
465 472 10
3859 3870 5880
4065 4067 24429313897
968 970 25
3355 3379 1512
4423 4428 76351810588
92 98 126
2320 2331 10
4193 4205 60
1252 1275 756000
2819 2828 300
3856 3862 180
239 241 50
551 568 34300
694 699 28
4203 4205 10
1642 1645 41555118735
2912 2922 1344
2120 2121 9
411 425 18900
4796 4805 56
1515 1518 126
3482 3486 45
3125 3136 22500
3260 3279 5556600
645 654 98756736783
1237 1245 672
23 26 83984371089
1946 1979 5601052800
4492 4498 108
1149 1175 40824
1641 1642 41555118735
1792 1805 392
3327 3329 70950770434
2424 2434 3528
3859 3871 11760
2867 2912 800150400
4229 4238 12
1112 1116 9
3978 3985 21
2172 2179 65273232959
3318 3325 12
27 29 14555190716
52 54 21
377 379 47607542352
3712 3720 54
469 475 10
4397 4401 294
2481 2492 36
4711 4717 39804754714
3914 3915 21
4901 4916 36
1542 1550 252
3816 3821 18
1093 1104 18
2041 2053 600
4018 4028 60
522 527 10
2246 2252 30
448 453 40
4088 4099 6480
4467 4470 10
269 278 120
4120 4121 72919556851
4602 4610 72
4630 4632 9
2061 2077 23625
2267 2269 57165639648
3250 3252 21
89 95 72
4623 4631 1350
2495 2501 63
2290 2297 882
1762 1768 12
198 211 504
1502 1512 294
4284 4286 65318313484
1744 1747 15
3116 3125 252
4755 4757 81486502626
458 465 2100
2448 2452 18550922424
3466 3468 14
2813 2816 68938112205
799 802 58402787846
3805 3808 18200035248
4528 4535 56
746 750 50
3557 3558 94098821964
594 597 9
1122 1127 12
157 163 63
163 169 162
430 435 84
4154 4159 30
3375 3381 3
1826 1828 28
2566 2576 420
2157 2171 3528
4930 4938 86801958320
2282 2286 44617700739
342 351 288
4574 4575 90670132649
4316 4318 42
1813 1820 12
51 52 14
2214 2226 120
2346 2358 21600
311 312 41739928769
1554 1560 125
1513 1515 20851703994
3545 3550 30
313 315 9
4617 4625 1000
2531 2537 18
4758 4797 28343520000
241 243 20
772 773 1
2281 2285 44617700739
225 228 44423422993
2988 2997 15
1278 1302 189000000
216 219 92269896562
172 175 75629095734
188 193 18
2806 2813 12
2179 2189 1960
4813 4814 14
1628 1639 210
2216 2226 120
1747 1750 9
2437 2444 200
3071 3076 210
4050 4064 108
229 230 27326541924
4119 4121 72919556851
3508 3509 24473232039
625 629 14
1463 1466 20593955045
444 451 20
4053 4064 18
106 123 121500
7 11 15
3145 3146 15
3487 3491 13641698518
4831 4838 30
3211 3212 14
3345 3348 56
1993 1995 15
3307 3314 20580
1131 1143 96
2143 2149 24
2206 2208 33830624300
2901 2916 37800
4426 4438 24
3790 3794 490
3884 3887 21
3720 3721 15
976 982 23046479604
3897 3901 196
2117 2121 126
873 878 14
4525 4535 112
2683 2695 30
580 589 42
2278 2282 20
634 644 108
2657 2666 75
1424 1431 8
3715 3720 9
3513 3517 12
4948 4949 11015893688
3279 3288 120
355 363 32
3921 3925 90
3036 3039 42
84 92 24
4872 4881 45
162 168 378
668 673 72
2371 2381 210
798 799 58402787846
2110 2120 630
4808 4811 175
4105 4114 30
3203 3211 420
2282 2287 44617700739
3953 3954 38182864111
3941 3951 240
1362 1367 75
1444 1452 56
209 212 42
2260 2265 18
3651 3658 84
3153 3170 8100
288 291 15
3333 3343 2100
720 738 960
4479 4482 59803548664
2431 2438 140
2415 2419 140
493 502 126
44 47 30
3337 3345 210
1226 1230 90
4485 4495 28812
2296 2303 441
4879 4887 147
3529 3533 56402393186
600 601 75125215367
3225 3230 9
251 253 10
4520 4530 8
3663 3665 48994134513
3842 3844 71986819432
819 826 88600190634
2951 2953 44839879580
2731 2756 2143260
282 289 525
669 681 12960
2300 2303 21
891 894 36818098982
894 897 42
3159 3188 2721600
4319 4321 17980761764
1868 1886 20003760
3840 3842 71986819432
402 410 405
4483 4487 196
2993 2998 58784718114
3722 3728 40
3071 3077 420
1443 1450 14
3802 3803 78331061456
1529 1530 2
1329 1330 45845368670
400 407 4725
2985 2995 405
3582 3583 10
2282 2285 44617700739
2550 2552 73931201679
715 736 3360
872 873 89253183990
3471 3476 8
1388 1403 9072
3667 3669 53948469026
2308 2310 81190395889
2085 2089 8467521442
3648 3651 36575033634
1315 1324 600
4540 4549 42
1950 1984 600112800
3344 3348 56
1355 1362 60
3150 3156 60
1964 1995 9001692000
1499 1512 882
884 886 73568277712
3010 3014 14
4067 4068 24429313897
291 294 15149677413
3720 3722 15
998 1006 180
3437 3459 1905120
2468 2479 240
2850 2854 18
4587 4609 40320
3618 3635 11760
1927 1930 9431846619
3502 3508 18
1431 1443 288
319 320 25
2113 2120 126
801 813 140
2365 2379 2940
748 751 5
2769 2771 15
1507 1512 21
4593 4610 4032
1193 1203 4410
2858 2869 648
1264 1275 144
2355 2360 100
3446 3464 381024
428 433 42
4721 4724 21
4870 4877 45
1357 1362 30
537 560 9003750
3717 3721 45
2011 2038 3888
3072 3078 60
3024 3039 3780
428 431 14
4900 4914 18
4481 4482 29901774332
1562 1564 18
3594 3604 324
3327 3328 70950770434
2831 2833 15
4560 4566 28
2198 2205 12
3977 3982 21
3719 3721 15
4704 4707 15784878025
4718 4721 21
938 958 2268
3537 3544 95780672780
507 521 2688
993 996 88752404789
2799 2813 12
27 28 14555190716
3918 3923 1470
4365 4396 142884000
3469 3472 45813025878
1743 1745 46173589202
2059 2076 165375
4843 4854 35
4426 4442 72
2125 2129 42
3098 3099 70332706420
1993 2000 75
2826 2831 75
1605 1611 60
1656 1671 2430
2947 2951 67259819370
3267 3285 529200
2814 2819 68938112205
1713 1717 18
3290 3293 147
3183 3189 24
4602 4615 576
3387 3398 24
4068 4071 93434031060
2019 2042 7560
874 880 490
4816 4818 10
527 531 70
878 882 140
702 728 933508800
1758 1760 63768230048
3468 3470 45813025878
904 910 28
2835 2850 5040
2263 2267 6
3527 3529 56402393186
4492 4497 36
3859 3868 2940
3467 3470 91626051756
2250 2252 15
2492 2499 9
4329 4331 12
1947 1982 2800526400
2016 2040 4536
2379 2390 10
4362 4369 875
2343 2358 324000
4704 4710 31569756050
477 482 20
483 491 12
4333 4334 65000186421
4283 4286 65318313484
4595 4610 2016
931 932 38768096930
3484 3486 9
1397 1407 756
2256 2262 30
663 668 30
2804 2813 12
2682 2687 15
1078 1094 1512
3970 3974 15
1469 1478 270
1642 1644 41555118735
1995 2000 15
4250 4252 98592088076
4244 4250 36
4652 4703 90016920000
3092 3094 82409333732
3022 3034 36
3411 3412 87158014954
3754 3776 84672
1121 1126 12
3662 3663 37917932380
4508 4512 294
169 171 147
3761 3779 10080
4198 4205 10
669 677 432
3977 3985 147
2228 2232 3008578381
3950 3952 15
4568 4573 49
2112 2120 630
852 861 84
2299 2303 21
536 559 1800750
1062 1064 14
580 585 42
393 399 42
3457 3467 7056
104 105 31449197565
696 720 21346234560
795 798 35
4163 4165 70
4855 4858 20
1566 1576 30
3949 3952 30
69 76 30
2427 2436 2940
4210 4211 15
594 599 18
438 449 216
2061 2076 7875
458 463 210
3931 3932 9949649500
378 379 47607542352
2169 2175 21
2077 2081 90
2420 2422 10
3989 3992 126
2227 2229 96353420504
669 683 25920
4890 4893 9
438 439 9
3422 3423 14989303342
3646 3649 36575033634
46 47 15
2816 2827 4500
2671 2677 72
3135 3139 125
3726 3729 10
631 635 9
1785 1801 5040
3791 3799 3430
272 287 8820
895 897 42
4369 4401 8401579200
815 818 140
4881 4887 147
142 143 62709216294
3510 3515 60
912 920 252
2510 2514 12
3263 3285 55566000
2180 2195 1960
1156 1194 868020300
507 526 5376
3939 3947 100
1197 1203 4410
2542 2547 20
3932 3935 25
3836 3838 30
2930 2933 100
1803 1813 980
2920 2926 28
770 772 49
693 699 28
2404 2408 59626480890
2534 2545 180
157 165 378
2959 2960 1
1137 1143 8
105 121 40500
2826 2833 375
2500 2504 294
1769 1775 19970943681
3666 3668 53871051800
2771 2772 91383175649
4737 4742 90
2271 2282 80
3269 3287 151200
2779 2784 10
793 794 8907121019
4485 4491 2401
898 901 49
941 968 15120
3563 3582 2916000
1832 1833 80762494372
1236 1242 16
4272 4284 1260
1381 1400 63504
3636 3640 10
2971 2972 93373886365
344 351 48
698 724 6098924160
2343 2353 5400
4754 4755 81486502626
3425 3444 12096
568 570 99698643778
3871 3873 94794886840
4173 4204 191362500
2922 2930 30
790 793 70
4019 4029 12
837 841 25
2010 2038 3888
1148 1158 18
2475 2484 540
2377 2385 10
866 870 2
2047 2053 15
3646 3647 1
4376 4401 13335840
3059 3067 180
3915 3920 735
2070 2081 450
1935 1964 5443200
1692 1705 2880
1653 1655 50359403454
1685 1686 39140981159
4584 4609 483840
3930 3931 3979859800
39 45 40
189 193 18
4199 4205 10
1654 1655 50359403454
479 491 48
2682 2686 15
1214 1224 21
998 1014 378000
3254 3259 21
1102 1115 360
3611 3621 1260
1934 1957 1814400
3328 3331 14
1473 1478 90
328 329 70662765858
3915 3917 15
1420 1426 36
1510 1514 6950567998
1124 1128 12
2322 2334 14
4852 4854 35
288 292 15
3842 3847 71986819432
838 841 5
1636 1641 12
3535 3542 95780672780
2527 2531 63
3989 3994 882
3527 3531 56402393186
564 568 14
1277 1291 3600
2379 2389 10
4741 4747 84
4738 4743 30
2984 2995 405
4562 4566 14
2690 2698 70
2623 2625 12185664574
4756 4767 1620
3879 3886 35
4897 4910 108
4545 4557 4320
20 21 14
3915 3918 105
1775 1778 81336784566
3257 3261 21
246 249 10804343858
3080 3081 36956551081
3976 3978 35
1755 1759 63
4001 4005 16849259790
854 861 28
2209 2222 480
2517 2525 8
3095 3096 14
4513 4514 90263709114
4802 4811 7350
927 929 42
977 989 57616199010
2509 2514 24
1717 1739 308700
2586 2590 10
4229 4234 6
3563 3580 1458000
3728 3731 15777942886
2269 2279 16
92 102 882
3618 3627 2940
3342 3346 14
4317 4318 21
2583 2590 100
2274 2282 80
1222 1229 135
1908 1915 14
3729 3731 7888971443
922 925 10
3342 3348 56
3714 3720 18
3794 3800 98
813 818 280
1515 1523 37800
1908 1912 14
3481 3484 30
229 235 81979625772
1130 1136 12
4472 4474 12
4361 4369 875
1746 1749 45
339 351 1728
2466 2467 83068042346
2633 2655 148176
4936 4944 30
442 451 40
4454 4458 9
1514 1515 20851703994
3353 3368 1764
372 374 20
3427 3444 2016
4202 4205 10
3908 3910 14
642 649 98756736783
173 183 8
218 222 92269896562
4172 4184 23625
2504 2506 53185844038
2581 2590 200
2654 2659 9
4324 4327 8
4834 4839 42
3685 3691 270
3954 3961 375
541 567 17647350
2334 2339 20
3996 4001 12
1478 1481 60914997684
779 780 9
490 497 18
1306 1308 27551613746
4182 4204 121500
240 241 25
1212 1217 14
927 928 14
1497 1512 1764
2069 2081 450
1055 1060 12
4744 4747 14
2476 2488 180
1632 1640 84
1434 1443 72
553 568 6860
860 861 14
3517 3522 42
4945 4946 83274966900
794 796 62349847133
3987 3990 21
1845 1853 350
977 987 57616199010
811 816 8
2145 2149 12
1254 1275 108000
1135 1143 16
601 604 63
962 968 20
2458 2465 280
1119 1120 66594153521
1549 1555 50
4159 4165 350
2675 2677 12
4345 4347 35
420 427 90
691 695 25
2316 2317 22591761847
353 356 67851566753
2598 2605 48
4727 4738 2520
2300 2308 42
4630 4633 18
1753 1754 77156485489
3049 3063 1800
1057 1061 28381443360
3475 3480 12
1352 1356 5973515626
345 352 96
1806 1818 840
2288 2289 80679314045
3561 3575 58320
3059 3069 900
2786 2789 36766707358
3004 3011 42
4521 4531 8
2189 2204 12
2842 2854 720
1679 1684 14
1747 1752 36
631 638 18
3146 3155 73500
1988 1995 300
4363 4385 13230000
4240 4243 90255258300
837 840 25
373 374 10
1597 1602 12
644 649 32918912261
4411 4418 8
1709 1717 36
1567 1597 16934400
922 924 2
901 903 48735107747
1314 1322 120
2779 2783 10
52 53 21
4704 4711 31569756050
3655 3661 14
2953 2956 9
1893 1903 210
3437 3461 11430720
322 325 18
3618 3640 117600
2107 2120 1890
1717 1740 308700
1657 1680 51030
4706 4717 79609509428
2407 2408 59626480890
4402 4415 1200
879 882 70
1778 1779 47663787503
3781 3782 67287435867
3495 3502 21
4163 4166 70
412 427 56700
1202 1203 21
2661 2668 25
1304 1305 15
890 892 36818098982
494 503 126
4362 4370 2625
988 995 15
4632 4634 77624074438
1156 1189 868020300
2308 2309 81190395889
2926 2932 150
801 808 70
3817 3822 12
3491 3502 105
4386 4401 79380
4886 4888 98
1929 1933 6287897746
2239 2243 14
3289 3291 147
1381 1398 21168
464 466 10
3990 4001 3528
1198 1203 4410
3740 3764 423360
3756 3777 211680
1775 1777 81336784566
3350 3359 980
4548 4559 720
2271 2281 80
3811 3813 40207151059
1237 1272 7620480000
3065 3070 45
799 800 58402787846
1534 1543 8
2312 2315 245
3541 3544 47890336390
335 337 14
4333 4338 65000186421
3290 3300 1323
1634 1641 252
3958 3963 75
183 188 21
3965 3971 30
4809 4811 175
371 374 20
3579 3583 50
4345 4349 35
1087 1095 756
3872 3874 47397443420
89 93 24
3209 3211 10
4827 4830 50253051226
4897 4907 108
4290 4298 12
1764 1774 26627924908
734 741 8
2409 2417 300
3258 3263 21
914 923 2520
2007 2020 216
3791 3795 490
4634 4635 77624074438
50 52 25776514190
2169 2174 21
2791 2806 12
2726 2756 4286520
2184 2200 140
4700 4703 18
1377 1379 92269093288
2511 2522 144
848 859 108
295 296 21
2683 2691 30
1714 1719 18
3932 3936 50
2145 2151 24
1136 1143 16
1360 1366 75
2698 2704 360
336 342 84
3355 3375 1512
2657 2663 15
2987 2995 45
763 772 735
3489 3491 13641698518
3228 3243 48
3357 3380 1512
19 20 19587419088
3671 3674 90
1234 1239 10
3353 3367 1764
1185 1203 198450
1288 1305 70875000
2875 2912 44452800
2221 2226 60
3190 3191 65431527194
2688 2696 10
2107 2118 315
3688 3718 102060000
3016 3017 40046127892
1804 1814 980
705 734 44452800
4036 4042 72
4863 4867 8
2999 3005 63
4545 4558 4320
902 904 48735107747
1369 1376 189
1237 1261 158760000
4351 4352 57600601683
4314 4317 126
132 134 12
4603 4615 288
4950 4953 28
3210 3211 10
519 526 24
3897 3902 980
3609 3620 420
337 349 864
1886 1901 180
1678 1684 42
2661 2669 125
1755 1758 63
3607 3617 18
4508 4511 42
3290 3296 441
1129 1131 70285030736
3330 3342 29400
2661 2667 25
3804 3808 54600105744
2834 2836 45728554044
532 533 75746169600
3924 3928 99802986957
507 513 28
3150 3170 32400
4514 4520 28
49 52 25776514190
1654 1656 50359403454
4623 4629 150
4282 4284 14
2585 2590 10
3139 3142 6
1811 1819 60
803 813 140
4613 4623 400
977 982 11523239802
2903 2921 211680
3875 3882 30
1336 1346 500
4037 4043 120
251 252 10
4013 4026 60
4127 4131 12
355 365 128
1931 1941 216
3154 3173 8100
2263 2265 6
911 918 12
4605 4619 960
4555 4560 12
4149 4154 25
4278 4284 28
4295 4306 24
67 76 300
4697 4703 54
88 93 24
444 452 40
4703 4705 47354634075
4446 4453 8
4749 4752 35
876 881 140
4635 4648 84
4447 4454 24
4951 4953 28
4218 4223 20
4856 4859 100
1903 1909 98
4201 4205 10
1850 1854 79128394258
1451 1462 400
2667 2673 77972970900
2814 2817 68938112205
1646 1651 8
4000 4005 50547779370
3650 3656 42
2119 2121 18
104 108 31449197565
3942 3952 1200
438 441 27
3166 3189 60480
4534 4535 14
4652 4682 5953500
2260 2263 9
1482 1487 28
2661 2666 25
4507 4511 42
1879 1889 162
3938 3939 97838091737
1354 1358 30
877 882 140
3117 3130 3780
133 136 24
975 978 7682159868
3124 3134 900
4068 4075 93434031060
267 270 30
2168 2172 21
1149 1171 40824
850 859 18
1318 1324 200
3159 3184 1360800
3586 3588 10
4303 4313 12
2781 2785 10
2343 2355 32400
1772 1775 19970943681
3800 3801 14
539 565 25210500
4213 4219 87696327188
2633 2650 49392
2718 2753 34292160
158 167 1134
1161 1197 96446700
1416 1418 42268844515
3939 3950 1200
4004 4006 33698519580
3789 3792 490
2 3 65412301799
4240 4241 90255258300
2995 2998 58784718114
2165 2171 126
2067 2081 15750
4082 4087 8
2698 2703 180
172 173 75629095734
2030 2045 2520
4042 4044 10
1785 1804 5040
3646 3651 36575033634
1426 1436 96
424 431 210
2613 2623 1750
3419 3423 14989303342
3981 3985 21
4326 4331 24
492 499 42
3109 3111 12
1827 1831 210
46 51 55235387550
3548 3552 27
2333 2339 20
3552 3555 18
3685 3690 270
1589 1597 168
4636 4666 333396
3501 3508 18
2930 2934 100
4506 4510 42
2449 2453 37101844848
4948 4950 11015893688
2456 2461 40
4308 4316 54
2103 2104 53905290592
3563 3579 291600
4237 4239 14
4548 4558 720
1626 1636 420
4417 4418 2
4242 4250 36
1699 1705 24
3873 3874 47397443420
276 288 1470
2450 2453 37101844848
3346 3348 8
506 507 67791851360
2437 2443 100
1059 1062 66223367840
2123 2129 42
325 328 18
4929 4938 86801958320
3407 3411 12
774 780 18
1539 1546 252
1743 1744 46173589202
92 97 18
55 59 70006733764
2329 2337 28
2625 2632 60928322870
3232 3250 1008
4034 4035 78016181672
3666 3667 53871051800
422 427 30
2266 2269 57165639648
1523 1528 140
3989 3990 21
3657 3662 75835864760
3849 3861 360
1319 1324 200
4883 4888 294
251 254 30
4644 4674 5556600
789 793 140
4905 4916 18
621 623 63666530467
4464 4469 15
4296 4310 24
641 648 98756736783
2861 2870 72
1747 1753 36
2476 2490 360
1563 1564 6
4046 4048 9
2705 2707 14
2361 2363 10
3787 3792 980
2506 2509 98
2247 2252 30
4047 4048 9
3857 3867 8820
2542 2546 10
4704 4712 31569756050
4624 4631 270
1101 1105 2
2136 2140 98423405502
66 73 300
2581 2589 40
1113 1117 18
426 431 42
594 598 9
4523 4533 8
275 288 1470
4801 4809 420
107 132 30618000
1852 1854 79128394258
1923 1926 30
4616 4623 100
3553 3556 18
3791 3798 3430
2813 2814 13787622441
739 744 8
663 669 60
4902 4916 36
496 505 378
3090 3094 82409333732
2561 2576 35280
2032 2052 25200
2022 2042 3780
2009 2036 11664
3312 3314 14
1039 1049 24
2085 2088 8467521442
2633 2646 3528
1664 1680 17010
1943 1967 2116800
2671 2675 12
668 670 6
2046 2053 30
3116 3123 84
697 724 42692469120
566 568 14
4474 4479 12
2428 2437 2940
3726 3731 78889714430
4049 4050 36833547100
3285 3290 42
1151 1179 857304
3593 3603 2268
2117 2120 42
4696 4703 54
2416 2419 70
2326 2337 28
3738 3751 504
4541 4550 84
2499 2503 441
2149 2158 16
977 985 57616199010
1144 1146 50336610448
2384 2400 378
515 526 96
1277 1297 47250000
876 882 140
3500 3508 18
3639 3646 78316738426
3462 3467 392
116 132 22680
3986 3987 55802556384
2363 2364 92977960071
3790 3792 70
1673 1684 294
1642 1646 83110237470
1107 1115 180
2172 2177 65273232959
2840 2851 1080
2533 2537 9
1354 1360 60
28 32 50943167506
3019 3030 90
4035 4042 72
2814 2816 22979370735
684 686 21
4505 4507 14
4422 4425 76351810588
3931 3933 49748247500
2937 2947 12
4158 4161 10
3563 3577 97200
4295 4304 12
4159 4163 25
1219 1228 135
3640 3646 78316738426
3215 3223 28
1799 1807 98
4290 4299 24
1539 1550 504
1923 1928 90
2952 2956 18
4217 4223 20
3001 3005 21
755 763 20
166 170 63
2268 2269 57165639648
694 716 1524731040
3808 3809 36400070496
468 475 10
4299 4310 8
3671 3682 720
778 780 18
1350 1353 2986757813
3114 3122 84
1174 1202 62511750
3850 3861 360
785 789 200
538 562 12605250
18 19 68555966808
486 497 72
1429 1442 576
620 622 797536303
4020 4029 12
4556 4562 8
4343 4345 53895903983
538 565 25210500
164 170 378
3319 3325 12
1474 1480 30
766 772 735
286 289 35
1805 1818 5880
4741 4746 42
1943 1969 6350400
3082 3086 12
286 290 105
2795 2812 8
1855 1869 833490
1333 1336 98
3049 3065 10800
4213 4214 43848163594
4798 4809 420
3122 3134 1800
4590 4610 4032
2540 2546 20
1533 1534 71443388338
2523 2526 97528190591
4482 4483 59803548664
2254 2262 60
2091 2095 50
804 815 280
3330 3338 2940
3896 3900 294
2032 2053 25200
3810 3811 80414302118
2083 2087 16935042884
4949 4953 28
182 188 21
2539 2545 20
1638 1642 83110237470
1633 1641 252
2078 2083 60
34 43 280
1504 1512 42
4622 4627 150
961 968 20
2800 2813 12
3424 3425 21
4037 4044 120
615 622 14355653454
814 818 280
2053 2054 87382088585
2980 2988 162
4804 4811 525
589 592 28
1516 1527 882000
637 644 36
213 217 65006682060
3668 3669 53948469026
4901 4914 18
2680 2681 9
896 901 294
939 958 756
821 828 42
172 174 75629095734
2030 2051 15120
3823 3826 40566954918
1407 1413 27
544 567 2521050
4150 4158 150
2092 2095 50
4048 4049 55250320650
2401 2406 21
2180 2198 3920
4800 4809 420
2268 2273 57165639648
4917 4919 95515652536
1851 1854 79128394258
2335 2339 20
4103 4111 84
4829 4830 25126525613
2424 2433 504
3810 3813 80414302118
4557 4563 28
1593 1602 144
319 321 25
353 354 67851566753
3612 3624 1260
393 403 22050
3606 3611 15
3926 3928 33267662319
695 719 10673117280
3353 3366 882
755 764 20
