1514 1438
912 990 4667544000
785 872 34992
242 259 9
687 697 147
210 224 90
368 393 420
451 472 18
521 544 60
555 576 11340
1080 1147 2268426384
396 404 69160232557
409 442 2025
729 762 3528
1211 1231 40
1458 1469 14
389 394 526575659
820 943 4115059200
428 465 108
941 1033 8467200
1231 1240 12
421 460 108
1472 1494 96
804 930 32659200
323 362 120
1 5 15417050166
115 127 28
148 155 2
912 1015 46675440000
1125 1181 35562240
1084 1156 2520473760
204 216 18
1376 1387 15
785 803 81
769 782 9
408 442 2025
1370 1381 21
999 1043 980
660 662 35
1033 1074 777924
729 759 1764
401 417 75
555 577 11340
129 139 12
1286 1288 73069750552
912 1019 46675440000
404 436 2025
1365 1379 21
1146 1191 5760
1244 1263 36
1390 1420 28
1084 1155 2520473760
694 699 18660006849
154 182 8
320 350 60
1241 1242 84531881545
776 784 95632580009
447 472 36
471 474 9
1077 1086 162
875 962 8401579200
1134 1190 483840
485 494 147
1078 1099 2916
1080 1133 27005076
25 47 140
1215 1231 20
944 1035 1411200
1379 1388 15
685 696 147
661 663 105
632 646 14
1394 1438 1728720
244 268 18
724 757 12348
1075 1077 54181160937
855 961 33606316800
1216 1231 20
663 673 64802514120
980 1042 23520
596 624 24
1388 1393 45954844565
924 1027 9335088000
470 473 9
571 582 378
641 656 168
82 92 30
58 83 189
567 582 3402
713 719 10
124 130 14
258 324 7200
412 442 405
345 392 15120
714 756 617400
873 962 8401579200
801 926 32659200
1389 1398 45954844565
1243 1250 18
401 432 675
785 824 243
11 36 20
1309 1350 8640
1295 1315 60
804 929 32659200
1310 1357 5184
76 92 270
531 559 60
94 104 20
643 657 168
262 328 3600
24 46 140
1078 1105 2916
407 442 2025
332 382 50400
220 233 147
1374 1383 21
689 697 147
1265 1268 30
1299 1338 17280
318 348 60
532 559 60
486 497 294
1 4 15417050166
329 368 720
57 58 67266078954
329 366 720
419 446 27
1056 1074 378
1183 1227 3087000
912 985 388962000
1028 1072 1555848
8 14 21
1458 1477 84
691 697 147
5 6 75710480657
391 395 526575659
1086 1156 840157920
699 711 16
663 676 64802514120
668 682 14
1250 1266 20
1200 1231 3087000
555 575 11340
203 212 9
1391 1436 345744
667 678 10
1126 1182 5080320
301 336 240
437 469 12
398 406 69160232557
594 620 8
383 394 3159453954
79 92 270
785 825 729
785 786 9
164 183 24
1368 1381 21
519 544 60
881 964 2800526400
649 657 84
484 488 65821772224
152 178 8
977 1037 16800
677 690 14
856 961 33606316800
1130 1190 10160640
223 233 147
1267 1278 54
316 344 60
1080 1129 1285956
713 718 10
713 717 10
1299 1337 17280
47 56 42
161 182 8
1012 1064 1555848
1086 1159 1680315840
250 284 36
92 93 93299225863
1079 1116 26244
890 966 233377200
1302 1344 17280
304 336 120
491 498 42
664 678 43201676080
1113 1167 31116960
126 137 12
129 144 60
1349 1360 12
1036 1074 777924
1390 1424 56
785 819 243
479 481 2
1235 1241 6
30 48 140
590 620 8
1109 1167 31116960
332 370 720
1011 1057 24696
226 233 49
236 238 98848222558
667 680 10
785 876 34992
358 392 2520
696 703 74640027396
817 936 228614400
892 972 233377200
392 396 526575659
157 182 8
172 187 12
927 1029 266716800
1228 1240 12
7 10 42
10 36 20
851 961 33606316800
1259 1268 60
749 763 12
456 472 18
1290 1292 2
395 401 69160232557
617 645 84
1458 1472 14
1409 1446 246960
471 475 9
846 961 33606316800
524 555 120
1077 1094 1458
323 360 120
1458 1471 14
714 747 102900
14 36 20
204 212 9
504 527 490
1049 1074 15876
99 121 24
524 547 120
708 716 20
1280 1281 1
667 679 10
1391 1435 115248
693 698 55980020547
554 566 10
1003 1048 980
499 512 15
500 518 1470
419 451 54
265 331 3600
1080 1148 2268426384
1390 1417 28
500 513 15
714 721 10
740 763 252
8 36 420
1059 1074 18
927 1030 266716800
714 731 2450
1295 1313 60
1002 1047 980
165 187 24
878 963 8401579200
554 569 90
816 933 10886400
58 82 63
1026 1070 777924
43 55 147
178 191 21
631 645 14
759 777 18
596 620 8
481 484 65821772224
0 3 15417050166
1027 1071 777924
484 489 65821772224
1458 1481 84
333 390 151200
310 338 120
150 174 8
585 587 52865285235
650 657 84
759 776 18
44 56 294
677 687 14
243 267 18
460 473 27
652 661 4116
1390 1410 14
663 674 64802514120
681 696 1029
652 659 588
95 121 48
273 334 2400
1483 1499 8
137 146 78158419480
826 956 28805414400
228 235 98
639 655 56
1483 1501 8
1194 1227 1543500
894 975 466754400
745 763 252
1475 1495 96
718 757 61740
167 187 24
1294 1307 12
49 56 42
1309 1349 8640
788 917 8398080
672 683 14
394 399 526575659
730 763 3528
1080 1140 189035532
132 145 30
674 683 14
1269 1278 18
832 957 33606316800
687 696 147
379 394 15797269770
152 180 8
781 784 95632580009
941 1030 4233600
8 35 420
976 1037 16800
608 644 84
94 109 60
759 781 18
1292 1303 12
1186 1227 1543500
1132 1190 3386880
465 473 9
702 714 40
332 371 720
816 934 32659200
1388 1395 45954844565
1046 1074 15876
729 763 3528
7 12 42
440 470 12
277 336 2400
471 476 9
1430 1455 8820
819 943 4115059200
533 561 60
673 683 14
164 186 24
1374 1384 21
152 176 8
485 496 294
1011 1060 518616
455 472 18
480 484 65821772224
527 559 120
759 770 18
678 691 98
1389 1397 45954844565
217 227 15
253 311 240
1460 1483 168
605 624 6
265 332 7200
810 932 32659200
243 266 18
253 299 120
126 138 12
741 763 252
8 18 21
699 704 8
785 899 2519424
767 782 9
57 59 67266078954
8 24 21
80 92 90
471 477 18
94 113 60
390 395 526575659
933 1030 266716800
251 285 36
1471 1491 96
659 662 35
729 760 1764
1429 1453 30870
1266 1268 15
1157 1191 576
759 779 18
714 728 350
169 187 12
1055 1074 2646
252 299 120
90 93 93299225863
1306 1348 4320
149 174 8
438 469 12
1310 1354 1728
1298 1334 8640
1050 1074 15876
227 233 49
1349 1357 6
1045 1074 15876
1175 1217 4630500
74 90 270
511 542 5880
1433 1455 180
663 670 64802514120
114 122 4
73 90 270
52 56 42
912 994 4667544000
561 582 34020
1011 1059 518616
403 433 675
1470 1486 12
780 784 95632580009
412 443 405
58 80 63
1189 1227 1543500
118 129 56
507 532 196
141 149 78158419480
482 485 65821772224
677 686 14
386 394 1053151318
265 329 3600
344 392 15120
762 781 9
435 467 36
1258 1266 20
1377 1387 15
129 142 12
68 89 270
22 44 140
658 662 245
765 781 9
469 473 9
1417 1448 61740
181 192 21
1390 1427 56
191 193 1
493 501 18
586 591 52865285235
681 695 1029
621 645 42
168 187 24
327 366 720
121 129 14
503 519 490
763 781 9
1242 1243 84531881545
1299 1334 8640
253 308 240
466 473 9
663 675 64802514120
704 715 20
467 473 9
534 561 60
332 372 720
327 364 120
312 342 120
1047 1074 15876
124 129 14
175 191 42
404 439 2025
210 220 90
1266 1273 90
1462 1485 168
323 361 120
1436 1462 30
575 582 9
1363 1379 21
129 143 12
1225 1234 2
485 495 147
1084 1150 1260236880
912 998 9335088000
563 582 17010
1175 1225 9261000
1397 1440 1728720
94 112 60
914 1022 93350880000
1331 1357 72
974 1036 33600
210 227 270
1178 1227 3087000
103 121 12
1266 1271 90
1243 1251 18
1309 1348 4320
897 975 466754400
1286 1287 73069750552
251 290 360
1413 1448 123480
785 821 243
1077 1091 162
165 186 24
596 622 24
425 465 324
533 559 60
1388 1396 45954844565
759 763 2
714 750 102900
1241 1243 84531881545
17 44 140
1349 1366 12
566 582 3402
1175 1226 9261000
398 405 69160232557
1244 1255 18
145 152 31263367792
7 9 42
471 473 9
401 420 75
397 404 69160232557
509 542 5880
394 398 526575659
1310 1352 1728
1078 1098 2916
726 759 12348
1078 1102 2916
554 565 10
1168 1203 7056
15 41 20
785 863 17496
1074 1076 54181160937
1349 1364 12
217 229 735
394 397 526575659
912 987 1166886000
366 393 840
1073 1076 54181160937
584 587 52865285235
1296 1331 4320
221 233 147
912 995 4667544000
213 227 30
565 582 17010
524 549 120
137 148 78158419480
31 48 140
523 547 120
656 662 735
1101 1167 62233920
714 737 4900
785 840 4374
1266 1277 90
1202 1231 63000
555 570 90
400 406 69160232557
633 649 14
676 684 14
77 92 270
387 394 526575659
892 975 466754400
1374 1386 21
1040 1074 15876
714 727 350
924 1029 9335088000
420 458 108
1301 1344 17280
393 397 526575659
684 696 147
26 48 140
680 693 1029
1076 1085 54
1168 1204 7056
1484 1501 8
679 691 49
1083 1150 3780710640
8 16 21
823 943 4115059200
1208 1231 600
1437 1462 10
1226 1236 2
24 47 140
380 394 15797269770
94 102 20
1152 1191 1152
66 89 270
1260 1268 60
663 672 64802514120
556 577 11340
635 652 28
1469 1486 84
71 89 270
1198 1227 1543500
1303 1345 8640
310 342 120
1388 1391 45954844565
497 512 15
16 42 20
1080 1127 1285956
1349 1362 12
771 784 95632580009
832 958 33606316800
1390 1416 28
219 233 147
714 752 617400
1303 1348 8640
800 921 933120
878 964 8401579200
692 697 21
225 233 147
510 542 5880
897 985 2333772000
747 763 36
1140 1191 69120
58 85 945
1402 1444 246960
129 138 12
871 962 8401579200
720 757 61740
101 121 12
677 688 14
1231 1241 12
886 964 466754400
943 1035 4233600
1007 1048 196
393 396 526575659
890 968 233377200
94 101 20
419 456 54
631 646 14
145 151 31263367792
148 173 8
1271 1279 18
1258 1267 60
143 149 78158419480
652 660 588
163 182 8
1205 1231 63000
1389 1399 45954844565
667 681 10
785 850 8748
402 432 675
382 394 3159453954
350 392 5040
1012 1069 1555848
706 716 20
446 472 36
1374 1387 105
1030 1072 1555848
1377 1388 15
1230 1240 12
761 781 18
505 527 490
1287 1289 73069750552
123 129 14
217 230 735
642 657 168
587 619 8
936 1030 88905600
728 759 1764
1002 1045 980
671 683 14
94 120 240
1100 1166 62233920
102 121 12
653 662 10290
751 763 12
45 56 42
355 392 5040
878 962 8401579200
421 458 108
83 92 30
607 644 84
1126 1185 10160640
35 49 14
990 1042 3920
396 401 69160232557
639 656 168
620 645 42
819 939 685843200
1372 1381 21
72 89 270
1413 1446 123480
209 220 90
415 446 405
144 150 78158419480
1262 1268 30
584 586 52865285235
677 684 14
913 1019 46675440000
207 220 90
267 333 4800
587 620 8
711 717 10
686 696 147
1104 1167 62233920
558 577 11340
362 393 2520
714 735 2450
581 586 52865285235
1482 1495 16
1476 1495 32
15 37 20
558 579 11340
663 677 64802514120
1367 1379 21
425 463 108
706 715 10
8 28 21
91 93 93299225863
1471 1492 96
1293 1303 12
824 955 86416243200
96 121 48
1388 1394 45954844565
1026 1069 777924
744 763 252
1463 1486 168
1077 1085 54
186 192 7
683 696 147
688 697 147
1458 1473 14
3 5 15417050166
504 526 490
94 99 10
135 145 15
258 327 7200
1167 1191 144
1266 1274 90
24 45 140
528 559 120
130 145 30
1296 1321 240
606 639 42
1399 1441 1728720
400 409 69160232557
338 392 75600
1461 1483 168
1287 1288 73069750552
524 552 120
251 296 360
890 972 233377200
1498 1501 1
323 364 120
832 960 33606316800
379 393 30
125 135 12
759 778 18
252 297 120
315 343 300
1026 1071 777924
1027 1072 1555848
1081 1148 756142128
1175 1212 463050
1333 1357 24
779 784 95632580009
1175 1213 926100
1408 1446 246960
1002 1048 980
483 485 65821772224
1127 1188 10160640
245 268 18
783 784 95632580009
373 393 420
46 56 42
793 921 2799360
524 559 120
922 1027 9335088000
743 763 252
972 1036 33600
785 806 81
119 129 28
332 374 10080
610 645 84
524 554 120
490 498 294
148 174 8
1299 1341 17280
179 191 21
1209 1231 600
1430 1453 4410
1297 1332 4320
1022 1069 777924
152 179 8
568 582 1134
353 392 5040
17 43 20
1163 1191 288
1315 1357 5184
737 763 504
912 988 2333772000
365 393 2520
503 521 490
897 979 2333772000
1113 1168 93350880
1126 1183 5080320
699 713 16
329 370 720
662 663 15
434 466 36
1228 1239 4
891 972 233377200
515 543 840
359 392 2520
424 463 108
513 543 5880
1196 1227 1543500
242 262 18
694 698 18660006849
785 877 34992
279 336 2400
496 507 30
1462 1484 168
586 587 52865285235
35 50 14
716 756 123480
145 153 31263367792
1127 1186 10160640
481 485 65821772224
249 272 36
1112 1167 31116960
1122 1170 10372320
115 124 28
626 645 14
205 218 90
1122 1169 10372320
25 48 140
633 647 14
1266 1276 90
1402 1441 246960
853 961 33606316800
1312 1357 5184
94 117 60
924 1028 9335088000
1099 1166 62233920
329 367 720
1458 1476 84
50 56 42
606 640 42
399 406 69160232557
239 241 76149593778
222 233 147
43 51 7
1458 1466 2
1009 1055 8232
586 593 52865285235
1460 1482 168
327 365 360
785 854 8748
258 326 7200
1168 1191 144
462 473 27
363 393 2520
205 217 18
592 620 8
1388 1389 45954844565
400 407 69160232557
224 233 147
680 691 49
1466 1486 168
8 15 21
1324 1357 1296
495 506 30
217 231 735
652 658 588
785 815 243
695 703 74640027396
608 645 84
241 258 18
1009 1053 1176
629 645 14
633 646 14
323 358 120
951 1035 201600
971 1036 33600
1173 1212 1852200
15 40 20
1402 1446 246960
237 238 98848222558
977 1038 117600
817 937 228614400
555 574 3780
1266 1270 30
475 477 2
1214 1231 20
977 1042 117600
667 682 70
1473 1495 96
1092 1165 560105280
249 284 36
1266 1275 90
107 121 12
1008 1049 196
492 501 18
354 392 5040
1390 1423 56
33 48 28
530 559 60
520 544 60
460 472 9
129 141 12
508 532 196
1054 1074 2646
483 486 65821772224
823 944 4115059200
785 886 629856
662 665 64802514120
317 344 60
558 582 34020
315 344 300
897 976 466754400
133 145 30
750 763 12
695 701 37320013698
769 783 9
1009 1049 196
1021 1069 1555848
675 684 14
623 645 14
333 392 151200
503 526 490
1296 1318 240
677 685 14
400 408 69160232557
583 586 52865285235
1013 1069 1555848
136 146 78158419480
710 717 10
1402 1445 246960
1266 1272 90
1175 1220 4630500
1079 1109 2916
586 590 52865285235
978 1042 117600
84 92 10
1309 1351 8640
254 319 7200
1421 1452 61740
1097 1166 124467840
107 122 12
785 794 27
897 984 2333772000
320 357 120
699 710 16
778 784 95632580009
1175 1227 9261000
739 763 252
1328 1357 144
141 148 78158419480
228 233 49
51 56 42
714 744 4900
785 820 243
513 542 5880
98 121 24
412 446 405
177 191 21
827 956 28805414400
663 666 12960502824
677 689 14
151 176 16
727 759 1764
1290 1303 24
158 182 8
1474 1495 96
879 964 2800526400
1052 1074 7938
735 763 504
401 418 75
1089 1163 560105280
634 651 14
1477 1495 16
388 394 526575659
1080 1124 183708
257 324 7200
802 928 32659200
888 964 466754400
497 508 15
442 472 36
1130 1188 10160640
773 784 95632580009
785 898 1259712
65 89 270
94 119 120
508 541 5880
1034 1074 777924
1075 1076 54181160937
912 1005 46675440000
1395 1440 1728720
396 403 69160232557
1301 1342 17280
1009 1050 196
53 56 42
33 49 28
942 1034 4233600
867 961 8401579200
333 385 75600
1168 1211 11113200
695 702 37320013698
114 124 28
453 472 18
241 252 18
1086 1162 1680315840
714 729 350
463 473 27
205 220 90
180 192 21
586 592 52865285235
509 541 5880
660 663 105
555 572 630
1362 1367 1
138 148 78158419480
43 54 21
789 921 2799360
16 43 20
787 915 8398080
332 379 10080
506 531 980
554 561 1
1330 1357 72
255 324 7200
777 784 95632580009
558 581 34020
58 88 945
58 86 945
1435 1457 90
15 36 20
835 961 67212633600
1204 1231 63000
217 228 105
663 671 64802514120
1087 1162 560105280
714 724 50
1010 1056 24696
695 700 18660006849
788 915 8398080
1002 1044 980
635 653 196
1078 1096 1458
1012 1067 1555848
1011 1056 24696
1090 1163 560105280
1092 1163 560105280
1008 1048 196
651 657 84
501 518 490
1149 1191 5760
759 773 18
1471 1493 96
1252 1266 20
8 30 21
459 472 9
1244 1257 18
1134 1191 483840
1080 1122 183708
714 722 50
156 182 8
1458 1480 84
1437 1463 10
115 128 28
1058 1074 126
1375 1387 105
1374 1385 21
1121 1169 10372320
253 318 2400
313 343 300
15 39 20
1024 1069 777924
330 370 720
606 642 42
439 470 12
698 703 74640027396
140 148 78158419480
272 333 2400
573 582 54
94 121 240
787 910 839808
1471 1486 12
1395 1438 1728720
586 589 52865285235
1078 1109 5832
8 13 21
364 393 2520
1181 1227 3087000
1012 1066 1555848
997 1042 1960
525 559 120
1170 1212 3704400
171 187 12
634 650 14
572 582 378
1482 1499 16
1175 1218 4630500
926 1029 1867017600
654 662 1470
1337 1357 12
115 129 56
433 466 36
785 830 4374
239 240 38074796889
1083 1148 756142128
1388 1392 45954844565
369 393 420
241 255 18
81 92 30
210 221 90
442 470 12
823 955 86416243200
1223 1231 4
804 932 32659200
1394 1437 1728720
663 667 64802514120
931 1030 266716800
917 1025 9335088000
361 393 2520
253 319 7200
142 149 78158419480
642 656 168
229 237 14
772 784 95632580009
131 145 30
179 192 21
1212 1231 40
333 389 151200
1168 1199 144
890 970 233377200
125 130 2
1390 1414 28
417 446 135
28 48 140
1137 1191 483840
1364 1379 21
1168 1208 740880
420 456 54
253 307 240
1001 1044 980
633 650 14
759 780 18
421 459 108
970 1035 4800
1371 1381 21
401 427 225
759 771 18
663 669 64802514120
1244 1252 18
34 49 14
646 657 84
916 1023 9335088000
1465 1486 168
912 1004 46675440000
122 129 14
320 349 60
62 89 270
775 784 95632580009
868 962 8401579200
228 234 49
655 662 735
523 544 60
172 191 84
1210 1231 120
259 328 7200
637 653 196
1349 1365 12
785 793 27
1485 1501 8
637 654 392
888 965 466754400
1244 1251 18
680 694 1029
768 782 9
421 461 108
759 775 18
321 358 120
977 1039 117600
1473 1494 96
205 219 90
396 402 69160232557
697 703 74640027396
1301 1343 17280
406 442 2025
524 556 120
1080 1123 183708
249 269 18
490 497 294
94 103 20
570 582 378
22 45 140
1257 1266 20
1295 1311 60
1271 1278 9
529 559 60
506 532 980
246 268 18
1170 1211 3704400
115 126 28
785 860 8748
1389 1396 45954844565
733 763 504
839 961 67212633600
1264 1268 30
1482 1498 16
361 392 2520
785 897 1259712
877 962 8401579200
126 135 12
1201 1231 441000
461 473 27
1175 1214 926100
145 154 31263367792
249 282 36
55 56 14
558 578 11340
74 91 270
1101 1166 62233920
582 586 52865285235
1011 1063 1555848
422 463 108
945 1035 1411200
1080 1145 2268426384
959 1035 9600
392 395 526575659
785 908 7558272
554 567 30
554 570 90
164 182 8
183 192 21
496 506 30
606 638 42
63 89 270
605 637 42
832 961 67212633600
438 470 12
1299 1336 8640
1367 1381 21
64 89 270
574 582 27
377 393 30
129 140 12
172 188 12
493 503 18
774 784 95632580009
999 1042 980
615 645 84
596 621 8
62 88 135
560 582 34020
1080 1136 27005076
464 473 27
395 400 69160232557
765 782 9
714 742 4900
639 654 56
508 535 1960
182 192 21
85 92 10
1247 1264 18
1471 1487 24
1247 1265 36
397 405 69160232557
657 662 245
483 488 65821772224
58 79 21
1254 1266 20
586 588 52865285235
917 1024 9335088000
8 17 21
1435 1455 90
390 394 526575659
43 56 294
483 487 65821772224
1123 1171 2963520
1123 1170 1481760
653 661 2058
275 334 2400
1482 1496 16
802 929 32659200
1119 1169 10372320
117 129 56
579 582 3
1435 1460 90
1417 1451 61740
1248 1266 60
205 216 18
4 6 75710480657
1471 1494 96
255 319 7200
1296 1322 240
106 121 12
912 1003 9335088000
1481 1495 16
210 222 90
332 375 10080
1123 1172 2963520
160 182 8
381 394 15797269770
1374 1382 21
1459 1481 84
859 961 33606316800
346 392 15120
0 4 15417050166
662 666 64802514120
73 89 270
1092 1166 1120210560
126 136 12
94 98 10
785 907 7558272
242 258 9
785 895 1259712
569 582 1134
1153 1191 1152
798 921 2799360
59 88 945
229 236 14
1206 1231 12600
669 683 14
1246 1263 18
78 92 270
8 27 21
717 757 61740
516 544 840
1078 1103 2916
1082 1148 756142128
819 942 1371686400
1273 1279 6
1247 1266 180
993 1042 1960
1155 1191 1152
120 129 28
785 843 8748
695 699 18660006849
172 189 12
436 468 12
941 1031 8467200
452 472 18
918 1027 9335088000
1245 1263 36
1247 1263 18
401 431 675
559 582 34020
913 1020 46675440000
137 147 78158419480
144 149 78158419480
129 145 60
662 664 64802514120
558 580 34020
1242 1244 84531881545
443 472 36
332 381 50400
152 182 8
725 759 12348
677 691 98
701 714 80
813 933 32659200
166 187 24
1009 1052 392
320 356 120
1378 1388 15
404 441 2025
1031 1074 1555848
648 657 84
1031 1072 1555848
216 227 15
1168 1194 144
1011 1061 1555848
401 419 75
1296 1326 2160
508 539 5880
1317 1357 2592
1325 1357 1296
1390 1415 28
1486 1501 8
1166 1191 288
586 594 52865285235
627 645 14
872 962 8401579200
15 42 20
134 145 30
2 5 15417050166
885 964 466754400
1199 1228 1543500
948 1035 201600
1458 1475 42
1115 1168 31116960
831 956 4800902400
564 582 17010
759 774 18
1080 1138 27005076
1309 1352 8640
664 677 21600838040
309 336 120
1295 1310 60
506 527 490
1258 1268 60
251 295 360
670 683 14
638 654 56
339 392 75600
782 784 95632580009
652 657 84
128 138 12
915 1023 46675440000
1073 1075 54181160937
422 462 108
48 56 42
437 468 12
489 497 294
634 652 28
202 212 9
1080 1125 1285956
1440 1463 2
1229 1240 12
1482 1497 16
348 392 15120
404 442 2025
636 653 196
228 236 98
1418 1452 61740
500 512 15
1080 1137 27005076
702 715 40
1127 1187 10160640
1087 1163 560105280
1390 1433 38416
1374 1381 21
150 175 16
29 48 140
54 56 42
1125 1172 2963520
214 227 30
76 91 270
760 781 18
819 937 228614400
1388 1390 45954844565
454 472 18
1297 1331 1440
217 232 735
724 759 12348
218 233 735
1000 1043 980
403 436 2025
403 435 2025
681 694 1029
1086 1161 1680315840
1175 1215 926100
1200 1228 1543500
256 324 7200
1174 1212 926100
